   0.00000  13.89914  17.63805  18.31991  17.66420  17.93524  19.08848  16.49999  18.68000  14.17248  16.27607  15.45898  16.07816  18.33509  15.97627  12.93949   9.78687   6.47581  18.33241   1.45126  10.11180   9.99285   2.07747  16.02041   0.40858
  13.89914   0.00000  38.38477  35.66883  30.43082  36.80369  32.87379  28.53844  32.72991  29.99712  32.85044  33.17227  33.54047  38.99140  34.71190  29.91326  24.81458  20.30595  36.67943  15.50395  21.39527  28.82131  17.44733  31.35356  14.33891
  17.63805  38.38477   0.00000  42.78158  34.06641  38.12454  46.16223  35.09443  34.51132  32.57306  40.66218  35.97838  33.99895  42.29024  38.16275  35.69422  29.16920  29.15283  34.90508  19.53182  33.46021  28.65202  19.80391  34.41717  18.64095
  18.31991  35.66883  42.78158   0.00000  37.66428  42.96523  37.29960  35.29448  40.17096  36.86633  35.23886  38.00274  35.56876  32.44448  37.90288  30.07290  28.03565  25.89983  40.52692  20.40785  33.16558  30.38352  21.89241  39.07292  19.75973
  17.66420  30.43082  34.06641  37.66428   0.00000  36.64696  41.00957  40.34465  38.43851  33.69529  36.29467  40.49210  36.52971  40.89786  38.42693  35.79074  32.51973  28.12453  39.49727  19.86284  28.17592  26.21571  21.28947  36.63809  18.30657
  17.93524  36.80369  38.12454  42.96523  36.64696   0.00000  39.87332  39.11467  43.29912  35.25105  34.01057  33.58801  33.40180  39.51847  32.66274  32.81734  28.66847  22.61840  37.01383  18.66199  27.59894  28.58531  21.89518  35.63321  18.82731
  19.08848  32.87379  46.16223  37.29960  41.00957  39.87332   0.00000  35.23891  39.68621  38.60108  35.17721  39.23660  33.31312  42.21180  34.18981  34.85546  29.64820  23.00776  42.07989  19.33039  31.46118  29.47866  23.85170  39.15601  20.20673
  16.49999  28.53844  35.09443  35.29448  40.34465  39.11467  35.23891   0.00000  43.28731  32.88376  38.43248  31.67559  33.05819  36.18137  33.73057  32.03739  28.07624  23.62443  37.47025  18.89965  26.98425  29.98561  18.83215  32.59407  17.23279
  18.68000  32.72991  34.51132  40.17096  38.43851  43.29912  39.68621  43.28731   0.00000  30.56065  34.20166  36.62589  39.90469  35.75103  39.55907  30.13320  28.63648  26.68525  44.02379  21.54989  33.14121  29.69022  22.29383  35.13552  19.27690
  14.17248  29.99712  32.57306  36.86633  33.69529  35.25105  38.60108  32.88376  30.56065   0.00000  30.72012  25.08761  35.67207  29.25313  28.32711  26.85800  23.48326  21.64865  31.27298  16.77924  20.30087  23.41010  13.60175  35.99244  15.27596
  16.27607  32.85044  40.66218  35.23886  36.29467  34.01057  35.17721  38.43248  34.20166  30.72012   0.00000  34.50459  34.39604  33.33084  33.47758  29.22110  27.07898  21.75348  32.88089  16.19269  27.76157  24.92589  17.91714  35.00950  16.54214
  15.45898  33.17227  35.97838  38.00274  40.49210  33.58801  39.23660  31.67559  36.62589  25.08761  34.50459   0.00000  29.61739  35.21269  30.31205  28.44403  24.14108  21.69422  30.55613  16.18261  23.54850  27.97231  17.32920  31.51431  16.03180
  16.07816  33.54047  33.99895  35.56876  36.52971  33.40180  33.31312  33.05819  39.90469  35.67207  34.39604  29.61739   0.00000  36.49029  33.72175  29.85554  27.06491  20.58594  38.23994  16.07971  24.60580  26.23568  17.52787  38.71677  17.71795
  18.33509  38.99140  42.29024  32.44448  40.89786  39.51847  42.21180  36.18137  35.75103  29.25313  33.33084  35.21269  36.49029   0.00000  33.49273  26.87614  26.80631  27.83886  34.16155  20.93306  28.92357  26.87813  19.42591  31.88998  18.25147
  15.97627  34.71190  38.16275  37.90288  38.42693  32.66274  34.18981  33.73057  39.55907  28.32711  33.47758  30.31205  33.72175  33.49273   0.00000  27.82438  23.01619  19.70901  30.65880  15.37728  23.86054  22.63860  12.42345  31.68457  16.03343
  12.93949  29.91326  35.69422  30.07290  35.79074  32.81734  34.85546  32.03739  30.13320  26.85800  29.22110  28.44403  29.85554  26.87614  27.82438   0.00000  19.97972  17.72296  29.10160  14.64991  21.91630  21.11297  13.13873  26.45907  12.58643
   9.78687  24.81458  29.16920  28.03565  32.51973  28.66847  29.64820  28.07624  28.63648  23.48326  27.07898  24.14108  27.06491  26.80631  23.01619  19.97972   0.00000  13.54305  26.19094  10.50858  17.73908  18.37236   9.33446  29.29897  10.54797
   6.47581  20.30595  29.15283  25.89983  28.12453  22.61840  23.00776  23.62443  26.68525  21.64865  21.75348  21.69422  20.58594  27.83886  19.70901  17.72296  13.54305   0.00000  24.65767   7.78020  14.31606  16.13584   8.00805  23.02744   6.92460
  18.33241  36.67943  34.90508  40.52692  39.49727  37.01383  42.07989  37.47025  44.02379  31.27298  32.88089  30.55613  38.23994  34.16155  30.65880  29.10160  26.19094  24.65767   0.00000  19.51744  26.22536  20.39539  17.73627  34.70549  18.43657
   1.45126  15.50395  19.53182  20.40785  19.86284  18.66199  19.33039  18.89965  21.54989  16.77924  16.19269  16.18261  16.07971  20.93306  15.37728  14.64991  10.50858   7.78020  19.51744   0.00000  11.88410  10.72141   3.75650  18.91195   2.03396
  10.11180  21.39527  33.46021  33.16558  28.17592  27.59894  31.46118  26.98425  33.14121  20.30087  27.76157  23.54850  24.60580  28.92357  23.86054  21.91630  17.73908  14.31606  26.22536  11.88410   0.00000  17.33890  10.51683  27.29577  10.45303
   9.99285  28.82131  28.65202  30.38352  26.21571  28.58531  29.47866  29.98561  29.69022  23.41010  24.92589  27.97231  26.23568  26.87813  22.63860  21.11297  18.37236  16.13584  20.39539  10.72141  17.33890   0.00000   9.34582  25.43449   9.97090
   2.07747  17.44733  19.80391  21.89241  21.28947  21.89518  23.85170  18.83215  22.29383  13.60175  17.91714  17.32920  17.52787  19.42591  12.42345  13.13873   9.33446   8.00805  17.73627   3.75650  10.51683   9.34582   0.00000  18.40314   2.36945
  16.02041  31.35356  34.41717  39.07292  36.63809  35.63321  39.15601  32.59407  35.13552  35.99244  35.00950  31.51431  38.71677  31.88998  31.68457  26.45907  29.29897  23.02744  34.70549  18.91195  27.29577  25.43449  18.40314   0.00000  11.44961
   0.40858  14.33891  18.64095  19.75973  18.30657  18.82731  20.20673  17.23279  19.27690  15.27596  16.54214  16.03180  17.71795  18.25147  16.03343  12.58643  10.54797   6.92460  18.43657   2.03396  10.45303   9.97090   2.36945  11.44961   0.00000
