125000000	0
125010000	1
125020000	2
125030000	3
125040000	4
125050000	5
125060000	6
125070000	7
125080000	8
125090000	9
125100000	10
125110000	11
125120000	12
125130000	13
125140000	14
125150000	15
125160000	16
125170000	17
125180000	18
125190000	19
125200000	20
125210000	21
125220000	22
125230000	23
125240000	24
125250000	25
125260000	26
125270000	27
125280000	28
125290000	29
125300000	30
125310000	31
125320000	32
125330000	33
125340000	34
125350000	35
125360000	36
125370000	37
125380000	38
125390000	39
125400000	40
125410000	41
125420000	42
125430000	43
125440000	44
125450000	45
125460000	46
125470000	47
125480000	48
125490000	49
125500000	50
125510000	51
125520000	52
125530000	53
125540000	54
125550000	55
125560000	56
125570000	57
125580000	58
125590000	59
125600000	60
125610000	61
125620000	62
125630000	63
125640000	64
125650000	65
125660000	66
125670000	67
125680000	68
125690000	69
125700000	70
125710000	71
125720000	72
125730000	73
125740000	74
125750000	75
125760000	76
125770000	77
125780000	78
125790000	79
125800000	80
125810000	81
125820000	82
125830000	83
125840000	84
125850000	85
125860000	86
125870000	87
125880000	88
125890000	89
125900000	90
125910000	91
125920000	92
125930000	93
125940000	94
125950000	95
125960000	96
125970000	97
125980000	98
125990000	99
126000000	100
126010000	101
126020000	102
126030000	103
126040000	104
126050000	105
126060000	106
126070000	107
126080000	108
126090000	109
126100000	110
126110000	111
126120000	112
126130000	113
126140000	114
126150000	115
126160000	116
126170000	117
126180000	118
126190000	119
126200000	120
126210000	121
126220000	122
126230000	123
126240000	124
126250000	125
126260000	126
126270000	127
126280000	128
126290000	129
126300000	130
126310000	131
126320000	132
126330000	133
126340000	134
126350000	135
126360000	136
126370000	137
126380000	138
126390000	139
126400000	140
126410000	141
126420000	142
126430000	143
126440000	144
126450000	145
126460000	146
126470000	147
126480000	148
126490000	149
126500000	150
126510000	151
126520000	152
126530000	153
126540000	154
126550000	155
126560000	156
126570000	157
126580000	158
126590000	159
126600000	160
126610000	161
126620000	162
126630000	163
126640000	164
126650000	165
126660000	166
126670000	167
126680000	168
126690000	169
126700000	170
126710000	171
126720000	172
126730000	173
126740000	174
126750000	175
126760000	176
126770000	177
126780000	178
126790000	179
126800000	180
126810000	181
126820000	182
126830000	183
126840000	184
126850000	185
126860000	186
126870000	187
126880000	188
126890000	189
126900000	190
126910000	191
126920000	192
126930000	193
126940000	194
126950000	195
126960000	196
126970000	197
126980000	198
126990000	199
127000000	200
127010000	201
127020000	202
127030000	203
127040000	204
127050000	205
127060000	206
127070000	207
127080000	208
127090000	209
127100000	210
127110000	211
127120000	212
127130000	213
127140000	214
127150000	215
127160000	216
127170000	217
127180000	218
127190000	219
127200000	220
127210000	221
127220000	222
127230000	223
127240000	224
127250000	225
127260000	226
127270000	227
127280000	228
127290000	229
127300000	230
127310000	231
127320000	232
127330000	233
127340000	234
127350000	235
127360000	236
127370000	237
127380000	238
127390000	239
127400000	240
127410000	241
127420000	242
127430000	243
127440000	244
127450000	245
127460000	246
127470000	247
127480000	248
127490000	249
127500000	250
127510000	251
127520000	252
127530000	253
127540000	254
127550000	255
127560000	256
127570000	257
127580000	258
127590000	259
127600000	260
127610000	261
127620000	262
127630000	263
127640000	264
127650000	265
127660000	266
127670000	267
127680000	268
127690000	269
127700000	270
127710000	271
127720000	272
127730000	273
127740000	274
127750000	275
127760000	276
127770000	277
127780000	278
127790000	279
127800000	280
127810000	281
127820000	282
127830000	283
127840000	284
127850000	285
127860000	286
127870000	287
127880000	288
127890000	289
127900000	290
127910000	291
127920000	292
127930000	293
127940000	294
127950000	295
127960000	296
127970000	297
127980000	298
127990000	299
128000000	300
128010000	301
128020000	302
128030000	303
128040000	304
128050000	305
128060000	306
128070000	307
128080000	308
128090000	309
128100000	310
128110000	311
128120000	312
128130000	313
128140000	314
128150000	315
128160000	316
128170000	317
128180000	318
128190000	319
128200000	320
128210000	321
128220000	322
128230000	323
128240000	324
128250000	325
128260000	326
128270000	327
128280000	328
128290000	329
128300000	330
128310000	331
128320000	332
128330000	333
128340000	334
128350000	335
128360000	336
128370000	337
128380000	338
128390000	339
128400000	340
128410000	341
128420000	342
128430000	343
128440000	344
128450000	345
128460000	346
128470000	347
128480000	348
128490000	349
128500000	350
128510000	351
128520000	352
128530000	353
128540000	354
128550000	355
128560000	356
128570000	357
128580000	358
128590000	359
128600000	360
128610000	361
128620000	362
128630000	363
128640000	364
128650000	365
128660000	366
128670000	367
128680000	368
128690000	369
128700000	370
128710000	371
128720000	372
128730000	373
128740000	374
128750000	375
128760000	376
128770000	377
128780000	378
128790000	379
128800000	380
128810000	381
128820000	382
128830000	383
128840000	384
128850000	385
128860000	386
128870000	387
128880000	388
128890000	389
128900000	390
128910000	391
128920000	392
128930000	393
128940000	394
128950000	395
128960000	396
128970000	397
128980000	398
128990000	399
129000000	400
129010000	401
129020000	402
129030000	403
129040000	404
129050000	405
129060000	406
129070000	407
129080000	408
129090000	409
129100000	410
129110000	411
129120000	412
129130000	413
129140000	414
129150000	415
129160000	416
129170000	417
129180000	418
129190000	419
129200000	420
129210000	421
129220000	422
129230000	423
129240000	424
129250000	425
129260000	426
129270000	427
129280000	428
129290000	429
129300000	430
129310000	431
129320000	432
129330000	433
129340000	434
129350000	435
129360000	436
129370000	437
129380000	438
129390000	439
129400000	440
129410000	441
129420000	442
129430000	443
129440000	444
129450000	445
129460000	446
129470000	447
129480000	448
129490000	449
129500000	450
129510000	451
129520000	452
129530000	453
129540000	454
129550000	455
129560000	456
129570000	457
129580000	458
129590000	459
129600000	460
129610000	461
129620000	462
129630000	463
129640000	464
129650000	465
129660000	466
129670000	467
129680000	468
129690000	469
129700000	470
129710000	471
129720000	472
129730000	473
129740000	474
129750000	475
129760000	476
129770000	477
129780000	478
129790000	479
129800000	480
129810000	481
129820000	482
129830000	483
129840000	484
129850000	485
129860000	486
129870000	487
129880000	488
129890000	489
129900000	490
129910000	491
129920000	492
129930000	493
129940000	494
129950000	495
129960000	496
129970000	497
129980000	498
129990000	499
130000000	500
130010000	501
130020000	502
130030000	503
130040000	504
130050000	505
130060000	506
130070000	507
130080000	508
130090000	509
130100000	510
130110000	511
130120000	512
130130000	513
130140000	514
130150000	515
130160000	516
130170000	517
130180000	518
130190000	519
130200000	520
130210000	521
130220000	522
130230000	523
130240000	524
130250000	525
130260000	526
130270000	527
130280000	528
130290000	529
130300000	530
130310000	531
130320000	532
130330000	533
130340000	534
130350000	535
130360000	536
130370000	537
130380000	538
130390000	539
130400000	540
130410000	541
130420000	542
130430000	543
130440000	544
130450000	545
130460000	546
130470000	547
130480000	548
130490000	549
130500000	550
130510000	551
130520000	552
130530000	553
130540000	554
130550000	555
130560000	556
130570000	557
130580000	558
130590000	559
130600000	560
130610000	561
130620000	562
130630000	563
130640000	564
130650000	565
130660000	566
130670000	567
130680000	568
130690000	569
130700000	570
130710000	571
130720000	572
130730000	573
130740000	574
130750000	575
130760000	576
130770000	577
130780000	578
130790000	579
130800000	580
130810000	581
130820000	582
130830000	583
130840000	584
130850000	585
130860000	586
130870000	587
130880000	588
130890000	589
130900000	590
130910000	591
130920000	592
130930000	593
130940000	594
130950000	595
130960000	596
130970000	597
130980000	598
130990000	599
131000000	600
131010000	601
131020000	602
131030000	603
131040000	604
131050000	605
131060000	606
131070000	607
131080000	608
131090000	609
131100000	610
131110000	611
131120000	612
131130000	613
131140000	614
131150000	615
131160000	616
131170000	617
131180000	618
131190000	619
131200000	620
131210000	621
131220000	622
131230000	623
131240000	624
131250000	625
131260000	626
131270000	627
131280000	628
131290000	629
131300000	630
131310000	631
131320000	632
131330000	633
131340000	634
131350000	635
131360000	636
131370000	637
131380000	638
131390000	639
131400000	640
131410000	641
131420000	642
131430000	643
131440000	644
131450000	645
131460000	646
131470000	647
131480000	648
131490000	649
131500000	650
131510000	651
131520000	652
131530000	653
131540000	654
131550000	655
131560000	656
131570000	657
131580000	658
131590000	659
131600000	660
131610000	661
131620000	662
131630000	663
131640000	664
131650000	665
131660000	666
131670000	667
131680000	668
131690000	669
131700000	670
131710000	671
131720000	672
131730000	673
131740000	674
131750000	675
131760000	676
131770000	677
131780000	678
131790000	679
131800000	680
131810000	681
131820000	682
131830000	683
131840000	684
131850000	685
131860000	686
131870000	687
131880000	688
131890000	689
131900000	690
131910000	691
131920000	692
131930000	693
131940000	694
131950000	695
131960000	696
131970000	697
131980000	698
131990000	699
132000000	700
132010000	701
132020000	702
132030000	703
132040000	704
132050000	705
132060000	706
132070000	707
132080000	708
132090000	709
132100000	710
132110000	711
132120000	712
132130000	713
132140000	714
132150000	715
132160000	716
132170000	717
132180000	718
132190000	719
132200000	720
132210000	721
132220000	722
132230000	723
132240000	724
132250000	725
132260000	726
132270000	727
132280000	728
132290000	729
132300000	730
132310000	731
132320000	732
132330000	733
132340000	734
132350000	735
132360000	736
132370000	737
132380000	738
132390000	739
132400000	740
132410000	741
132420000	742
132430000	743
132440000	744
132450000	745
132460000	746
132470000	747
132480000	748
132490000	749
132500000	750
132510000	751
132520000	752
132530000	753
132540000	754
132550000	755
132560000	756
132570000	757
132580000	758
132590000	759
132600000	760
132610000	761
132620000	762
132630000	763
132640000	764
132650000	765
132660000	766
132670000	767
132680000	768
132690000	769
132700000	770
132710000	771
132720000	772
132730000	773
132740000	774
132750000	775
132760000	776
132770000	777
132780000	778
132790000	779
132800000	780
132810000	781
132820000	782
132830000	783
132840000	784
132850000	785
132860000	786
132870000	787
132880000	788
132890000	789
132900000	790
132910000	791
132920000	792
132930000	793
132940000	794
132950000	795
132960000	796
132970000	797
132980000	798
132990000	799
133000000	800
133010000	801
133020000	802
133030000	803
133040000	804
133050000	805
133060000	806
133070000	807
133080000	808
133090000	809
133100000	810
133110000	811
133120000	812
133130000	813
133140000	814
133150000	815
133160000	816
133170000	817
133180000	818
133190000	819
133200000	820
133210000	821
133220000	822
133230000	823
133240000	824
133250000	825
133260000	826
133270000	827
133280000	828
133290000	829
133300000	830
133310000	831
133320000	832
133330000	833
133340000	834
133350000	835
133360000	836
133370000	837
133380000	838
133390000	839
133400000	840
133410000	841
133420000	842
133430000	843
133440000	844
133450000	845
133460000	846
133470000	847
133480000	848
133490000	849
133500000	850
133510000	851
133520000	852
133530000	853
133540000	854
133550000	855
133560000	856
133570000	857
133580000	858
133590000	859
133600000	860
133610000	861
133620000	862
133630000	863
133640000	864
133650000	865
133660000	866
133670000	867
133680000	868
133690000	869
133700000	870
133710000	871
133720000	872
133730000	873
133740000	874
133750000	875
133760000	876
133770000	877
133780000	878
133790000	879
133800000	880
133810000	881
133820000	882
133830000	883
133840000	884
133850000	885
133860000	886
133870000	887
133880000	888
133890000	889
133900000	890
133910000	891
133920000	892
133930000	893
133940000	894
133950000	895
133960000	896
133970000	897
133980000	898
133990000	899
134000000	900
134010000	901
134020000	902
134030000	903
134040000	904
134050000	905
134060000	906
134070000	907
134080000	908
134090000	909
134100000	910
134110000	911
134120000	912
134130000	913
134140000	914
134150000	915
134160000	916
134170000	917
134180000	918
134190000	919
134200000	920
134210000	921
134220000	922
134230000	923
134240000	924
134250000	925
134260000	926
134270000	927
134280000	928
134290000	929
134300000	930
134310000	931
134320000	932
134330000	933
134340000	934
134350000	935
134360000	936
134370000	937
134380000	938
134390000	939
134400000	940
134410000	941
134420000	942
134430000	943
134440000	944
134450000	945
134460000	946
134470000	947
134480000	948
134490000	949
134500000	950
134510000	951
134520000	952
134530000	953
134540000	954
134550000	955
134560000	956
134570000	957
134580000	958
134590000	959
134600000	960
134610000	961
134620000	962
134630000	963
134640000	964
134650000	965
134660000	966
134670000	967
134680000	968
134690000	969
134700000	970
134710000	971
134720000	972
134730000	973
134740000	974
134750000	975
134760000	976
134770000	977
134780000	978
134790000	979
134800000	980
134810000	981
134820000	982
134830000	983
134840000	984
134850000	985
134860000	986
134870000	987
134880000	988
134890000	989
134900000	990
134910000	991
134920000	992
134930000	993
134940000	994
