29	30	8616.857773440759
29	31	3284.085050881052
29	32	1488.075018142384
29	34	329.47765659251803
29	40	236.3342408691307
29	42	556.7598083833471
29	44	279.8839572960212
29	48	290.78714943762344
29	49	240.82066156328446
29	52	250.93793117607748
29	53	319.46957619844244
29	54	208.41975205649186
29	66	236.34617779665567
29	67	247.1086623064716
29	71	292.09174072711204
29	72	272.15302118744387
29	77	301.3021125358749
29	94	282.08970940931033
30	31	2814.103978876759
30	32	1632.1517678787316
30	33	391.9306504951221
30	34	112.93061781323226
30	35	35.400781621824606
30	36	50.059865653982094
30	38	71.81449056091164
30	40	40.50255199062001
30	41	75.8852182146907
30	42	95.41652958286834
30	43	65.8149257521287
30	45	54.84928146128849
30	47	100.38591094727212
30	48	49.834596946209494
30	50	89.27415848566318
30	51	124.56387331427202
30	52	172.02122835016144
30	53	438.001131679056
30	54	142.8744613983321
30	55	44.43429380556261
30	57	41.05619226720454
30	58	85.52785207618808
30	61	45.516947527296274
30	62	45.676373930235314
30	63	84.02216260862167
30	64	160.92769677883
30	65	120.02035469434124
30	66	243.02758632324066
30	67	127.04716090559144
30	68	75.29401491007276
30	70	32.5535041354053
30	72	46.64111239028055
30	86	166.7318695275446
30	87	56.621606235960265
30	91	64.88560089515609
30	92	201.85150677830953
30	93	91.17424583963297
30	94	96.6880895409162
30	95	267.44998924936397
30	96	322.2008512517372
30	97	56.128389976291594
30	99	82.84880378957898
31	32	2876.9859955321012
31	33	497.9129761568391
31	34	172.1619473554804
31	35	161.90474168836013
31	36	152.6318393050261
31	39	79.10659652949167
31	40	246.98344376735292
31	42	218.19276110827627
31	43	200.66880004645097
31	44	73.12387677510178
31	46	105.55243665348769
31	47	229.5564424917791
31	48	75.97249906242537
31	49	125.83601111818675
31	50	68.04891919936297
31	51	126.59784337903828
31	52	131.12258762377672
31	53	333.86485097637933
31	54	381.16947787507195
31	55	67.73977419996785
31	56	137.93261307867417
31	57	62.589881722003206
31	62	139.26663355320812
31	63	64.04560346797376
31	64	183.9998722049143
31	65	243.96026972533036
31	66	308.74489821490477
31	67	322.80419976782173
31	68	286.9630150383327
31	69	68.3192865623704
31	70	49.62759235466941
31	73	112.5702628545226
31	74	93.68937231680802
31	75	679.9780301973967
31	78	129.4145147642651
31	79	62.65324240832077
31	81	90.09136926152905
31	84	81.23334904315273
31	85	201.0728128333479
31	87	172.6384957549739
31	89	70.50258987901479
31	90	199.38201261982687
31	92	76.93030720212685
31	94	221.10048767697555
31	95	305.79424690779734
31	96	687.6701632498305
31	97	256.7020292821054
32	33	2752.4770409946855
32	34	312.03807322637886
32	35	268.99327861811275
32	36	207.48027851676648
32	37	187.12569971433234
32	38	49.60757254826412
32	39	286.7563981440217
32	40	251.80293608074763
32	41	52.41952478564434
32	42	131.822488097189
32	43	45.46323003207976
32	44	33.13367728211219
32	45	151.55379857513182
32	46	95.65522307231053
32	47	312.04783248618065
32	48	172.12218342799088
32	49	171.05533650855088
32	50	185.00476404576537
32	51	229.45457883932627
32	52	178.24165078461758
32	53	302.5597305819662
32	54	370.1022847419101
32	55	92.08214538766539
32	56	187.49886726397008
32	57	113.44217695025463
32	58	118.16080831675646
32	60	74.27877380438272
32	61	62.88383469686261
32	62	157.76022469754216
32	63	203.14109633721785
32	64	111.16464561159351
32	65	303.9920516918389
32	66	335.7542057486022
32	67	292.536190697682
32	68	182.03897949769654
32	69	92.86990623037477
32	70	44.97421914390963
32	71	69.15775786167286
32	73	51.00750842923428
32	74	84.90450900616801
32	75	34.23440636341926
32	77	35.66923612782667
32	78	58.63992661396112
32	80	39.439286989665256
32	84	36.808217649880696
32	85	60.73968343807477
32	86	38.391338800349516
32	87	78.22545052428458
32	88	83.70192416280128
32	89	127.7837097061452
32	91	44.82127671732254
32	92	139.4337436396389
32	93	251.9231413992474
32	94	233.7636154830103
32	95	92.37373015594277
32	96	400.6222638597828
32	97	348.94821928229544
32	98	43.252990054574866
32	100	262.4495771784293
33	34	2747.436770673729
33	35	469.7723145337637
33	36	531.4399937208693
33	37	659.0426902940449
33	38	571.791772423421
33	39	413.1550404653484
33	40	465.8102587553369
33	41	67.13368644500498
33	42	295.44386051542773
33	43	58.22475961450588
33	44	169.73720464070126
33	45	145.57121465757783
33	46	122.50564610845444
33	47	133.21322177589184
33	48	44.08737675412461
33	49	146.0470485996568
33	50	276.42487253074495
33	51	257.12967325898023
33	52	190.2284047808909
33	53	145.30809488569756
33	54	315.99333566447217
33	55	157.2394739280262
33	56	200.10816922330247
33	57	181.60674787113936
33	58	37.83213739567271
33	59	51.50189669302352
33	60	237.82206775501498
33	61	40.267664179157514
33	62	242.4522275235611
33	63	185.83057582571556
33	64	142.36856386577946
33	65	176.96483031940298
33	66	179.16684085026324
33	67	337.1859947678016
33	68	199.83199259667364
33	69	118.93849077308757
33	70	172.7954500806367
33	71	88.57034188140166
33	72	41.262183707460885
33	73	130.65063413802451
33	74	54.36860319409251
33	75	43.84400491669624
33	77	45.68159142476906
33	78	112.65023278705547
33	79	72.71623645428497
33	80	151.52968691756564
33	81	52.28065665793551
33	82	89.08995134671315
33	83	101.79767293613662
33	84	47.14028508292233
33	86	98.3355767442002
33	87	200.36667211278373
33	88	53.59852797757494
33	89	163.65259958520713
33	90	57.85139370723571
33	91	229.61043996565076
33	92	133.92959870823162
33	93	120.98923959223931
33	94	213.84361931471082
33	95	236.60607612920893
33	96	114.0170980812192
33	97	198.62132952801326
33	98	276.9705261547857
33	99	73.29419018362374
34	35	1705.534227132218
34	36	1033.6189973420285
34	37	517.8984279007933
34	38	768.8598075735907
34	39	476.18479348160224
34	40	495.575022916014
34	41	232.12622975239623
34	42	145.9353994704688
34	43	452.9746979098149
34	44	256.76677400960295
34	45	335.5582868383206
34	46	105.89606820501304
34	47	153.53585043746352
34	48	114.32974733919684
34	49	284.05277307305454
34	50	204.81136818668736
34	51	349.27747076065145
34	52	164.4368301961702
34	53	209.34485355792933
34	54	163.89016941911487
34	55	67.96030462490458
34	56	242.16790501857696
34	57	219.77776239666557
34	58	163.51387586033462
34	59	311.63411456518156
34	60	205.5776423998164
34	61	34.80808801740887
34	62	209.58003518925563
34	63	257.0164292972452
34	64	153.83241128365307
34	65	152.97155957041875
34	66	92.9250100781118
34	67	129.54204237917372
34	68	201.5280668394493
34	69	239.8959626718048
34	70	149.36747283513333
34	71	38.28089260682226
34	72	178.33884228914354
34	73	282.3418532779288
34	74	46.99719151683711
34	75	75.79908163463779
34	76	57.20707393650003
34	77	78.97596682112491
34	78	162.29478821963397
34	80	130.98496739244905
34	81	135.57699973314618
34	83	43.99786319568158
34	84	40.74890425805763
34	85	100.86370801592709
34	86	85.00302861685384
34	87	216.50066190910957
34	88	138.99457424297123
34	89	141.46422959363323
34	90	200.03111132863
34	91	297.7190470428557
34	92	192.9518947358152
34	93	34.861753110790495
34	94	110.91014601617448
34	97	42.92295605716027
34	98	95.7673075818875
34	99	126.71361376837916
35	36	1440.05510696063
35	37	681.8597109946547
35	38	2651.1908409372822
35	39	1094.657093214574
35	40	3068.1575483592296
35	41	836.802954463008
35	42	228.73456763418807
35	43	315.5459258810072
35	44	137.98223577756184
35	45	315.566120082731
35	46	66.3912702823982
35	47	457.2298245512911
35	48	215.03623181419275
35	49	237.44821693219578
35	50	256.81193140929935
35	51	218.97862081082525
35	52	61.85595115844699
35	53	26.249644562602565
35	54	119.87561174016875
35	55	85.21507982885738
35	56	21.68950733398614
35	57	78.73663339465018
35	58	102.5146080603215
35	59	167.46704100685693
35	60	180.4409311196093
35	61	65.46852641695816
35	62	153.29494756082616
35	63	80.5678979103141
35	64	96.44483849913682
35	65	57.543077825880275
35	66	58.25909842230048
35	67	40.60802678660018
35	68	90.24822020455143
35	69	64.45806980117324
35	70	62.43037113960678
35	71	24.000108132349762
35	72	44.72363320362831
35	73	35.40270117813649
35	75	23.761020599084784
35	76	107.59748795669219
35	77	24.756890637733818
35	78	40.70012166742262
35	80	27.37356391188949
35	82	24.140907897701954
35	83	27.584348283992277
35	84	51.094843503929184
35	86	79.9386484793514
35	87	54.29381545421861
35	88	145.23715725508438
35	89	44.34531924291751
35	90	125.40899584106441
35	91	31.109033060248187
35	92	24.19413980527735
35	93	21.856487332616215
35	94	46.356555731383345
35	95	64.11368965331268
35	96	30.895473865847094
35	97	26.910437990893467
35	98	90.06160440599353
35	99	39.72138872932031
36	37	3076.2906587280445
36	38	730.3286759395266
36	39	773.9714281421839
36	40	604.115639802641
36	41	617.3812611827697
36	42	161.7255495576599
36	43	312.34707688591016
36	44	260.158933167277
36	45	260.30588864064555
36	46	375.53273327444856
36	47	306.267059137266
36	48	270.2937149642804
36	49	363.75405856989437
36	50	60.52583302079667
36	51	140.75241788014299
36	52	87.46983718272408
36	53	111.35802261517789
36	54	217.94762185936543
36	55	60.25086526476541
36	56	153.3544986009153
36	57	194.84610057943368
36	58	202.95073103127953
36	59	236.81334675171354
36	60	182.25684687617533
36	61	216.01612926624796
36	62	123.87013793877964
36	63	199.37785072701934
36	64	81.82896710155862
36	65	54.24736616993209
36	66	137.30594383601274
36	67	28.711687596857516
36	68	25.523808071763035
36	69	182.29893049995866
36	70	176.56423663587069
36	71	169.6914776499827
36	72	252.972840367165
36	73	100.12516014661125
36	75	67.20040882641828
36	76	50.7174846105154
36	77	35.00845355503624
36	78	115.10721115409966
36	79	55.72667035471471
36	80	77.41732634102075
36	81	40.0657000632369
36	82	68.27479793645603
36	83	39.00673109062469
36	84	108.37900537776625
36	85	59.61446381888102
36	86	37.680128514419906
36	87	38.388151090300084
36	88	205.37830653419854
36	89	282.1870816966491
36	90	44.33487902953715
36	91	175.9638001343901
36	92	171.06336818932587
36	94	163.88077081659478
36	95	90.66248097606268
36	96	87.37791653405729
36	97	152.21504708898527
36	98	127.35514895936392
36	100	515.1752507546494
37	38	1317.3614906983164
37	39	1380.219375404324
37	40	965.8698739755205
37	41	904.8225673607285
37	42	437.5790340736765
37	43	60.36528841312627
37	44	351.9545767268762
37	45	503.0762637540963
37	46	317.52336585563364
37	47	184.14742241809785
37	48	274.249020254729
37	49	189.27025781158687
37	50	204.70509778900347
37	52	78.88872428152732
37	53	150.65008622812317
37	54	32.76102635769304
37	55	40.755025252301785
37	56	124.47887217359552
37	57	112.96991642998583
37	58	196.1148401723793
37	59	213.58108600402724
37	60	197.25213542949044
37	61	125.24409776827127
37	63	154.12984276746647
37	64	36.900622156365536
37	65	146.77649978377002
37	66	74.30143529042809
37	68	103.58922859565253
37	69	82.2073672950027
37	70	89.57398235436344
37	71	229.56617888672167
37	72	385.0120245910222
37	73	135.45377023995167
37	74	169.1021019662167
37	75	181.82340430468824
37	77	142.0829794635908
37	78	38.930538812118755
37	79	113.08427758935075
37	80	209.4672052345854
37	81	54.202661178486885
37	82	138.54777529427244
37	83	52.77004084911699
37	84	146.61993920187788
37	85	282.2718441245729
37	86	101.9507077527869
37	88	166.70694501652812
37	89	84.8344968611746
37	90	59.97819637830785
37	91	119.02582786909599
37	92	92.5688533721598
37	94	133.02311773244264
37	96	59.10436604005993
37	98	114.86114020196706
37	100	348.475997176178
38	39	1362.662850691745
38	40	1615.115776643372
38	41	2583.2274453956134
38	42	278.4083688817626
38	43	128.024121933791
38	44	233.26047981450304
38	45	426.77438392787025
38	46	336.7055072190293
38	47	244.0901124759793
38	48	242.34740231992498
38	49	200.7044048119021
38	50	173.65735235423338
38	51	201.91950285197845
38	52	83.65452996347587
38	53	53.25037372639999
38	54	138.96070882290095
38	55	172.8684301682508
38	56	131.99885835274063
38	57	79.86308432147337
38	58	124.77748821189293
38	60	52.29212040100708
38	61	88.54020837515064
38	62	88.85032686295693
38	63	40.860273972880194
38	64	156.51941288006944
38	66	157.58022965743024
38	67	41.188988245555976
38	69	43.58682900015287
38	70	94.98530314763362
38	71	194.74773831298302
38	72	45.363474861838576
38	74	59.77261847686777
38	75	144.60575540416053
38	76	145.5157848468179
38	77	50.22215350836097
38	79	39.971965466347974
38	80	55.53037128008599
38	81	114.95427730519458
38	86	162.16459223121515
38	87	110.1411471334103
38	89	134.93924558122197
38	90	63.60158402585916
38	91	63.108193056649306
38	92	49.08054977838729
38	94	94.0395178105264
38	95	130.06187290936896
38	97	54.59086795398925
38	98	121.80010238693175
38	99	161.15866176575798
39	40	1793.227976021283
39	41	1546.5634890947467
39	42	603.5019728509523
39	43	462.52686578042795
39	44	337.0903451924064
39	45	424.0100942171998
39	46	437.9231242781274
39	47	246.91835597958772
39	48	315.1998684583197
39	49	290.04277601367625
39	50	219.5868746593277
39	51	145.89937174865707
39	52	120.89117884316096
39	53	76.95339937280178
39	54	50.20386794898113
39	55	93.68112663891661
39	56	158.96227814542127
39	57	375.0892252354921
39	58	240.42527682378696
39	59	163.64866779621283
39	60	37.78430219048706
39	61	255.9031810988452
39	62	160.49968781954635
39	63	118.0963347852817
39	64	113.09498925624474
39	65	56.23105281183973
39	66	28.465373802799643
39	67	59.523200316066436
39	68	132.28574039398032
39	69	94.48256673304496
39	70	45.755184149644684
39	71	105.53799509710528
39	72	65.55585160617272
39	73	155.6797195561905
39	74	86.37885256621438
39	75	104.48663237930634
39	76	157.7162776908212
39	77	36.288622650314096
39	78	59.65819288953198
39	79	57.76445134548858
39	80	40.124139413484194
39	81	41.53079965471112
39	82	106.15714751356411
39	83	80.86621382145131
39	84	149.78952909901142
39	85	61.79441141618102
39	86	78.11598778138075
39	87	278.5433492166118
39	88	170.3107703323937
39	89	130.00263885006603
39	90	91.91218302864743
39	91	91.19917183936234
39	92	106.39122932560099
39	93	64.07442944921308
39	94	33.97469381192069
39	96	45.28655109101352
39	98	88.00813277656762
39	99	174.67070172549217
40	41	666.0163467450928
40	42	706.586122999261
40	43	577.6331338564488
40	44	368.35748586838343
40	45	361.04381314181285
40	46	265.8572815589506
40	47	633.2545564681092
40	48	109.34493232175741
40	49	158.47298697579424
40	50	146.91114330020434
40	51	136.65635052679016
40	52	94.36039781839085
40	53	180.19561347107867
40	54	97.9653146949981
40	55	48.74790955145751
40	56	74.44584764970983
40	57	90.08373379024597
40	58	70.3730774149017
40	59	159.6679090181393
40	60	147.46079160209763
40	61	99.87133140130192
40	62	25.055284491895282
40	63	92.17891030486433
40	64	88.27516018626041
40	65	65.83587690822212
40	66	22.21836218146308
40	67	69.6903560085377
40	68	82.60344689314788
40	69	49.1649469059512
40	70	53.57062549884862
40	71	27.458874715852556
40	72	51.16896283149953
40	74	33.711073749303694
40	75	54.37066234477687
40	76	41.03461986157866
40	77	56.64944129641637
40	78	46.565604439062035
40	79	67.63119518992612
40	80	62.636989620043515
40	81	64.83289872156178
40	82	110.4798631463555
40	83	31.559656292866404
40	84	58.45835771503749
40	85	48.233008396327826
40	86	121.94530243750106
40	87	93.17752246250267
40	88	132.93436456741432
40	89	126.84032074051962
40	90	215.22339937287902
40	91	71.18459938780592
40	92	55.361738381125335
40	93	50.012653616837504
40	94	26.518606688499705
40	95	36.67670499759956
40	96	35.34796349628498
40	97	153.94312835296319
40	98	34.34693291734945
40	99	90.89164354121583
40	100	208.4095922654203
41	42	2402.5488062060003
41	43	1014.6077435060583
41	44	591.5582419909983
41	45	281.85352111949385
41	46	355.79129906184045
41	47	154.75565978697105
41	48	358.5184481565664
41	49	84.83244780312798
41	50	137.6257003398826
41	53	56.268814252924635
41	54	36.70938702414241
41	55	45.666823097382164
41	56	278.9621451451401
41	57	168.78007581466971
41	58	131.8503667826964
41	59	179.49141752050204
41	60	110.51248672371574
41	61	140.33852319725528
41	62	93.8867126877038
41	64	41.3478871321006
41	65	82.23300573344386
41	66	41.62812414277576
41	68	38.69126934070349
41	69	138.17250546361927
41	70	100.36944354668775
41	71	154.34010430068082
41	72	239.6742747743882
41	73	75.88933297338535
41	74	63.160765476813154
41	75	101.86838540698758
41	76	76.88209579977811
41	77	159.2068278241665
41	78	43.62244945286561
41	79	126.71320083347173
41	81	121.47033766372178
41	82	51.748520219127634
41	85	135.5533980117386
41	87	116.38438035189519
41	88	62.26615834526092
41	89	95.05875500582297
41	90	268.8270873838838
41	92	155.5878848720075
41	93	93.70325933422443
41	95	68.71714558968905
41	96	132.4552548563025
41	97	115.37058592646345
41	98	64.3521055120753
41	99	170.29376827925617
41	100	390.4743431812634
42	43	3487.0421709710417
42	44	1580.603260257811
42	45	744.2334553243135
42	46	805.2565343365799
42	47	324.3110305000358
42	48	160.99778681759634
42	49	293.33313364970815
42	50	144.20646314957628
42	51	53.656185728886776
42	52	27.786958004209236
42	53	106.126893481318
42	54	115.39409109055303
42	55	114.84106865309023
42	56	58.46022102652537
42	57	159.16547527764212
42	58	110.52397923789276
42	59	300.9184758069159
42	61	88.22940202563127
42	62	118.05124252227237
42	63	108.5782412424644
42	64	51.98999210731158
42	65	25.849527119628302
42	66	130.85589105863176
42	67	27.362933892876676
42	68	97.2992298841485
42	69	28.955882902998557
42	70	63.10124821053294
42	71	129.37607152368807
42	72	150.68077860950956
42	73	95.42170340434028
42	75	32.02180885551337
42	77	66.72780881212618
42	78	54.84998049623107
42	79	79.66330045084587
42	81	114.5507485588031
42	82	32.53376828133973
42	83	74.3487195316796
42	84	137.717090506475
42	85	85.22104249527992
42	86	107.73022611126648
42	87	109.7545141166077
42	88	117.43830116084115
42	89	89.64370851697244
42	90	211.26106919725035
42	91	41.92444117377189
42	92	65.21101373044556
42	93	29.45514300193584
42	94	31.236469002671676
42	95	43.20177044876518
42	97	108.79847075201728
42	98	80.91502830538248
42	99	53.53097995356439
43	44	3847.9195314368317
43	45	928.9113507008941
43	46	802.2983138759245
43	47	536.8756919153786
43	48	355.3617363811587
43	49	110.36222966063205
43	50	119.36218228952576
43	51	74.02025404008218
43	52	153.33163642046583
43	53	97.6034047054613
43	54	95.51368388806632
43	55	79.21328138089969
43	57	36.595559780037085
43	58	228.70652030820344
43	59	155.6721400478056
43	60	47.92350394224417
43	61	162.28666929451705
43	62	81.42754504949448
43	63	37.446702979418454
43	64	107.58253790447675
43	65	71.3203347654574
43	67	37.747955627458765
43	68	67.11354540108167
43	69	39.945474679556455
43	70	29.016663281473452
43	71	44.619504493288936
43	72	166.29478014690278
43	73	65.81849446599857
43	74	54.77906222290535
43	75	44.17500785994144
43	77	92.05293467501357
43	78	75.66712831469108
43	79	183.16303010050433
43	80	50.89122312401444
43	81	158.0260578276497
43	82	134.64381191204149
43	83	51.283100284995996
43	84	142.48852047261087
43	85	78.37658888557159
43	86	49.5389835376637
43	88	54.003173277380384
43	89	82.44405234777444
43	90	116.5762925435907
43	91	57.835974436408435
43	92	44.98023608059228
43	93	40.63421836965287
43	94	43.091608907416784
43	96	57.438938498836215
43	97	100.06041658058847
43	98	111.62461269773723
43	99	147.69505813172864
44	45	2209.1322123643654
44	46	1529.2581169465036
44	47	521.701190285631
44	48	420.85586000792784
44	49	268.1072520303404
44	50	86.99135597857028
44	51	215.78433454596936
44	52	83.81126277254691
44	53	35.56676143394514
44	54	208.8315926340233
44	55	57.73077055613782
44	56	117.55214911621688
44	57	26.670904527686552
44	58	111.1211269830418
44	59	113.45411328017305
44	60	69.85345795819974
44	61	88.70609485589996
44	62	89.0167943731108
44	63	54.58243819981224
44	64	52.270887771503894
44	65	103.95675600239335
44	66	78.93773380439434
44	67	55.02154505664901
44	68	48.91246295085346
44	69	29.112328050047672
44	70	105.73696108815493
44	71	130.07507485237144
44	72	60.59795548161139
44	73	143.90588305876705
44	74	79.84614239787035
44	75	64.38963766227201
44	76	48.59613972957135
44	77	33.54416556226491
44	78	137.86582083287436
44	79	160.18742333250498
44	80	37.089607629890665
44	81	38.38988415116451
44	82	65.41908862413011
44	83	37.3752083533102
44	84	103.84586951691821
44	85	57.120987680945994
44	86	72.20818636322142
44	87	110.34750453440287
44	88	78.71520410292064
44	89	120.17072356644555
44	90	84.96099492151593
44	91	210.7547693942674
44	92	32.78167049087456
44	93	29.61428559115431
44	94	62.810471763356375
44	95	86.87036882008282
44	98	40.676101227796536
44	99	53.82020138944923
44	100	246.81358572048748
45	46	2520.2008521599955
45	47	1640.5584881874806
45	48	370.192165296839
45	49	275.9232314504587
45	50	331.5828366238497
45	51	308.43746316603097
45	52	95.83840579974616
45	53	325.3655036354587
45	54	79.59983044674422
45	55	132.0305847367209
45	56	134.421200647063
45	57	335.4807665788775
45	58	158.83413679178963
45	59	129.73508557798772
45	60	159.7552364407599
45	61	101.43565953399798
45	62	33.93031509092602
45	65	118.87483182804448
45	66	30.08850407845956
45	67	62.91728567768839
45	68	83.89730063495284
45	69	66.58005182448376
45	70	120.91050116140148
45	71	148.7412001172869
45	72	173.23481522533368
45	73	219.409022309024
45	74	91.30427992045473
45	77	38.35784410139269
45	78	94.58996353810387
45	79	122.11650139846556
45	80	42.41206670079145
45	81	175.5957456872829
45	82	37.403452443044536
45	83	170.954607603784
45	84	118.74803283181038
45	85	163.29501000079125
45	86	165.14051304829906
45	87	42.06089002325005
45	88	135.0165733792636
45	89	171.76943452197028
45	90	48.57656381181241
45	91	144.59918950217173
45	92	74.97185784741814
45	93	33.8640157189505
45	94	107.73591666909898
45	97	83.3890168405554
45	98	186.05292734465513
45	99	184.63063782910754
46	47	2306.2531683926513
46	48	841.1463924988824
46	49	348.3053345117016
46	50	334.8527638546309
46	51	155.73957034244688
46	52	40.32646787981943
46	53	102.67941193877341
46	54	200.9620242926585
46	55	374.997975584382
46	56	339.3670116917734
46	57	76.9975303448442
46	58	360.90110405485876
46	59	163.76809644699472
46	60	100.83167114271335
46	61	256.08993588310966
46	62	42.83115156961446
46	64	113.17752449566319
46	65	75.02945266195067
46	68	35.301941544482055
46	70	30.525717121837072
46	71	140.82002045510643
46	72	87.47159120882688
46	73	276.96592457439095
46	75	46.47239349013894
46	76	70.1472786493928
46	77	193.68056325887238
46	78	79.60230754136245
46	79	192.68869028081477
46	80	267.6894765601516
46	82	236.0769324602204
46	83	53.95015261558687
46	84	49.96628117739866
46	85	41.22633877795044
46	86	208.4613221451387
46	88	56.81168696606794
46	90	306.5975311132906
46	91	243.37527412930748
46	92	94.63899755464129
46	93	42.74746008480378
46	94	135.99795239094541
46	97	52.632102147706426
46	98	234.85962655267258
46	99	77.68807738312574
47	48	1558.3208480511335
47	49	1009.9970028224594
47	50	333.7771128935787
47	51	282.2532482298309
47	52	204.63889983980326
47	53	148.87210736396244
47	54	291.36941370890844
47	55	241.64419603959232
47	56	276.77197600869556
47	57	307.0007615597279
47	58	406.9805970436466
47	59	158.29529455938464
47	60	109.64483840000473
47	61	154.707451854913
47	62	62.09973036070707
47	63	171.3496451235926
47	64	136.74419778810122
47	65	54.391588933182014
47	66	137.67098722943072
47	68	127.95833002287351
47	69	182.7835928412022
47	70	66.38761974163629
47	71	102.08557299046814
47	72	221.93972263523048
47	73	50.19567710903961
47	74	125.32976370786231
47	75	33.68953435986598
47	76	152.55696835227144
47	77	35.10152749143713
47	78	173.11985505599546
47	79	55.87482601558311
47	80	38.81157453300254
47	81	160.6888770476485
47	82	68.45631421482933
47	83	39.11043490042097
47	84	144.88952430805077
47	85	119.54591123747024
47	86	113.34091620332546
47	87	192.4510516757406
47	88	205.92432800899536
47	89	125.74991466410661
47	90	44.45274832372485
47	91	88.21580990723999
47	92	68.60726380656284
47	93	30.98919416813734
47	94	32.863293279111836
47	95	45.45175872193508
47	97	114.4647960157277
47	98	127.69373703826679
47	99	112.63784607548156
48	49	1977.7168532978123
48	50	1385.829754956259
48	51	728.6189764906902
48	52	435.38112060761694
48	53	406.4753478460598
48	54	530.3634369397907
48	55	449.84802901404845
48	56	335.86169203799574
48	57	304.80889342130723
48	58	230.89994918871602
48	59	353.62153493512506
48	60	108.86201614702334
48	61	153.6028997594258
48	62	123.31272402610054
48	63	141.77189510569212
48	64	190.07505504852946
48	65	27.001626885092218
48	66	164.0256827784748
48	67	142.9124269928855
48	68	127.04475643693947
48	69	151.23215652202413
48	70	109.85606250353332
48	71	33.785573668086734
48	72	31.479308259219398
48	73	99.67459830657745
48	75	66.8980079133259
48	76	100.978513258223
48	77	69.70183199354035
48	78	114.58923029111959
48	80	115.6034241599906
48	81	39.8854049654183
48	82	33.98378114359156
48	83	155.3248053543231
48	84	179.8188355800076
48	86	112.531705367029
48	88	286.23574978145825
48	89	93.6390812400307
48	90	176.5414907409517
48	91	175.17196546015012
48	92	170.29358539126673
48	93	123.07177264861957
48	94	32.628661921534444
48	95	45.12725053090765
48	96	173.96943422901654
48	97	189.41260184497258
48	98	126.78205254514688
48	99	167.75048233690225
49	50	1946.1001574395539
49	51	1299.6717887669913
49	52	769.213410439355
49	53	306.02722290665355
49	54	479.1601279575181
49	55	397.38647382596747
49	56	480.4408452703574
49	57	252.433023630574
49	58	191.22398849855534
49	59	227.77852195197696
49	60	150.26009459053662
49	61	203.53445197467627
49	62	178.716427857831
49	63	211.33974780788492
49	64	179.90184069232376
49	65	223.61887939165842
49	66	67.92042481452302
49	67	142.02662785301482
49	68	147.3001929220038
49	69	150.29479007330607
49	70	145.56687089092776
49	71	111.92054694205258
49	72	52.14032226212052
49	75	55.402800826684846
49	76	83.62719058941782
49	78	71.17436491076826
49	79	22.971687764366987
49	80	63.82605086354564
49	82	112.57714343156124
49	83	96.47629491791236
49	84	148.92023609182905
49	85	221.16885080941552
49	86	62.13011770808177
49	87	63.297563991142724
49	88	135.4579069949089
49	89	103.39854213609613
49	90	73.10302170611162
49	91	217.60776924886014
49	92	141.0317270690363
49	93	127.40515600017386
49	94	108.0880770035556
49	95	37.37295251390825
49	97	156.86548794812185
49	98	69.99790700950402
49	99	46.308536688331934
49	100	424.73181795847336
50	51	2510.1053504919746
50	52	1195.916849693144
50	53	562.6719519444904
50	54	626.2009365203821
50	55	537.2412834912826
50	56	328.1813157522838
50	57	148.91931123345506
50	58	129.26134604706942
50	59	246.35368045027008
50	60	195.0164239014008
50	61	165.0993942910967
50	62	331.3553337368723
50	63	101.58859433908277
50	64	218.89428036869762
50	65	96.7419289302697
50	66	293.837127177976
50	67	179.21025166305668
50	68	182.07132259829166
50	69	108.36747430431816
50	70	98.3985838751787
50	71	151.30947389650566
50	72	28.196162173369135
50	73	133.91849887272767
50	74	37.152322418723486
50	75	89.88128319085757
50	76	45.223460954239556
50	79	74.53503225514007
50	80	69.03101488276262
50	82	91.31829039874388
50	83	34.78128684764561
50	84	96.63873821030423
50	85	79.7349986161024
50	86	67.1967797184207
50	87	68.45943032347056
50	88	73.25219614279908
50	89	195.70357021691692
50	90	39.532257683921344
50	91	156.90234060005633
50	92	183.0393035795014
50	93	248.0309024574392
50	94	175.3538614248633
50	95	80.84137452639713
50	96	155.82522780798405
50	97	169.65774455150233
50	98	75.70618102106525
50	99	150.25488380123252
51	52	1330.0896763083556
51	53	923.6398887485574
51	54	843.6068261975506
51	55	974.4937751885523
51	56	585.1073070640697
51	57	207.78651441059836
51	58	384.76338103802294
51	59	229.1575312339759
51	60	272.105629818334
51	61	230.3625190507946
51	62	154.1129202972876
51	63	472.4871866684661
51	64	180.99099653562897
51	65	134.98362330098308
51	66	159.44046167060367
51	67	166.7008942909445
51	68	211.70281847865294
51	69	176.405483191637
51	70	164.7541767176994
51	71	56.2990663294504
51	72	104.91197699360374
51	73	41.52354253735773
51	76	42.06674179654328
51	78	95.47368856569354
51	79	46.221524411067314
51	80	32.106232227171915
51	81	66.46360608777067
51	82	28.31467607335338
51	83	64.70691903266422
51	84	119.85745929382854
51	85	49.44618756365318
51	86	250.02505534322677
51	87	63.680778033993086
51	88	34.06949795690051
51	89	130.03066776251825
51	90	110.31839944581017
51	91	182.4376692435869
51	92	170.26266808923097
51	93	153.8117857572268
51	94	27.185615076544423
51	95	112.79764386412326
51	96	36.237051992874314
51	97	94.68910671459186
51	98	211.26505815010768
51	99	46.58889631742137
52	53	3412.058016576224
52	54	1227.422302617639
52	55	931.6829906370117
52	56	526.973632130631
52	57	167.38791210168912
52	58	124.53601302263266
52	59	271.2547085636789
52	60	313.14553356845937
52	61	79.53197512726555
52	62	239.43162487848875
52	63	415.96823258797906
52	64	328.05466941291957
52	65	256.3148214544026
52	66	259.5042005815403
52	67	419.3146295094022
52	68	285.05009892961095
52	69	104.40594658729648
52	70	113.76177981398035
52	71	87.46688405098877
52	72	27.16541121529325
52	73	43.00763899289842
52	77	30.074976758888305
52	78	24.72150544151914
52	79	71.81029775280547
52	81	34.41954373494725
52	82	29.326673312327916
52	83	33.5098072568812
52	85	102.42689589403514
52	86	97.11045826930655
52	87	98.9351971839424
52	88	141.14871509158158
52	89	134.6781048872367
52	91	113.37491367180364
52	92	117.56536036653381
52	93	212.4122477828385
52	94	168.94355070404134
52	95	233.65830804022875
52	96	187.6610177075225
52	97	196.14679621698465
52	98	72.93863350378533
52	99	48.25403401202031
53	54	1615.6043956438696
53	55	889.5955927856754
53	56	436.07926228089514
53	57	91.32937790319025
53	58	126.83763548061059
53	59	43.166863208057585
53	60	79.73323955681654
53	61	67.50154316414353
53	62	33.86898610220226
53	63	467.26762866754007
53	64	89.4957960211523
53	65	385.64488873631973
53	66	240.2729532545799
53	67	314.01781393651066
53	68	390.8130632095011
53	69	299.0686882064001
53	70	96.55356450352501
53	71	37.11808766067513
53	72	34.584338716344504
53	73	109.50622043102454
53	75	73.49663931848188
53	77	114.86553708379269
53	78	62.945994889716765
53	81	43.81958916643614
53	82	37.335845764268875
53	84	39.51113198592153
53	85	97.79991272326559
53	87	125.9545951011241
53	88	44.92417704831134
53	89	68.58358462062826
53	90	48.48876175261344
53	91	48.11260890165333
53	92	74.83634633766054
53	93	338.02806566232556
53	94	286.77649113841665
53	95	495.78475640142574
53	96	477.82322518991674
53	97	374.57231098392396
53	98	139.2874777383523
53	99	61.43230608496069
54	55	2278.4740832740686
54	56	1334.9385856162703
54	57	397.21771575327017
54	58	227.55700038662027
54	59	56.323528726695436
54	60	208.06966616988603
54	61	176.1501681128516
54	62	287.24661359108944
54	63	223.55093487186937
54	64	272.4700587789796
54	65	251.5920703382136
54	66	215.53457816156222
54	67	184.37675388677727
54	68	200.32866211510816
54	69	86.71571251957727
54	70	141.72948165097444
54	71	48.43116968123353
54	72	135.3755068415669
54	76	108.56351495935623
54	77	24.97916185718532
54	78	20.532766848921767
54	79	79.52396505398784
54	82	97.43059491275409
54	83	27.832004858502174
54	84	51.55358096573267
54	85	85.07198630868531
54	86	26.88545003799047
54	87	54.781273784356856
54	88	117.23289525616521
54	89	111.85864606206334
54	90	63.267468667619774
54	91	188.33000882139862
54	92	195.29086848095827
54	93	242.57990107476914
54	94	70.15912816153141
54	95	226.4125932012901
54	96	155.86429120730608
54	97	162.91226456307717
54	98	121.1602553537815
54	100	183.79340797196042
55	56	2450.177955026663
55	57	840.0423832287876
55	58	308.81787384694337
55	59	350.3350002292768
55	60	291.1957017516597
55	61	219.1324676607271
55	62	384.82499122919427
55	63	202.25415840524622
55	64	266.3220359972087
55	65	288.90729631984357
55	66	292.5022304533114
55	67	152.91094521351684
55	68	158.58865390472496
55	69	188.78153496906572
55	70	235.08374615577299
55	71	150.62207770850554
55	72	56.13613504285547
55	73	133.31010956796553
55	74	73.96708018735167
55	76	45.01801159361734
55	77	31.074312539712945
55	78	102.17182113897348
55	79	49.464280639464214
55	80	68.71740823763838
55	81	71.12648286106969
55	82	30.30114435543198
55	83	34.62327609407466
55	84	192.39942036042606
55	85	132.2879399459238
55	87	68.14842037660355
55	88	36.459706373991196
55	89	83.49192533860375
55	90	236.11598013749105
55	91	39.04738403008525
55	92	273.31163902849727
55	93	137.16894587699386
55	94	87.27861601081221
55	95	120.71117044831567
55	96	116.33798747407003
55	97	135.10959400289758
55	98	113.04337382636699
55	99	49.85742619895165
56	57	1635.0418057243912
56	58	445.41345027440605
56	59	428.01402220485716
56	60	362.350078209054
56	61	446.2003930417145
56	62	363.80763429681514
56	63	437.5720942189171
56	64	345.09262358861724
56	65	245.11533774272343
56	66	74.44960780293616
56	67	25.946605335350196
56	68	69.19720470548846
56	69	247.11391763975777
56	70	219.39527255934897
56	71	61.33972842248945
56	72	85.72884858422316
56	73	90.48259548307433
56	74	112.95955114753875
56	75	91.09299899098046
56	76	91.66626324917044
56	77	63.27392109775409
56	78	104.02179840502077
56	79	176.25967512854248
56	80	69.9616421330918
56	81	72.4143367413279
56	82	123.3991718830137
56	83	35.25018352252302
56	84	65.29436882194919
56	85	134.683215656428
56	86	68.10267910939051
56	87	104.07352781340792
56	88	37.11986518457849
56	89	170.00734897748413
56	90	120.19561074798676
56	91	119.26319012057581
56	92	123.6712732198976
56	93	111.72207973889655
56	94	59.239285995805595
56	95	122.89683102084855
56	96	39.481488290895435
56	97	103.16697006044102
56	98	76.72679813347794
56	99	406.0813699312439
56	100	232.78062051869745
57	58	3019.84943075823
57	59	1327.1737111441678
57	60	777.2776585277265
57	61	556.8007470930232
57	62	736.5353853733675
57	63	186.87785720730653
57	64	156.5931798821488
57	65	177.96214720962124
57	66	157.65449661840898
57	67	70.64297221466835
57	68	125.59886341361768
57	69	224.2664810040957
57	70	181.00965592111206
57	71	139.17108727069706
57	72	103.73681027303618
57	73	123.17525541411293
57	74	102.51563842952436
57	75	165.34160862277594
57	76	124.78659932656319
57	77	86.13569660174271
57	78	94.4042444020489
57	79	68.55566417341089
57	80	63.49319146536019
57	81	65.71911703855558
57	82	195.98257365411317
57	83	95.9731611499436
57	84	148.14360179450838
57	85	122.23079587777636
57	86	185.41830832546643
57	87	157.41865176543251
57	88	168.43935015484752
57	89	128.5741351740893
57	90	181.80445488495477
57	91	36.078820404138895
57	93	50.696290020433395
57	94	53.76219330083199
57	95	74.35609747074895
57	96	35.83114430936836
57	98	69.63286074882839
57	99	276.40219753394683
57	100	211.25839899386915
58	59	2292.7237392060474
58	60	1120.9964541902536
58	61	764.4939055666812
58	62	396.8128969655655
58	63	389.3020965860163
58	64	186.40763284855248
58	65	162.19392789457171
58	66	140.75326370224906
58	67	122.63561524096758
58	68	87.21543505553119
58	69	129.77491845562184
58	70	263.9542625532258
58	71	289.91982714429093
58	72	108.05174656845277
58	73	213.83122420543498
58	74	284.74608010368667
58	75	143.51583223854718
58	77	119.62468526793559
58	78	49.16549614485222
58	79	47.60482630097318
58	80	33.06709650595729
58	81	136.9054120762421
58	82	58.32413592648894
58	83	99.9651681852649
58	85	254.62998031815607
58	86	128.7538596158414
58	87	196.75978338956713
58	88	70.17823635480386
58	89	160.70661705355786
58	90	113.61997057288089
58	91	150.31808086391572
58	92	87.67911533860335
58	93	132.01250999599307
58	94	83.99765045140776
58	95	116.1734129656894
58	96	186.6077101263958
58	97	65.01528649515414
58	98	36.264621028281354
58	99	47.983192787424535
58	100	220.04569957821315
59	60	2924.914489950514
59	61	1256.0485289153853
59	62	324.1151819466807
59	63	231.86070128617277
59	64	190.32125813882467
59	65	220.7989157786781
59	66	159.6759735973191
59	67	100.1682784277512
59	68	178.09304345793112
59	69	317.99889793659764
59	70	282.32911991658585
59	71	157.87023429831768
59	72	183.86715211847144
59	73	291.0941431474368
59	74	96.90810651060572
59	75	39.07438529504456
59	76	117.96086181473892
59	77	81.42413575647112
59	78	167.32574985113646
59	79	32.40285924858892
59	81	46.59324634260719
59	82	39.69910015579565
59	83	45.36174902364802
59	84	84.02415179672175
59	85	69.32691538926181
59	86	219.09507475502556
59	87	223.2119465733195
59	88	143.30325462435917
59	89	36.46236665011468
59	90	154.67389340003166
59	91	102.31600438907392
59	92	198.9331932715877
59	93	35.94242947896783
59	94	38.11607990586583
59	95	52.71665418902388
59	96	50.80680960958338
59	98	49.36799489419821
59	99	457.245592138597
60	61	2419.4695351715986
60	62	964.5256598274293
60	63	550.6308417034749
60	64	292.9509918032175
60	65	203.91813925249673
60	66	88.48094377039637
60	67	30.836698747783636
60	68	219.3030215308834
60	69	195.79124991892309
60	70	379.26423909464955
60	71	182.25069350961783
60	72	169.8099259112172
60	73	268.8390738178496
60	74	134.24876219455913
60	75	72.17404953009338
60	76	108.94238026962876
60	77	75.19900265427695
60	78	30.906633248936828
60	79	29.925558017938766
60	80	83.14714215886777
60	81	129.09313520508474
60	82	109.99193458743572
60	83	83.7873992407922
60	84	116.40035884844288
60	85	128.05330620793487
60	86	80.93782490891346
60	87	329.8346979187802
60	88	176.46302249731104
60	89	269.39762575597524
60	90	95.23238953065946
60	91	94.49362175167451
60	92	183.72412049415
60	93	33.1945168920661
60	94	70.40396971690406
60	95	48.6862989880731
60	96	93.84493615292106
60	97	122.61059723836487
60	98	227.96827651867955
60	99	120.6536337780239
61	62	2562.308822542208
61	63	1010.0129142255212
61	64	396.81606573207364
61	65	271.2843847576572
61	66	149.81456361997164
61	67	208.84888291281553
61	68	162.452709799814
61	69	331.5107119938545
61	70	321.0821678398274
61	71	308.58405159457413
61	72	143.75976828832367
61	73	91.03883121439738
61	74	75.76930831151601
61	75	244.40796569927255
61	76	138.344663248914
61	77	95.49433997230572
61	78	26.165316371213677
61	79	152.0084740678922
61	80	175.97931667499668
61	81	109.28924858255462
61	82	31.039440019035347
61	83	106.40064503622045
61	84	98.54364241039033
61	85	54.20446870294056
61	86	137.042671589761
61	87	139.61775052844763
61	88	112.04417125298426
61	89	85.5262289180438
61	90	40.31150175411094
61	91	279.9914894961243
61	92	248.86306827575433
61	93	28.102220946384804
61	94	29.801727781131095
61	95	41.217443702324196
61	96	39.7241981114523
61	97	69.2007880932946
61	98	115.79770652470081
61	99	102.14443202891229
61	100	234.2116238846022
62	63	2312.9743494599206
62	64	995.5148568746148
62	65	395.97756795434043
62	66	225.50894997366657
62	67	392.96323360384383
62	68	419.19868847535133
62	69	332.6718522790784
62	70	161.10339069682541
62	71	216.7654227135711
62	72	317.37925404131005
62	73	182.71540263216238
62	74	114.05204370453588
62	75	91.9740083645237
62	76	46.27640848479812
62	77	31.942938605398535
62	78	157.54177372418272
62	79	25.423482460107973
62	80	70.63827879222549
62	81	146.22938945764187
62	82	62.29631581274071
62	83	35.59110700123659
62	84	65.92586577131866
62	85	244.7744570164957
62	86	103.14200510634875
62	87	175.13346476794266
62	88	37.47887135996533
62	89	171.6515814616425
62	90	80.90539141878476
62	91	200.69441426586678
62	92	156.08420575087757
62	93	197.4045570779066
62	94	149.53055245843086
62	95	82.72362156982129
62	97	243.0510910340744
62	98	38.73443212694285
62	99	102.50220030199985
63	64	1877.0413802615976
63	65	1047.0819499846803
63	66	576.1472883066948
63	67	506.00195487428624
63	68	406.9801722233191
63	69	535.4591511052275
63	70	277.82939500199194
63	71	341.77906173172187
63	72	132.6869142741338
63	73	126.04007786867605
63	74	139.86660991797265
63	75	28.19785672547654
63	76	42.562966193195365
63	77	146.8984154657899
63	78	48.29995389725185
63	79	93.53351825635691
63	80	97.4548837287148
63	81	33.62380942971077
63	82	57.29735886416804
63	84	151.5891405554707
63	85	100.05892159811187
63	86	126.48719063500211
63	87	64.43196422785348
63	88	275.7710871494886
63	89	105.25162025283295
63	90	37.2065762291838
63	91	110.75383569190372
63	92	143.55925600511392
63	93	103.75077884508774
63	94	82.51889968378285
63	95	228.25643714842113
63	96	109.99352598117167
63	97	63.87071394704847
63	98	213.75716644129054
63	99	94.27692919633897
64	65	1918.2820285673256
64	66	1324.1942826278728
64	67	876.8462341168079
64	68	923.079505207526
64	69	390.69151342385436
64	70	425.70144113537623
64	71	190.927810268003
64	72	50.82706477647909
64	75	81.01105701629076
64	76	244.56262152322387
64	77	112.54184814360927
64	78	115.63616214843007
64	79	22.3931002220286
64	80	62.2184651134212
64	82	27.435416167843194
64	85	191.64291058215082
64	86	60.56524739995944
64	87	92.55493384747723
64	88	264.0922615976367
64	89	125.992805829925
64	90	106.89266555355326
64	91	106.06344287511408
64	92	219.96730104552572
64	93	74.51772259086408
64	94	210.73132857930113
64	95	255.02148378259875
64	96	351.11777353366506
64	97	214.0803270810567
64	98	238.82204785127547
64	99	45.14216429520937
64	100	414.03410426733063
65	66	2874.9784956225953
65	67	1330.854829503827
65	68	1060.7005287344396
65	69	509.9130614329626
65	70	440.9575005834362
65	71	189.85937137487588
65	72	126.35658673488719
65	73	120.02686262174939
65	74	33.29843700883353
65	75	26.85257207586728
65	76	40.53234004954914
65	77	55.95602995687121
65	78	91.99124642088223
65	79	66.80336288340241
65	80	30.935144172455445
65	82	81.84565977669547
65	83	31.17335374433615
65	84	115.48560906068678
65	85	119.10654372621663
65	86	150.56580524308245
65	87	92.0369931088564
65	88	98.48039692629477
65	89	25.057549111414268
65	90	70.8629935684251
65	91	210.93981606826136
65	92	82.02613354409239
65	93	197.60191662708718
65	94	419.10413697091013
65	95	253.59437438730515
65	96	139.6611623378985
65	97	304.1176083873505
65	98	33.92651301172553
65	99	89.77909424048043
66	67	2323.129199256495
66	68	1342.373810142869
66	69	270.4208658987831
66	70	446.44442734502354
66	71	109.84104651147086
66	72	102.3430946183978
66	73	81.01358804916919
66	75	54.37340853615064
66	76	123.11007740042359
66	77	28.326151292974192
66	78	69.85193461068273
66	79	67.63461115355094
66	80	31.32007666642329
66	81	32.41808667343743
66	82	110.48544334041726
66	83	31.56125033002052
66	84	87.69196555587442
66	85	168.82405603976807
66	86	121.95146173597539
66	87	93.18222873786115
66	88	66.47053945455556
66	89	279.0628000159908
66	90	107.61713501329876
66	91	106.78229224387626
66	92	221.45813852183772
66	93	275.0834882997512
66	94	265.1994610880089
66	95	256.74990243155565
66	96	388.8472376349466
66	97	277.11162687594395
66	98	34.34866773621729
67	68	3022.926138855447
67	69	771.0954759016512
67	70	410.7612482223998
67	71	229.6857459007371
67	72	187.25610257105805
67	73	127.05404985302046
67	74	35.24795352754119
67	75	85.27411172849011
67	77	177.69622727177304
67	78	146.06555757813786
67	80	65.49259497490719
67	81	33.89430752321552
67	82	115.51661364664437
67	84	30.561730121079
67	85	151.29581909111252
67	86	95.62856967677665
67	87	97.42546339502339
67	88	104.2461078071318
67	89	106.09835246728318
67	90	112.51769130153227
67	91	74.42988822478094
67	92	260.48550048511805
67	93	313.7563111014906
67	94	305.00341977678977
67	95	345.13908474745244
67	96	258.71628080230136
67	97	321.9227174086457
67	98	35.912801362766245
67	99	142.553057701794
68	69	1805.0978209350124
68	70	564.3291076758393
68	71	331.7983024077905
68	72	190.24562456957332
68	73	263.543341642954
68	74	94.00304294030703
68	75	25.26868838954622
68	76	76.28312606460815
68	77	210.6219814625523
68	78	64.92389631636865
68	79	41.908669687338936
68	80	29.1104522937666
68	81	60.26199588291501
68	82	77.01804010025499
68	83	29.33461120957749
68	84	81.50531708619947
68	85	112.08111200932031
68	86	170.02172026095596
68	87	144.34707239017146
68	88	216.23370240102608
68	89	70.73863150015892
68	90	100.02477031465811
68	91	132.33176735342428
68	92	77.1878687251614
68	93	185.9464799989999
68	94	98.59587947447655
68	95	238.63625449472957
68	96	229.99082423903567
68	97	200.32558299747407
68	98	127.70150777587867
68	99	84.48352544586305
69	70	3437.8757986415053
69	71	1154.520912781901
69	72	339.6982709922254
69	73	448.1685825147344
69	74	149.19973400855264
69	75	330.8741091295265
69	76	90.80627947390826
69	77	62.680305261212744
69	78	128.80737365268288
69	79	49.88744652107039
69	80	103.95792633199646
69	81	143.46993685510023
69	82	61.12074001750693
69	83	174.5973874680524
69	84	194.0453933592203
69	85	160.10359259128583
69	86	202.3912841953396
69	87	68.73142868109963
69	88	110.31485518796269
69	89	56.13746467045098
69	90	198.44662282222959
69	91	118.14430074018412
69	92	153.13878575444352
69	93	138.34242332699677
69	94	234.73408729873543
69	95	81.16256798354044
69	96	78.22217100840183
69	97	136.2654537408856
69	98	228.02091502872963
69	99	50.283955432559075
70	71	1809.7223232989415
70	72	575.7712897092258
70	73	585.9948472351706
70	74	189.6644697884194
70	75	131.0995599464909
70	76	98.94344439490341
70	77	182.12559261169758
70	78	130.9931677345994
70	79	181.1928947153017
70	80	125.85956931896547
70	81	26.054383393242667
70	82	110.99629850002441
70	83	126.82872446359401
70	84	164.44853556397578
70	85	290.7508343174265
70	86	294.0367984800521
70	87	174.74441312146155
70	88	133.55576292567622
70	89	163.11453778370299
70	90	317.1365351200608
70	91	200.24858004216097
70	92	222.48210176333308
70	93	80.39429842202442
70	94	63.94216140334286
70	95	176.87111681597818
70	96	85.23167199953686
70	97	148.47622238538654
70	98	55.21197887226305
70	99	146.106422804582
70	100	335.01407629684
71	72	3509.8796544131455
71	73	1001.2177968890911
71	74	583.3017103720068
71	75	100.79720997706163
71	76	202.8630890822707
71	77	210.04362953053683
71	78	201.43081851829348
71	79	222.8991555721389
71	80	154.82942510494232
71	81	240.38608411348937
71	82	273.08997128350586
71	83	156.02165653154157
71	84	216.75069250219929
71	85	268.25602993323184
71	86	226.073138075168
71	87	115.16056505177012
71	88	164.29709798886492
71	89	62.70612320135159
71	90	88.66676436232379
71	91	351.91571837650434
71	92	136.84607415451185
71	93	61.81196170536997
71	94	131.10019025724816
71	95	90.6594200003632
71	96	87.37496645287376
71	98	169.80113220541907
71	99	224.67077363862626
72	73	2658.68756033727
72	74	815.2266938312471
72	75	344.36089230760484
72	76	330.77674249467054
72	77	293.5584974597263
72	78	348.55002052949874
72	79	103.84182457877705
72	80	180.3256046452015
72	81	410.62429427605304
72	82	159.0302171594995
72	83	290.74266246459723
72	84	134.63659432517025
72	85	222.17278207487053
72	86	210.64096977592652
72	87	214.59898605364657
72	88	114.8114068739054
72	89	204.48990756125974
72	90	165.2284158232323
72	91	163.94665202013442
72	92	95.6285320384363
72	93	57.592563487319076
72	94	91.61328756939727
72	95	42.235420605012436
72	96	81.41059050391426
72	97	106.36483471998388
72	98	79.10509727366957
72	99	52.33358332891888
72	100	479.99223420016955
73	74	2765.6736298621545
73	75	941.6815428740573
73	76	448.86681018253546
73	77	258.1971647672256
73	78	382.02658631829
73	79	287.69987755727857
73	80	399.6821480154905
73	81	354.59493157487225
73	82	453.19120714890715
73	83	345.2226997209259
73	84	213.15348393278214
73	85	307.7713746786561
73	86	55.580303398396325
73	87	226.49870567037317
73	88	60.58890475520094
73	89	277.4945173874278
73	90	196.1893012108383
73	91	129.77823834732132
73	92	50.46561293269351
73	95	66.86612278369078
73	97	56.13143341436149
73	98	125.23732619083363
73	99	165.70659216623073
74	75	4289.93236991722
74	76	1930.1656691142944
74	77	644.6728384885691
74	78	494.5904917887934
74	79	547.303554563667
74	80	427.68682234421567
74	81	295.1203605174138
74	82	293.3618628199171
74	83	383.0934531332865
74	84	133.05167549434393
74	85	36.59290038302129
74	86	231.29037834454343
74	87	188.50912328975002
74	88	100.85321487983295
74	89	115.47582145247254
74	91	54.00556674382305
74	92	84.0024972510585
74	94	40.237702980296405
74	95	55.65097666422156
74	98	52.11592378312323
74	99	137.91339036633727
74	100	316.2278987853987
75	76	3464.527603844281
75	77	1039.7559414774687
75	78	484.3158597812699
75	79	386.1876347121583
75	80	383.2175606282797
75	81	396.65228880327436
75	82	270.36946641474367
75	83	463.4021362335374
75	84	286.12191457839043
75	85	118.03719132433778
75	86	223.82101189880504
75	87	76.00889523388129
75	88	162.66038078207248
75	89	124.16289760627026
75	90	43.89173585667152
75	91	130.65373366682564
75	92	101.61211672168376
75	93	30.598097443461192
75	94	32.44854463176726
75	98	42.02739604023986
75	99	166.82446329547417
76	77	3766.677509838465
76	78	1376.0858670345094
76	79	874.3904580272125
76	80	636.2882065048352
76	81	718.467284417832
76	82	357.09312051946006
76	84	161.9564231557371
76	85	178.17003016035727
76	86	112.61477842452803
76	87	57.36542442400436
76	92	102.25157962410941
76	93	46.1859849695269
76	96	65.28669817244702
76	97	56.865728955267535
76	99	167.87431895182996
77	78	3710.400501616084
77	79	1494.530145293127
77	80	718.7021011066291
77	81	413.2767485108215
77	82	246.48852405316697
77	83	120.70605258157788
77	84	149.05691694280736
77	85	153.7304460698139
77	86	155.46785376350408
77	87	197.98643526634058
77	88	254.21668491047433
77	89	161.70850407550276
77	90	45.73132285727849
77	91	181.50624364573636
77	92	105.8708758109978
77	97	39.25236526259954
77	98	87.57768995252808
77	99	57.93879905145384
78	79	2834.9943350825406
78	80	1345.6430719343937
78	81	645.4523503618576
78	82	260.5018353151728
78	83	264.58632456862296
78	84	214.4172869237055
78	85	101.09262832305089
78	86	127.7939272806679
78	87	227.84163348175613
78	88	348.27509094367724
78	89	265.8474316102196
78	90	37.59095662671141
78	91	111.89803136120493
78	92	116.03389105430918
78	93	26.205656518417427
78	94	27.790466930627673
78	96	74.08657793733576
78	97	161.3264025498631
78	98	107.98274373389661
78	99	95.25090227300554
79	80	4290.128990563865
79	81	1184.1416178517813
79	82	364.33608640581303
79	83	224.164071009905
79	84	504.19813688258927
79	85	171.29634459326633
79	86	154.67167493192858
79	87	126.06240712590784
79	88	134.88789096532244
79	89	25.740858520261988
79	90	109.19309887351426
79	92	84.26295361667272
79	93	25.37380529822782
79	94	80.72492630157959
79	98	104.55502662742626
79	99	184.4546689419651
79	100	422.94451775664163
80	81	3153.0097139133413
80	82	467.21325607330664
80	83	800.7842890397869
80	84	453.23148735583163
80	85	237.9705251692888
80	86	214.8749863855033
80	87	131.34753677503278
80	88	140.54302645021545
80	89	178.80024337121517
80	90	353.95418393864173
80	92	78.040580772803
80	94	37.381909018262064
80	96	149.48459067859113
80	98	48.41709583216972
80	99	128.12525142399411
81	82	3747.843274381409
81	83	1657.7158967878372
81	84	426.47340284103296
81	85	105.56281098579716
81	86	266.8896123177722
81	87	45.317426656181304
81	88	48.490047469287965
81	89	148.05485564228948
81	91	155.79468625570433
81	92	80.7765044296486
81	93	36.48591477210799
81	97	44.922678199558185
81	99	198.9255430324827
81	100	304.08362968870375
82	83	4786.577824267357
82	84	1271.796683458859
82	85	269.82978877591376
82	86	189.4995212531152
82	87	270.2843954172903
82	88	247.8914523815094
82	89	252.29598727139074
82	90	178.37387890430165
82	91	265.4852082358336
82	92	34.41222485578001
82	93	31.08729480365479
82	96	43.94378152123842
82	99	112.99441695704024
83	84	2906.40955286668
83	85	445.34836762390034
83	86	562.9769237458403
83	87	485.31615321038237
83	88	188.83366464839003
83	89	288.2832913045648
83	90	152.8627430308075
83	91	202.23587501499836
83	92	78.64151586260253
83	93	35.521562434176474
83	94	75.33952110357755
83	96	50.21188845022842
83	98	195.15968600959798
83	99	129.11185299342912
83	100	296.0464525739565
84	85	2569.957145628745
84	86	1243.3496752284964
84	87	653.7871707404495
84	88	612.1132999556643
84	89	333.7442828531723
84	90	377.5328363387276
84	91	140.47654326817852
84	92	109.25151934520764
84	93	131.5940949808985
84	94	34.88809126249461
84	95	48.25216672181955
84	96	93.00812753005843
84	98	90.37419984262849
84	99	298.94443476165424
84	100	274.1853280733823
85	86	2647.3985015001126
85	87	1618.2864179923579
85	88	865.7903925426231
85	89	330.44015801790846
85	90	506.18099650552085
85	91	270.4446144861223
85	92	270.42477707407846
85	93	162.8641139855947
85	94	115.14231086512972
85	95	119.43615527999256
85	96	76.73944278346191
85	97	200.5237426148907
85	98	149.13246663703015
85	99	197.32322287135443
85	100	452.45141160275665
86	87	2898.1028457707193
86	88	1276.880576596061
86	89	591.7676572338067
86	90	492.21315092224063
86	91	439.55531495431967
86	92	75.96695090359282
86	93	68.62697799901457
86	94	36.38862780045519
86	95	100.65498408583645
86	96	145.51260957404
86	97	84.49582990350699
86	98	141.3917902284039
86	99	311.8020326108686
87	88	1997.7701743946038
87	89	957.5266898748699
87	90	651.9006069813471
87	91	248.7859503044336
87	92	193.48599011731005
87	93	174.79125631551722
87	94	185.36191318028455
87	95	205.0926517327849
87	96	49.415613856814964
87	97	215.20883904385664
87	98	336.1133780936574
87	99	127.06436003069959
87	100	291.35166263614093
88	89	1973.2305762148924
88	90	1502.3925909164318
88	91	1118.0533055106519
88	92	538.2824754003304
88	93	299.24510517887074
88	94	39.66777742136032
88	95	54.862737981803946
88	96	158.62543210579963
88	97	230.27536185381445
88	98	205.5110219139336
88	99	203.93998416693702
89	90	3358.5305944565607
89	91	894.0791158674182
89	92	568.9177035652071
89	93	228.421568773843
89	94	211.95612072116774
89	95	209.39077131338846
89	96	201.80486064189893
89	97	246.08523879593665
89	98	313.74381210236663
89	99	103.78179472928305
89	100	237.9660074503494
90	91	2068.7436574825815
90	92	893.8360117226126
90	93	201.8682584386627
90	94	214.07642111695708
90	95	355.2954875711565
90	96	114.14122329947568
90	97	347.9657291549904
90	98	332.7264616121368
90	99	220.12194668409794
91	92	1951.1845216721745
91	93	440.6649722283421
91	94	594.7640093874514
91	95	411.29581904001714
91	96	226.51153950330806
91	97	641.2089837043193
91	98	660.2906546350257
91	99	72.80478162720195
91	100	667.7496087753186
92	93	1620.103881278189
92	94	1354.6408721053883
92	95	913.9236668805693
92	96	748.6915565285832
92	97	690.4821004403357
92	98	513.5217279738627
92	99	396.35251388857273
92	100	259.6613556053677
93	94	2745.986041813105
93	95	2476.8594228983993
93	96	2466.697440627908
93	97	1074.2659071445976
93	98	425.24620143549066
93	99	153.45286864136014
93	100	234.57271786855998
94	95	2626.649702041259
94	96	1898.6176196449308
94	97	1322.9803677710129
94	98	286.9766735384405
94	99	108.48871167734403
94	100	248.7587118591738
95	96	3092.7190736781326
95	97	1423.142997354669
95	98	170.1020007874813
95	99	75.02295502593833
96	97	1763.4660183018018
96	98	491.81838839342544
96	99	289.2199477376552
97	98	2332.299067006549
97	99	503.8301404300996
97	100	577.6275466426783
98	99	3021.066404936859
98	100	2899.733382577599
99	100	5541.979438802971
