1	2	8464.408617140007
1	3	7866.614205469832
1	4	2717.0225145060485
1	5	1583.19918667147
1	6	2055.781671185842
1	7	2298.504168231171
1	8	1875.690830487962
1	9	1864.3397977003856
1	10	2157.527302686656
1	11	1098.2852280871884
1	12	1234.4114654533391
1	13	1051.8646268000625
1	14	1692.6262099729681
1	15	1165.5232339713434
1	16	1264.4505739176755
1	17	2602.9597592629398
1	18	1141.9815171141083
1	19	892.3889373605965
1	20	1152.417438748251
1	21	859.2973312144725
1	22	525.2930683180426
1	23	835.5516794735128
1	24	1051.1855223736943
1	25	251.68862170292812
1	26	492.4470127936253
1	27	841.8587372662215
1	28	944.4435193275908
1	29	977.2888939352653
1	30	475.95378265388547
1	31	556.7753440217083
1	32	789.8651445837278
1	33	651.0259413550946
1	34	421.542353908919
1	35	338.20710174344526
1	36	376.8109285637508
1	37	373.84086606456617
1	38	597.7067794009113
1	39	501.2321884171402
1	40	354.6955839059451
1	41	289.9935629515612
1	42	649.0461651054499
1	43	492.59765695028574
1	44	430.6834476614192
1	45	613.0346847802616
1	46	475.5577317927548
1	47	535.1491882208627
1	48	338.6170970338679
1	49	310.4376194674117
1	50	385.0832035361767
1	51	608.4807163279546
1	52	266.06793403307654
1	53	554.3076817895497
1	54	575.2214391186245
1	55	330.1966983603238
1	56	407.5187453330501
1	57	491.2424533184949
1	58	337.20680526848344
1	59	518.8546528003718
1	60	345.0651874924474
1	61	394.63877506809035
1	62	428.3037525878836
1	63	139.74300744229848
1	64	436.2327145523753
1	65	45.72995582933413
1	66	336.2263958959732
1	67	257.62243931030116
1	68	237.60661904894474
1	69	357.5786537732675
1	70	340.31270408057827
1	71	351.91550419154953
1	72	292.6767203736223
1	73	660.5264227005662
1	74	717.5355314183729
1	75	648.6892208795937
1	76	986.5885247007116
1	77	1635.0027010118047
2	3	8714.405019234757
2	4	1971.3559055894916
2	5	1580.6518597364834
2	6	2603.4985147424413
2	7	2865.4063282809043
2	8	2947.4501797628686
2	9	2554.021790016511
2	10	640.3949962643094
2	11	938.8565916858489
2	12	732.7934388809163
2	13	819.5600642654016
2	14	709.275586468699
2	15	2797.677648635708
2	16	2533.362049220195
2	17	1094.5277052025904
2	18	677.9235177932868
2	19	752.8110173737592
2	20	195.4624789917378
2	21	810.1770394747696
2	22	467.75081655417085
2	23	665.7045438185087
2	24	792.0299202120392
2	25	1045.8833464415911
2	26	916.8695349561966
2	27	1158.532827413636
2	28	630.7396584861829
2	29	828.7939052153241
2	30	932.3958844930744
2	31	495.78442494448257
2	32	263.75281387900213
2	33	502.4157805018494
2	34	500.48704147677023
2	35	639.9625224197916
2	36	708.3492948771298
2	37	850.7167524231885
2	38	598.7611151950339
2	39	617.9893490385548
2	40	526.4018602396421
2	41	516.453515369515
2	42	454.10169405822137
2	43	358.88478806358603
2	44	191.7525153768289
2	45	198.50216032747684
2	46	127.03909347802247
2	47	346.56528446645257
2	48	640.7383240481028
2	49	473.8822424049131
2	50	533.3999697030927
2	51	425.72029378124734
2	52	434.357031658156
2	53	265.77765748154
2	54	256.10493843819125
2	55	98.00863847684849
2	56	80.63952503102922
2	57	397.66382983388485
2	58	386.0590027127824
2	59	252.00964651882845
2	60	204.84377572417873
2	61	702.8176095035536
2	62	889.9007015478749
2	63	414.78373236591636
2	64	172.64285045710335
2	65	570.0877406988521
2	66	427.707287098602
2	67	497.0369485256703
2	68	380.84119933741755
2	69	517.413593916338
2	70	454.5506731903155
2	71	179.06604290791415
2	72	521.2319872390606
2	73	252.0729791818111
2	74	638.934436736877
2	75	962.7162786412645
2	76	390.45089799689794
2	77	1455.8993723547635
3	4	10519.87591553698
3	5	3675.3838257196644
3	6	2916.515651700429
3	7	2567.929993457886
3	8	1716.9466228878377
3	9	1449.6191201243523
3	10	1456.8521581339294
3	11	1016.6769564954485
3	12	779.8519360639823
3	13	2046.0409585627917
3	14	1350.7373535668519
3	15	606.5885480847492
3	16	1135.1786876214926
3	17	576.9986564783234
3	18	954.7118422228468
3	19	749.618715828543
3	20	919.643848268166
3	21	443.7078122527344
3	22	349.3254864178666
3	23	736.9683870905452
3	24	419.42974244192607
3	25	468.6517211324756
3	26	285.8029174539418
3	27	702.3510359630103
3	28	791.3619019912263
3	29	482.78844758758765
3	30	569.7258045049784
3	31	512.6698178914756
3	32	906.0885689801647
3	33	450.25675388638064
3	34	523.2829580004586
3	35	371.1036872481781
3	36	267.2888338025768
3	37	232.0342812551491
3	38	327.92213496624265
3	39	399.9896939536951
3	40	629.0035783894754
3	41	528.956732395657
3	42	221.9773444109966
3	43	428.83552086760665
3	44	343.6908969574113
3	45	311.31514609993513
3	46	379.5011493531457
3	47	465.8791564161488
3	48	270.2207722089574
3	49	424.6854666398153
3	50	341.44591022899124
3	51	381.52352091734343
3	52	530.8140317208271
3	53	340.2650893580931
3	54	267.769869423647
3	55	570.9192372513602
3	56	216.80344557933577
3	57	320.7418017048821
3	58	345.97972459471913
3	59	564.6172442885893
3	60	244.77016073359286
3	61	104.97559581467368
3	62	189.88437214858138
3	63	223.03341274042734
3	64	270.7594422372784
3	65	182.4654467468938
3	66	344.97380846434646
3	67	274.1146665799616
3	68	265.4583672865198
3	69	285.35233688565796
3	70	305.5206243468904
3	71	561.666142246999
3	72	311.41301912874246
3	73	376.50609234281956
3	74	269.46001262283244
3	75	301.9696696938222
3	76	524.8735033018885
3	77	434.9176855915928
4	5	12711.911283447269
4	6	5758.542365523716
4	7	2995.8470645717093
4	8	1703.0037123505265
4	9	1639.6502153646377
4	10	1992.3780077066576
4	11	1130.126722174711
4	12	1896.4784686627333
4	13	1352.9503680562932
4	14	939.1513366664352
4	15	477.9875007781096
4	16	406.59672969877465
4	17	1116.0103288969183
4	18	792.7193461961954
4	19	765.2175704550848
4	20	1317.5870381319623
4	21	823.5290019375145
4	22	638.1166857926576
4	23	452.51368443436144
4	24	416.02365439143205
4	25	539.55329214508
4	26	268.71729421197364
4	27	295.31792471174896
4	28	566.8978194649168
4	29	438.96218550492335
4	30	816.254397524304
4	31	514.1566223893429
4	32	846.6301261997844
4	33	483.8170210151917
4	34	281.1431474403671
4	35	398.7642137567453
4	36	359.0142907484852
4	37	142.47380127167688
4	38	288.29789020960965
4	39	429.8032633493568
4	40	270.3547563718147
4	41	319.71541997174336
4	42	318.0301508085537
4	43	729.5986356665077
4	44	507.79875851048257
4	45	621.2500974413364
4	46	530.1238641223727
4	47	292.0189139591951
4	48	580.7238110171832
4	49	418.3114432692628
4	50	293.51669543906075
4	51	260.88408087756216
4	52	266.1767283169994
4	53	548.4405524217062
4	54	328.8323687038028
4	55	519.0926944978206
4	56	271.79025225218055
4	57	382.9428473037664
4	58	165.230051264201
4	59	364.02088024795523
4	60	394.52146684318296
4	61	188.00006739845807
4	62	163.23005125817494
4	63	239.65739638001062
4	64	207.81480411576052
4	65	156.85253024422607
4	66	453.0615496078159
4	67	331.36428890548126
4	68	325.9937493899439
4	69	229.96598559615498
4	70	218.86190794377197
4	71	344.87451551839405
4	72	125.48416924321829
4	73	323.65543333942395
4	74	253.3513868066119
4	75	139.06167165463862
4	76	328.997312477452
5	6	9039.257085841646
5	7	4284.824505464422
5	8	1939.562105034445
5	9	2071.5204715231744
5	10	1718.8112449885098
5	11	1149.418038524259
5	12	1724.1913356425364
5	13	2203.822542021859
5	14	1383.9294717029402
5	15	662.9274135248288
5	16	129.23042344242052
5	17	650.2951799601756
5	18	666.9356548516104
5	19	729.6373785058666
5	20	1076.8486426873494
5	21	702.5809328820343
5	22	894.7739443831184
5	23	539.3415402307767
5	24	628.0764654200863
5	25	342.97718265130857
5	26	256.22279163220344
5	27	312.8739745718881
5	28	810.8083011523438
5	29	532.7023354658563
5	30	544.8108084012346
5	31	525.2678237993786
5	32	565.0851558910094
5	33	638.7522408261806
5	34	382.9584029495278
5	35	414.7886635137216
5	36	239.6248847951281
5	37	441.50996835106633
5	38	488.6985812790756
5	39	441.34329476214316
5	40	225.56110236708028
5	41	609.6993323280665
5	42	758.1068916902206
5	43	585.8312516242402
5	44	440.1706595654596
5	45	364.53165337542083
5	46	544.3574602029752
5	47	954.6547196815962
5	48	380.6838710100251
5	49	398.8612868422175
5	50	384.8200115304241
5	51	426.4350821028689
5	52	362.57193428564557
5	53	418.3518438525151
5	54	391.92838209110374
5	55	314.97233681322683
5	56	370.2183812316519
5	57	438.1646622015605
5	58	393.8684437914307
5	59	655.6240077894143
5	60	313.48122410527486
5	61	71.70346402472659
5	62	311.28074234511723
5	63	190.42840579559962
5	64	158.52165945385465
5	65	224.33907701181073
5	66	353.45096457035584
5	67	35.1063221787975
5	68	233.12705487086538
5	69	182.72774671577886
5	70	313.0282842406178
5	71	205.52433968769193
5	72	39.883184349847774
5	73	347.18229157111455
5	74	172.55096444612366
5	75	309.39007079809664
5	76	268.88569721467434
5	77	1782.4202499934775
6	7	10236.160305196416
6	8	3865.6328379172082
6	9	3237.9897543635298
6	10	2368.918594472055
6	11	1539.1587005585247
6	12	1481.6519038403949
6	13	665.3941437680521
6	14	1395.3411411386319
6	15	1223.0678415677564
6	16	1353.6310575532875
6	17	731.8196387839403
6	18	846.7701304838515
6	19	767.9193760388191
6	20	469.97955544473933
6	21	590.3119226056275
6	22	408.97562438863946
6	23	410.8626999390424
6	24	409.20895523866733
6	25	718.5066087410828
6	26	453.1123804757025
6	27	595.8573387387382
6	28	588.2497239166997
6	29	543.4889040471847
6	30	667.0110704405408
6	31	400.1415433066301
6	32	230.61097473879718
6	33	236.5379503902476
6	34	510.5314451256762
6	35	329.1459305066725
6	36	293.37239358452405
6	37	323.4000024453995
6	38	407.18520440090197
6	39	360.22396390522266
6	40	613.6758343735687
6	41	516.0669593193088
6	42	252.66282446957624
6	43	278.9236872613374
6	44	796.3748734630622
6	45	130.1695402059579
6	46	296.20268307067124
6	47	265.1404444763152
6	48	230.68145890460593
6	49	483.39270747253767
6	50	333.12545596278767
6	51	473.74274647386284
6	52	310.72739965728033
6	53	531.1574554909234
6	54	410.5275028921578
6	55	85.69337069646262
6	56	352.53385919155454
6	57	312.92587123860295
6	58	375.0542100087756
6	59	367.2389902536286
6	60	358.20829430543733
6	61	409.6700786051386
6	62	259.36009956509383
6	63	471.46334951238293
6	64	226.42413993654054
6	65	284.83052020390744
6	66	336.5673853373542
6	67	267.43495984267867
6	68	221.99108553760018
6	69	347.99848412055564
6	70	331.19512000316763
6	71	273.98964833025644
6	72	113.93415569149457
6	73	220.3987687543602
6	74	492.92574723906773
6	75	210.4365600400939
6	76	341.38882103457155
7	8	6612.723117668642
7	9	4157.095598031976
7	10	2340.410417911211
7	11	1411.125240330175
7	12	1490.9291254612222
7	13	1287.6162414030298
7	14	1482.082265965278
7	15	1310.1276389113755
7	16	1238.278808086399
7	17	1246.2185279524354
7	18	639.0540754731314
7	19	772.7276297318573
7	20	515.9152226837945
7	21	514.8070236605811
7	22	583.0098803466265
7	23	826.870554840846
7	24	855.2170619083015
7	25	492.9582743998996
7	26	596.2416542240916
7	27	569.6088303268831
7	28	591.9329932750551
7	29	656.2702893779556
7	30	522.0347194484373
7	31	402.6469912916342
7	32	386.7582054843561
7	33	442.03530453265864
7	34	660.5075428946016
7	35	430.56890013214814
7	36	492.0155279249679
7	37	488.1374109232225
7	38	439.00152385270724
7	39	453.0993397330064
7	40	494.01464551167805
7	41	486.84212175384533
7	42	326.8862338736608
7	43	491.17274716948765
7	44	421.7691044896822
7	45	349.2922248704083
7	46	558.8574896773551
7	47	304.91496685584707
7	48	397.93002649076874
7	49	382.1866908010634
7	50	435.77467586830744
7	51	306.45581229630494
7	52	277.9315462556533
7	53	267.2416235367641
7	54	300.43489568676574
7	55	172.45986307464528
7	56	177.37060810895818
7	57	209.92348442558242
7	58	490.6233488739322
7	59	258.6768954357303
7	60	270.3383859482206
7	61	206.11759430107773
7	62	447.40124230472156
7	63	328.4414114970204
7	64	417.71010054192624
7	65	250.78721434509663
7	66	225.78317987697645
7	67	302.7481630353452
7	68	297.84141530399427
7	69	560.2839093278202
7	70	166.63443327797236
7	71	315.0916666239816
7	72	229.29508701064083
7	73	295.70503274077583
7	74	330.6747697591579
7	75	508.2100522192969
7	76	343.52639447095044
7	77	853.952638967551
8	9	9932.677932086304
8	10	2288.537252702076
8	11	1858.6656123749776
8	12	2079.3652281931436
8	13	1421.612784294605
8	14	1544.577488548267
8	15	2191.6164297720206
8	16	1931.8297048695968
8	17	1223.632701640408
8	18	715.7830870733757
8	19	574.0603424462698
8	20	206.37834939719886
8	21	570.2816587913351
8	22	535.0290864512443
8	23	454.8058238232329
8	24	988.3095396231777
8	25	552.1460686829771
8	26	589.2620528326108
8	27	755.526069041958
8	28	488.37373228225204
8	29	525.0474230075438
8	30	447.4849147031429
8	31	805.3418255449159
8	32	464.13741960433515
8	33	326.44546419322626
8	34	616.5103317460774
8	35	755.1964734380185
8	36	708.5444527296921
8	37	663.9063195546452
8	38	667.3219598682059
8	39	870.0024165423408
8	40	444.6395956759121
8	41	467.3962035014549
8	42	261.5245234927314
8	43	505.23626881492737
8	44	759.2294916465207
8	45	471.5725182952499
8	46	402.4012980315102
8	47	137.21988691032954
8	48	437.7490345075108
8	49	375.2601349654799
8	50	522.9606785798707
8	51	326.9056202729535
8	52	375.2298787357716
8	53	280.62037553515734
8	54	450.679117035545
8	55	206.96413081278675
8	56	212.85737495406175
8	57	83.9743824384369
8	58	407.6189975732402
8	59	88.69449036802227
8	60	216.28355752120046
8	61	288.5817758061655
8	62	760.6272985226682
8	63	350.3583193421207
8	64	455.7108184695449
8	65	257.96788843108106
8	66	541.9118250738711
8	67	524.7946590838244
8	68	357.4309322729827
8	69	336.19031766316647
8	70	359.95175954345746
8	71	614.4652534691962
8	72	504.4791610293432
8	73	221.7919505554465
8	74	555.5666177551176
8	75	457.41622073404847
8	76	669.9162669505092
8	77	512.4020236601594
9	10	9870.236292592592
9	11	3256.9288241278223
9	12	2262.737668222576
9	13	1821.0024350427304
9	14	1987.3298979524059
9	15	1733.940263586127
9	16	1287.6671385881086
9	17	1413.7347616249656
9	18	1284.7822259101492
9	19	765.2834374286585
9	20	581.2000203237052
9	21	864.7798825406373
9	22	641.9255630741328
9	23	501.57917053030155
9	24	658.7608181601145
9	25	512.6197480685313
9	26	583.5506357509852
9	27	405.2767005609398
9	28	269.29964252406563
9	29	644.5317736589064
9	30	310.20336986933154
9	31	279.1376200318175
9	32	442.40231794505627
9	33	353.5890252386882
9	34	457.9011082268916
9	35	619.9504542792226
9	36	341.0929336466829
9	37	406.085284869032
9	38	365.20876065306487
9	39	188.46842132162314
9	40	192.6443445690031
9	41	337.50643649831846
9	42	339.92398050195123
9	43	182.41535917492948
9	44	438.5912222485559
9	45	136.20886007035995
9	46	193.7157770694787
9	47	356.71094656546194
9	48	551.7351076063494
9	49	433.5600844449151
9	50	244.0067544351927
9	51	177.04372138089084
9	52	325.1438457336432
9	53	347.37558137554714
9	54	351.46984461535953
9	55	179.33836625194922
9	56	258.2229645621965
9	57	509.3578266952848
9	58	196.22757493441043
9	59	384.2773367463065
9	60	156.1781893505094
9	61	178.61543723238185
9	62	310.1637927942801
9	63	227.6941239050903
9	64	276.4174803754559
9	65	260.7897773759697
9	66	430.4455200266818
9	67	419.7642278542804
9	68	232.29053939205897
9	69	291.3153215615621
9	70	311.905064092632
9	71	327.6589909357078
9	72	437.1408136852226
9	73	307.49912773186236
9	74	275.0908966855853
9	75	220.19993244838366
9	76	357.2278282638874
9	77	444.006125247517
10	11	9194.986154878288
10	12	6110.014230990567
10	13	3718.896482071239
10	14	2112.1153350020363
10	15	1194.4172844818281
10	16	894.0999956240997
10	17	749.8607294742092
10	18	974.1287310080008
10	19	619.942747994754
10	20	1759.1076421378732
10	21	810.151861925006
10	22	536.5210275727084
10	23	580.4578951824573
10	24	304.9432196585146
10	25	355.94083344198003
10	26	337.6601279138827
10	27	396.8553134629918
10	28	667.8212370782525
10	29	658.1394125337899
10	30	314.11291579787047
10	31	444.17314703395573
10	32	837.7770197784562
10	33	859.3088831392344
10	34	132.4777468341056
10	35	279.00613133017987
10	36	236.84008183613594
10	37	39.162213991467766
10	38	246.54103259631114
10	39	363.51184942896543
10	40	148.62649452940423
10	41	468.6995487469354
10	42	786.7613722300089
10	43	337.76342131172174
10	44	609.0772966733897
10	45	525.4305658802373
10	46	403.5234034629099
10	47	550.4101110977614
10	48	279.34435959107276
10	49	250.8710377525735
10	50	322.7193641007478
10	51	286.84005371099806
10	52	209.04234223830423
10	53	361.8037183060531
10	54	406.7422616649749
10	55	674.5090791799115
10	56	683.0429847125821
10	57	252.62564090387696
10	58	408.7556526818497
10	59	400.238176630074
10	60	469.92111677342984
10	61	206.7046377412101
10	62	224.33774280442705
10	63	87.83382542755047
10	64	91.3963157491104
10	65	129.3436189608149
10	66	362.28197258197724
10	67	202.40694664046137
10	68	313.62418218918896
10	69	126.42292208519554
10	70	120.318497814641
10	71	426.5852567540796
10	72	183.9585138069928
10	73	400.3387606747862
10	74	159.17595093227965
10	75	152.89724552138614
10	76	516.7571877920748
10	77	513.830868687802
11	12	13400.912178273005
11	13	7284.638338438148
11	14	2348.1676787682986
11	15	1252.0262983315981
11	16	710.0182850943219
11	17	649.609864839113
11	18	977.1414445855808
11	19	703.2941168967631
11	20	903.8984040657914
11	21	870.4198559945235
11	22	557.154647151531
11	23	559.7254431837014
11	24	726.4800232616514
11	25	251.2515392435856
11	26	268.1409978072948
11	27	487.0481253946152
11	28	353.55127451853014
11	29	592.3235528138586
11	30	249.44180169143647
11	31	352.72459197571266
11	32	554.4094674214106
11	33	584.9058327373801
11	34	420.8103034589743
11	35	284.86668202766305
11	36	250.7710391379093
11	37	342.0923495166853
11	38	447.50160135782386
11	39	259.8032156197185
11	40	206.54644474128816
11	41	372.20137731181865
11	42	416.51937741727386
11	43	670.5575616291704
11	44	523.9839183980023
11	45	584.1532665334871
11	46	498.468472149705
11	47	546.3612083280187
11	48	538.7338057442823
11	49	398.44094592704187
11	50	192.20723402330458
11	51	227.78401076949567
11	52	398.4088206900079
11	53	287.3137869026611
11	54	466.5557890256093
11	55	494.4349181631051
11	56	406.8110482816965
11	57	401.22765955327264
11	58	396.7321426340686
11	59	423.7802262103099
11	60	373.17144289681255
11	61	295.4650840297818
11	62	213.77998014651155
11	63	313.8757419064244
11	64	181.447980342584
11	65	273.9032471294521
11	66	251.73187885375413
11	67	160.73440761458
11	68	355.79098709302383
11	69	200.78869651014244
11	70	159.24455486257912
11	71	414.0372905371819
11	72	474.7737442212514
11	73	317.91504496394367
11	74	189.6060333223237
11	75	485.67203038610023
11	76	451.40114024181713
11	77	816.081677664209
12	13	8701.553576036024
12	14	3665.5691265986534
12	15	1510.260972803204
12	16	277.0906363177006
12	17	887.30508924731
12	18	619.6737736156357
12	19	1276.2690987562676
12	20	865.8507058702703
12	21	886.144447719806
12	22	498.819886999923
12	23	925.1474171123589
12	24	425.27245314026095
12	25	330.92899847644
12	26	510.14091632183
12	27	268.3406782768913
12	28	455.3220303714519
12	29	367.1353149480922
12	30	542.3605824629362
12	31	488.04512424074017
12	32	692.3615364094954
12	33	494.57296292232496
12	34	492.6743319251364
12	35	259.4004703451169
12	36	330.2961210850499
12	37	400.51329154601996
12	38	130.98096141667367
12	39	236.5776013159178
12	40	276.36512791217683
12	41	326.82314941213184
12	42	406.37551789202513
12	43	314.0289065904094
12	44	849.4164795609967
12	45	732.7631221215281
12	46	458.5386157403716
12	47	469.08857379718853
12	48	333.9191975492281
12	49	388.73736620488586
12	50	300.0419898949932
12	51	266.68390580419845
12	52	155.48240933670252
12	53	336.379900519593
12	54	546.2320189752826
12	55	530.6328649009212
12	56	436.5939865757073
12	57	508.89307633408964
12	58	506.7100523628182
12	59	330.7676295234413
12	60	268.86149421211064
12	61	384.3591536641395
12	62	250.28833189660673
12	63	81.66177395275375
12	64	169.94785870905025
12	65	320.679171071638
12	66	294.7214795338864
12	67	263.45743612540264
12	68	124.96539564041096
12	69	195.89871433383598
12	70	74.5758400255384
12	71	308.473871570561
12	72	171.0318148852842
12	73	372.2070992537629
12	74	554.9651768754642
12	75	521.2284396164121
12	76	576.5338142000222
12	77	477.72415745846433
13	14	10709.138104893711
13	15	1532.9500697052824
13	16	885.427530397257
13	17	972.11433072282
13	18	1401.3246523859273
13	19	999.8280666840446
13	20	1106.7108760938845
13	21	906.119903981374
13	22	735.6696320277423
13	23	886.8769479254353
13	24	407.680255385711
13	25	469.9844382276816
13	26	401.26192770694036
13	27	257.2402596088612
13	28	846.5198063207414
13	29	573.5450023968725
13	30	213.30248747783486
13	31	239.92626485049945
13	32	940.2709839839089
13	33	729.4061827250149
13	34	419.8168250925011
13	35	189.46276590737463
13	36	187.634251010482
13	37	139.61647390741857
13	38	251.1253734245699
13	39	259.18985403580086
13	40	353.24368365105835
13	41	603.3993197285708
13	42	467.47803303990815
13	43	702.4231856100243
13	44	784.1202908289412
13	45	1123.9215878963469
13	46	586.0937338369938
13	47	545.0713206130736
13	48	331.961777412352
13	49	248.4376741892371
13	50	623.1987377059586
13	51	438.26061026875055
13	52	496.83528663656114
13	53	525.4983734731346
13	54	644.4752005669394
13	55	863.2183379086354
13	56	558.0446029605909
13	57	250.17525828798347
13	58	161.91634486582404
13	59	422.77973624269566
13	60	429.5658850164083
13	61	98.25584313840746
13	62	53.31881835813702
13	63	104.37824070813168
13	64	162.91764474551883
13	65	256.178059880602
13	66	322.89116483008144
13	67	192.42592151346074
13	68	106.48530326146044
13	69	50.07866513157263
13	70	238.30289878653443
13	71	394.284356810443
13	72	163.95676102848265
13	73	475.7467333695444
13	74	189.15839815105934
13	75	121.13135548070004
13	76	491.27502642597966
14	15	6105.12930273699
14	16	3084.2752558109714
14	17	1717.6568570636864
14	18	1937.7711840504699
14	19	1554.098734082682
14	20	1210.5348519796166
14	21	1072.131294959953
14	22	1077.0400292421068
14	23	783.524233123456
14	24	617.4360043479936
14	25	533.847254947057
14	26	341.8399012777638
14	27	422.05914794280176
14	28	801.2894295089324
14	29	592.2544744688363
14	30	444.1921617203371
14	31	508.71916726549466
14	32	586.373622003577
14	33	552.3466406073097
14	34	437.1241640672017
14	35	609.7545924029833
14	36	426.26104904123224
14	37	352.41767967150935
14	38	602.1923343676028
14	39	523.3943210126615
14	40	434.6803889619656
14	41	492.07553837450695
14	42	668.6670095917475
14	43	531.9136251449221
14	44	639.4545065672144
14	45	425.5477456067985
14	46	443.8225403525314
14	47	866.7920178373367
14	48	538.6709771778147
14	49	451.51374251112406
14	50	326.71419111929646
14	51	295.0001205249381
14	52	225.7386690776099
14	53	253.23224646766317
14	54	569.3709126981976
14	55	606.9854085719982
14	56	268.9159387932722
14	57	265.2251289495038
14	58	367.83599288369004
14	59	480.2282443468157
14	60	325.29100949199074
14	61	260.4166259761394
14	62	161.50381446586198
14	63	513.7662907512309
14	64	205.61706198380156
14	65	349.18591235227973
14	66	366.7665309115848
14	67	291.43106771222864
14	68	241.90965578650238
14	69	151.68932266619203
14	70	252.63856023261653
14	71	682.4546012080888
14	72	206.92852236917798
14	73	440.3198531720334
14	74	322.29266563781056
14	75	412.77308152101614
14	76	604.533440957692
14	77	462.3923522965368
15	16	14059.616449443862
15	17	6057.048695839453
15	18	845.3502060991299
15	19	649.0003591176525
15	20	379.14461438140273
15	21	698.4557577309572
15	22	869.5061087358806
15	23	455.7485957105826
15	24	837.9954144736249
15	25	797.0019619476399
15	26	850.577480935642
15	27	1123.6209741218568
15	28	774.8613051265436
15	29	803.8185825111802
15	30	616.5672026238748
15	31	258.91610208666395
15	32	170.53649618757268
15	33	562.2412065007653
15	34	566.3059440943223
15	35	876.2506538628595
15	36	723.1615947843738
15	37	681.5884826717021
15	38	612.979820512866
15	39	799.1553660892664
15	40	646.682711255684
15	41	429.334651278822
15	42	440.4175486051301
15	43	232.046640152475
15	44	371.9482832420478
15	45	336.91068097583855
15	46	123.21082889295518
15	47	378.1369115997687
15	48	365.5470409939192
15	49	497.9021875052538
15	50	332.5668475033426
15	51	187.67791307131714
15	52	459.5649627434079
15	53	184.12040725307253
15	54	124.19366702269387
15	55	95.05519328577051
15	56	430.15219541686923
15	57	269.97628940212377
15	58	208.01405135121976
15	59	162.94363457485443
15	60	198.67090286585673
15	61	568.0321037193095
15	62	410.99235889224445
15	63	482.7412987007136
15	64	418.60084413586765
15	65	197.46728897771837
15	66	331.8548199564576
15	67	407.8960506494324
15	68	533.5268252295772
15	69	463.2199140127895
15	70	477.59074778763505
15	71	260.5049552374496
15	72	463.397826202693
15	73	325.9691680328369
15	74	619.6804416919368
15	75	980.3905302243405
15	76	426.02044497101207
15	77	941.3510101051253
16	17	9153.895714915006
16	18	1318.333957685835
16	19	506.0619881571137
16	20	591.2806507958555
16	21	680.7814210566476
16	22	353.74053456332854
16	23	1066.1182410993074
16	24	653.4320352173937
16	25	903.9522045071245
16	26	1447.075588967752
16	27	721.535547214119
16	28	254.40119090970887
16	29	877.4954188789559
16	30	512.823505682314
16	31	230.7330396391783
16	32	132.97687297332624
16	33	818.3672182481737
16	34	1261.6586105842237
16	35	1366.5235828857903
16	36	1127.7793279282503
16	37	1118.8900552577284
16	38	603.7575833650347
16	39	415.43084707420076
16	40	530.7945137914012
16	41	446.36841702479387
16	42	374.6381122378459
16	43	603.1326095637892
16	44	725.0723557572541
16	46	512.3967747718018
16	47	393.1394173442044
16	48	456.060055391858
16	49	955.6732734082087
16	50	576.2689502342972
16	51	117.0743978646473
16	52	238.89905500151747
16	53	229.71041675592323
16	54	516.4841029094802
16	55	148.23973337782198
16	57	360.8839854815677
16	58	129.7601801447768
16	59	254.11258564665496
16	60	413.10626177958966
16	61	708.6823955193541
16	62	640.9475968277142
16	63	501.89396241765616
16	64	1044.5009957930856
16	65	123.18105831795859
16	66	258.7658197832237
16	67	346.97392710294946
16	68	256.01279744972976
16	69	361.1985530454591
16	70	458.34375178645655
16	71	270.8404368249763
16	72	656.9768748374374
16	73	635.4411170006508
16	74	454.7760976259474
16	75	1019.2873268878948
16	76	590.563626999713
17	18	6566.92547222618
17	19	2372.906714475429
17	20	1284.814293249961
17	21	1432.5790944599787
17	22	1564.2805789719673
17	23	1137.981604909704
17	24	1394.9552825760902
17	25	1033.8048359432084
17	26	937.8037719490754
17	27	895.9141076971533
17	28	872.8376792075055
17	29	688.146881874225
17	30	410.54338079097295
17	31	527.755629117399
17	32	425.82115985377993
17	33	855.7033838953823
17	34	404.01080344718866
17	35	937.6947241506298
17	36	619.0966560979413
17	37	716.5863513338539
17	38	690.4872915935672
17	39	807.6826497669574
17	40	388.50757463584887
17	41	357.3424325779571
17	42	285.63655632013877
17	43	882.9088516823108
17	44	464.36819366086144
17	45	618.0606623752343
17	46	293.00125661489903
17	47	419.6395932981228
17	48	312.94381830842536
17	49	491.83003373104043
17	50	369.0679548852241
17	51	428.4547897966929
17	52	382.5036279395879
17	53	157.62497520869624
17	54	236.27079423595882
17	55	406.8824501494087
17	56	725.3450723570372
17	57	220.11996212195024
17	58	415.52060276802996
17	59	290.6158296928787
17	60	377.95914346512996
17	61	378.22611917454594
17	62	293.2078585052872
17	63	459.1927784597666
17	64	418.0902057930183
17	65	394.45280936551137
17	66	355.1250004611461
17	67	793.6333845898785
17	68	409.9046093876876
17	69	495.7016209648182
17	70	366.9293457453155
17	71	123.89865391668488
17	72	360.6487335538482
17	73	232.55109159515266
17	74	780.1569485414861
17	75	999.178144753047
17	76	810.4776298751576
18	19	9140.941511045026
18	20	4068.6616204356533
18	21	2342.2627106354807
18	22	2109.5743000360235
18	23	1059.6540978823332
18	24	1049.1440276128408
18	25	622.0186025427972
18	26	788.2999183832046
18	27	744.7437992716485
18	28	1094.1001116118298
18	29	690.0724826155727
18	30	1102.7469108887256
18	31	793.8486247459684
18	32	1052.2813211551452
18	33	1045.8067523616658
18	34	911.5679767417128
18	35	352.61948245034245
18	36	271.6127039824809
18	37	577.4396243797427
18	38	346.2097206825419
18	39	714.6553591601655
18	40	657.4410772023905
18	41	537.5135441753607
18	42	902.2728840644904
18	43	705.5367439042885
18	44	848.1802855029997
18	45	464.84260874365646
18	46	572.9512321868349
18	47	631.2207689490474
18	48	549.1841433684423
18	49	452.10576825428865
18	50	674.1119818666464
18	51	362.52031739726823
18	52	410.97210560447166
18	53	513.7146555423652
18	54	444.2473815616336
18	55	408.0210052577529
18	56	461.6032147243395
18	57	620.8197491252164
18	58	848.2482064988816
18	59	655.7153462775675
18	60	604.057967934369
18	61	325.1009888278935
18	62	220.52124354258197
18	63	431.6978535633922
18	64	449.2072745372783
18	65	339.04850000982793
18	66	222.5742035984682
18	67	477.5124971857113
18	68	220.20622565656072
18	69	331.3924756723446
18	70	433.6625493082225
18	71	605.6960919553023
18	72	587.694112827318
18	73	480.97876523409724
18	74	352.0530070260424
18	75	651.2831558294233
18	76	914.3387342070056
18	77	1010.1788554802494
19	20	11420.779058028365
19	21	3479.5641526500394
19	22	2522.8113459069987
19	23	1830.4375411334938
19	24	1132.6765840595713
19	25	1007.3153266946078
19	26	1039.1941068261128
19	27	581.9718775461683
19	28	718.1769318694304
19	29	745.0158622558106
19	30	800.0477950298259
19	31	788.4902614723844
19	32	553.213612264627
19	33	799.0366986218177
19	34	749.8261075669199
19	35	575.2723656047096
19	36	368.64260038998384
19	37	531.9809767180957
19	38	568.1377607595339
19	39	493.7958531914318
19	40	410.09878196187896
19	41	762.6934365431306
19	42	445.30816036747484
19	43	896.1310396924226
19	44	689.4773944848143
19	45	535.3101315251397
19	46	570.9871849451889
19	47	584.1243355479252
19	48	406.5668794423874
19	49	283.9867951178926
19	50	616.4763593206761
19	51	521.8454460074151
19	52	638.9187705350363
19	53	546.0839127754533
19	54	422.0640466659448
19	55	352.4060196093117
19	56	289.9525437860592
19	57	714.9325283579855
19	58	732.6283947175009
19	59	604.0944812827458
19	60	552.4118646573634
19	61	280.78835150047036
19	62	228.5559204297664
19	63	223.7133681174879
19	64	310.3827412007415
19	65	256.23041327015886
19	66	422.9200799068128
19	67	584.2694977166805
19	68	494.4970872572357
19	69	107.33335579720206
19	70	340.5022844992453
19	71	402.4131980166892
19	72	390.45301850135473
19	73	566.4809030169494
19	74	608.1333916579251
19	75	475.9704332518078
19	76	614.219281254541
19	77	436.2436062922775
20	21	6807.36188618849
20	22	3602.673467517179
20	23	1768.520002463161
20	24	1209.9789257885684
20	25	902.3228869749576
20	26	334.9489450137562
20	27	429.4569089244924
20	28	1369.0821055622607
20	29	826.9496632565354
20	30	489.6426874683435
20	31	640.8825258016199
20	32	1385.0837263751534
20	33	1258.3183618372632
20	34	350.43743987208506
20	35	316.30388620577725
20	36	274.0948184923213
20	37	194.23883924178588
20	38	489.12294904891775
20	39	504.8303325176691
20	40	626.5907774422108
20	41	658.6596276481373
20	42	737.0861978515954
20	43	753.8656703295065
20	44	855.9313242531733
20	45	677.5752270454261
20	46	1111.8982858863649
20	47	955.483706525185
20	48	712.5464904334028
20	49	456.2373065472796
20	50	320.1281454487403
20	51	487.7775800609185
20	52	497.6732960104706
20	53	398.77630963606856
20	54	1120.7677662849555
20	55	1235.2490336872263
20	56	931.6430895920128
20	57	417.6620458909024
20	58	675.789367847785
20	59	749.9352313424727
20	60	788.8657910039918
20	61	287.0629146416055
20	62	178.02916972956777
20	63	130.6928686483103
20	64	271.9873950837007
20	65	171.07343601329026
20	66	494.13800272289853
20	67	361.4071598774738
20	68	177.77485240486294
20	69	418.0261045291115
20	70	238.70484298893743
20	71	329.1244950742958
20	72	364.96290223325167
20	73	441.24923406984624
20	74	434.21915760600893
20	75	151.6695838484042
20	76	307.56478583703364
20	77	509.7051536578692
21	22	9163.31291414083
21	23	3220.0636852179523
21	24	1776.2415252109315
21	25	1517.7052706593645
21	26	1079.818275282153
21	27	1417.4600196942736
21	28	894.9411874582952
21	29	1162.5924182635774
21	30	656.0101896760561
21	31	1069.9425531422314
21	32	850.5283269503715
21	33	1009.4774433820023
21	34	524.5270370041612
21	35	764.7823391123172
21	36	865.6015833469954
21	37	393.60696037111677
21	38	514.8894598798075
21	39	664.2803658732289
21	40	475.2992483166536
21	41	606.687516933822
21	42	638.988960388456
21	43	771.534715580807
21	44	834.7693963378068
21	45	384.0680396990547
21	46	450.6317132639014
21	47	335.27254618586437
21	48	364.6235499716727
21	49	191.0170477787973
21	50	479.1607530723797
21	51	861.1373763405572
21	52	687.6059276905283
21	53	697.889984453892
21	54	454.2263488510868
21	55	616.2978436690588
21	56	624.095259212012
21	57	500.11787662920176
21	58	871.4518681209066
21	59	528.2289539203686
21	60	594.506986149269
21	61	566.5970694027784
21	62	532.9402756317736
21	63	401.26811397423273
21	64	501.0519862886739
21	65	393.93684443220803
21	66	703.4099487505126
21	67	443.85335151243646
21	68	327.4947461525594
21	69	500.5538085863929
21	70	256.51456806073884
21	71	519.6936695513859
21	72	336.16518704731754
21	73	487.718495434721
21	74	327.2373142053464
21	75	465.67321145791357
21	76	236.08009911738756
21	77	938.9728505001361
22	23	8529.916221571904
22	24	2714.5649327610026
22	25	1752.47592822357
22	26	1502.9033002489095
22	27	1084.805407936654
22	28	1690.981805546471
22	29	1006.8235579380613
22	30	1100.7233483098323
22	31	1086.343729324838
22	32	736.5710827069375
22	33	1133.2527501188786
22	34	594.0176241340226
22	35	662.3136910382685
22	36	312.3436512126593
22	37	433.8344169948768
22	38	501.6402855565482
22	39	632.8051189937964
22	40	558.6226941986016
22	41	772.6486118945396
22	42	553.3746207826989
22	43	835.2016958079864
22	44	722.9235977075606
22	45	540.4896928935585
22	46	674.0755117671272
22	47	725.8784173347221
22	48	505.2316861846334
22	49	397.017136496491
22	50	606.481237463193
22	51	389.09148965951545
22	52	562.3955952480345
22	53	540.7644938792286
22	54	536.4098936548733
22	55	656.8907718934995
22	56	439.1371060869039
22	57	299.84541895236924
22	58	754.6912027378651
22	59	563.0211574512236
22	60	543.4554402636464
22	61	425.2578111258406
22	62	355.02674622864555
22	63	417.00549618451595
22	64	216.95950172312425
22	65	477.61781748854605
22	66	573.3310335354623
22	67	224.22404338684498
22	68	602.6832948834426
22	69	300.1067817359187
22	70	444.29140603479414
22	71	562.5787477148633
22	72	363.9055101780741
22	73	844.743975845293
22	74	503.80929424437977
22	75	362.95237867376505
22	76	654.2372074485011
23	24	6787.424863677742
23	25	3615.440063569628
23	26	2281.5328629112237
23	27	1778.1124632868355
23	28	1911.1322835311682
23	29	1464.8864196424777
23	30	891.776010289603
23	31	1091.3562840315064
23	32	850.9651933876048
23	33	943.3134501334413
23	34	596.7585115321097
23	35	538.632619827609
23	36	596.191219151474
23	37	591.4919786355624
23	38	391.9649454822849
23	39	664.6215676740009
23	40	738.4214000295665
23	41	838.3108281395133
23	42	625.4189720999757
23	43	872.6176608108447
23	44	484.1728512105181
23	45	542.9835942996111
23	46	712.8271562096875
23	47	401.0752517358312
23	48	634.4536272512486
23	49	531.7987116937383
23	50	448.942888109753
23	51	521.1824223959073
23	52	731.164271988753
23	53	511.3032124787779
23	54	610.7362996150274
23	55	453.6962138017401
23	56	271.485139253986
23	57	535.5181354413182
23	58	541.5524731379412
23	59	459.5654557418835
23	60	603.4328182965239
23	61	427.22001515497533
23	62	427.9978721689105
23	63	314.19721708581136
23	64	363.26764294181993
23	65	582.6405367830505
23	66	827.9661754345179
23	67	740.1355548415424
23	68	320.5398531179016
23	69	569.4839821028605
23	70	573.867557944978
23	71	527.4962666116035
23	72	365.5846253868112
23	73	565.7611684345312
23	74	411.2338317170146
23	75	445.655339542359
23	76	451.8634705310369
23	77	408.45875899714775
24	25	8439.806403779305
24	26	3855.7967801835716
24	27	3533.1220670763514
24	28	2570.457263322544
24	29	1314.6944408628751
24	30	951.04284324379
24	31	1298.4541544605102
24	32	748.3296429041824
24	33	747.625911581931
24	34	742.2733085953373
24	35	349.5515908264853
24	36	894.2932969899756
24	37	572.4157324081256
24	38	926.6335087746845
24	39	903.2580044578714
24	40	651.7211494209948
24	41	570.8968078553718
24	42	383.32407799482536
24	43	617.1162087291167
24	44	482.22402916638
24	45	268.79903366091065
24	46	360.4402093730536
24	47	435.7755295052576
24	48	466.6337847986114
24	49	641.7012722549898
24	50	324.29634424634247
24	51	509.1022379926462
24	52	702.7590129716715
24	53	528.8315426887352
24	54	396.3440706102049
24	55	417.11082635056613
24	56	374.3894725081828
24	57	492.33475000356293
24	58	431.4981559972649
24	59	455.0073029985197
24	60	739.6971918797445
24	61	543.8348708656384
24	62	688.5983312959132
24	63	609.8172890213642
24	64	801.538274066878
24	65	819.2405321676832
24	66	496.43492302048946
24	67	325.43362511125684
24	68	229.20488610250246
24	69	277.17969247476276
24	70	527.5917321514427
24	71	554.2397174142176
24	72	638.598408051303
24	73	390.1042723698683
24	74	523.4850658536609
24	75	558.7068493968276
24	76	528.723838070357
24	77	751.0425051502763
25	26	9921.380969726995
25	27	4568.531505849322
25	28	1856.745136648249
25	29	1763.287580497983
25	30	1258.9547395590903
25	31	1163.4932004925713
25	32	917.5926480135764
25	33	434.38886202211137
25	34	837.1096066220365
25	35	906.6874424766556
25	36	987.7306508772137
25	37	1039.3358778782037
25	38	988.1287456598837
25	39	661.5313842693013
25	40	422.6181468515972
25	41	414.6311859557156
25	42	364.57245105040045
25	43	608.2706588706989
25	44	384.86800115882824
25	45	358.57374057769067
25	46	339.97490205769816
25	47	382.5766688006068
25	48	453.89329216599896
25	49	760.9062590313465
25	50	917.649710041444
25	51	497.14419958523575
25	52	634.0374243143052
25	53	548.6857236812818
25	54	137.07473656851894
25	55	314.7422704750894
25	56	226.5931263166923
25	57	574.6710533356298
25	58	688.7663109176536
25	59	269.76563685148096
25	60	274.0957160600515
25	61	438.8629226632845
25	62	578.3648644385476
25	63	965.7182508567204
25	64	589.0718287927543
25	65	555.7677136795093
25	66	446.39644563968744
25	67	613.9118885538663
25	68	577.5386616019521
25	69	830.8039569510644
25	70	516.9882904239311
25	71	754.7502505263461
25	72	313.8506621535281
25	73	202.3750738355688
25	74	573.3128837571237
25	75	541.0371433843547
25	76	391.838553896994
25	77	389.6196304390377
26	27	8174.716016970808
26	28	2485.9545619166547
26	29	1810.8060849454907
26	30	1452.5225201885603
26	31	1339.7340637734346
26	32	602.6304192933444
26	33	662.270074328412
26	34	893.3812141787112
26	35	1451.454245356872
26	36	1405.5029372207177
26	37	1964.8710533324788
26	38	798.0393953586623
26	39	1147.2506386960456
26	40	781.7802961300408
26	41	537.32536166782
26	42	353.7086274431329
26	43	204.99770896091636
26	44	369.6654004547182
26	45	382.6775385156196
26	46	253.9799231445345
26	47	259.8234387056437
26	48	548.9918750054949
26	49	879.7266589004481
26	50	620.2457084705547
26	51	364.7619840097328
26	52	270.6633011915288
26	53	487.9742490780661
26	54	219.4336206753789
26	55	83.97491485166937
26	56	276.37144453381376
26	57	374.79517566765526
26	58	661.5594785185048
26	59	179.9372733627019
26	60	468.0332643234839
26	61	702.5457973581119
26	62	762.4770305994615
26	63	746.3219692882265
26	64	1035.456488788644
26	65	418.67798792749295
26	66	439.7573549481897
26	67	818.9748153293999
26	68	761.3878207870166
26	69	306.9178928489271
26	70	811.3837096007273
26	71	575.3468242586146
26	72	446.5974880031202
26	73	251.97549087708913
26	74	644.0544516053974
26	75	536.163058767554
26	76	418.1784562897548
26	77	831.6207477634391
27	28	7329.439650697629
27	29	3520.5415875388017
27	30	2327.9511734160487
27	31	1340.6817606065006
27	32	869.249705259804
27	33	566.089177128359
27	34	1252.3634508642197
27	35	1020.0989037890196
27	36	982.9497179772742
27	37	1246.0914536318285
27	38	828.3138768226387
27	39	1005.7809672176921
27	40	925.2595870747082
27	41	432.2730113784158
27	42	423.27577080656295
27	43	379.65649146367986
27	44	596.8496401752978
27	45	181.72312112621844
27	46	403.175766536366
27	47	444.1790209672125
27	48	414.05494457009667
27	49	549.5126904032471
27	50	502.26439524514853
27	51	396.8209937467233
27	52	665.1459393155925
27	53	333.6849443490919
27	54	343.8700283446227
27	55	323.0069050485972
27	56	295.2928300749784
27	57	436.8600051336534
27	58	251.32523578644083
27	59	399.89336993877663
27	60	300.0459054467965
27	61	486.13175108864857
27	62	527.6016103776494
27	63	668.3121130363319
27	64	1011.5177813177402
27	65	477.16500534513875
27	66	469.8647289989831
27	67	840.0429926153116
27	68	712.7942495855898
27	69	670.4358900131241
27	70	582.5796236587734
27	71	622.9336374717743
27	72	445.3616180764188
27	73	369.2251083045755
27	74	578.0449428431776
27	75	916.5931438231912
27	76	428.93612269090977
28	29	6104.75931951288
28	30	2528.051935631835
28	31	1964.6661914965853
28	32	2026.191160975291
28	33	1467.011772507504
28	34	640.8035391855702
28	35	714.4787292920867
28	36	471.7221722224191
28	37	735.4348721307889
28	38	992.1090527026367
28	39	589.557916100661
28	40	634.3377261056115
28	41	1033.5447497127489
28	42	447.719563889177
28	43	360.39348387198373
28	44	823.1880710699219
28	45	762.4626194027004
28	46	765.43887636226
28	47	978.8124121835051
28	48	647.2167817272174
28	49	535.3586658206448
28	50	275.4731829504556
28	51	489.69322193372085
28	52	606.6909014403346
28	53	686.3012881713267
28	54	732.9674566897189
28	55	708.6286911122414
28	56	619.4856860108177
28	57	503.16278884208435
28	58	659.0592889753777
28	59	569.4053756881348
28	60	802.2491376302863
28	61	423.4632872274675
28	62	229.7935814485437
28	63	562.3120151620752
28	64	273.0555672674893
28	65	515.2358707722358
28	66	850.4204979293445
28	67	621.9883011721838
28	68	420.68641613075727
28	69	503.6013749226378
28	70	445.0499951573017
28	71	687.8069432413411
28	72	431.82411146523543
28	73	531.5785750065768
28	74	509.5220964040732
28	75	304.53046724614103
28	76	485.21421236466574
28	77	1315.8177721071427
29	30	7172.215508206089
29	31	3566.6532445731136
29	32	1644.4368649940614
29	33	1583.4334448352138
29	34	1634.5052892287947
29	35	1039.4159492273704
29	36	763.7368814947332
29	37	1120.103433928272
29	38	918.4697131846568
29	39	886.805842122656
29	40	843.940799659888
29	41	854.2768011402432
29	42	955.9954987884339
29	43	568.2698125485823
29	44	597.7659548035288
29	45	530.4061547348432
29	46	565.7563706234972
29	47	231.50926870919486
29	48	604.2634796202818
29	49	668.2898303575971
29	50	780.503490452676
29	51	1034.1296384362693
29	52	844.0875131627306
29	53	642.5339693668161
29	54	190.08978063723833
29	55	218.23601726190248
29	56	538.6805403123844
29	57	1027.155394317329
29	58	725.916785069144
29	59	748.2004637219196
29	60	729.8016251576868
29	61	660.7631165130041
29	62	679.3863580630286
29	63	591.103812453085
29	64	884.1755579863609
29	65	435.22814765298483
29	66	533.3309017542457
29	67	544.863062692641
29	68	640.7260753760385
29	69	354.5002492977419
29	70	371.1212369054731
29	71	438.5993592221315
29	72	619.0017246499735
29	73	523.8719460330419
29	74	401.7081872597808
29	75	342.989140008917
29	76	173.88354789828992
30	31	9588.303793939705
30	32	2963.1985168560223
30	33	1901.0645172237191
30	34	1025.790167766021
30	35	1268.792260487092
30	36	1494.2722045911944
30	37	1145.5636979661247
30	38	999.949804886519
30	39	1219.709113161237
30	40	799.1887128279021
30	41	1041.7129729855571
30	42	827.3062292040055
30	43	363.2417151103018
30	44	655.02143784304
30	45	542.4624348405924
30	46	385.74411400941557
30	47	513.0050013321626
30	48	755.331570104521
30	49	503.6170225861662
30	50	832.9508377906296
30	51	599.3268933116486
30	52	683.4251377384156
30	53	726.3114666652247
30	54	311.05691914707063
30	55	267.83589949778167
30	56	624.381552782965
30	57	688.2605360487568
30	58	820.5662423732156
30	59	497.384725063248
30	60	870.7885900258821
30	61	746.9174411833524
30	62	617.6257776170579
30	63	717.8909736440507
30	64	668.3757810069251
30	65	853.1485930367833
30	66	974.0243967446313
30	67	383.1079672446745
30	68	655.2899581040825
30	69	326.3023251183925
30	70	345.05175120073386
30	71	530.1268170696529
30	72	672.6387947416735
30	73	382.6997869636999
30	74	582.0220960215127
30	75	526.1780685014805
30	76	400.13093144113054
31	32	7530.905082431728
31	33	2566.0196329667383
31	34	1880.3094003635658
31	35	1172.5847812696875
31	36	916.7906094043376
31	37	1000.5208086679811
31	38	1172.4776573637293
31	39	984.9894205659832
31	40	1006.8139797728826
31	41	876.9124512319434
31	42	879.8098531331353
31	43	555.6694223576274
31	44	589.4234008687404
31	45	488.13677646974634
31	46	763.6491077988593
31	47	532.6493062993819
31	48	463.42352372666267
31	49	550.2919334993255
31	50	562.1503593650318
31	51	666.2021029663982
31	52	550.247564919785
31	53	622.4514192005292
31	54	524.8231676713269
31	55	482.0261983381071
31	56	760.1526922213006
31	57	847.5093053614954
31	58	773.5508939493917
31	59	344.28725916365676
31	60	447.7612858080373
31	61	800.1385125874968
31	62	486.3011836189253
31	63	611.9969486936477
31	64	707.5768878589691
31	65	867.8447703583048
31	66	806.3610137722592
31	67	658.142070702024
31	68	450.92031690061475
31	69	489.37387152802256
31	70	620.9921230614337
31	71	733.9023482671493
31	72	569.6719463048164
31	73	482.12329501972005
31	74	431.3109130365877
31	75	512.9401666429472
31	76	600.0987671982195
32	33	10881.469381717314
32	34	1812.67850026484
32	35	1636.1187157534114
32	36	1162.4095401386846
32	37	873.6722034646383
32	38	1162.8780374692521
32	39	940.7145119848218
32	40	629.9863186855008
32	41	1150.1871277410792
32	42	1131.1229017835938
32	43	941.8980774792849
32	44	815.2765377067722
32	45	937.7489849992089
32	46	760.1881459245608
32	47	695.8175083006474
32	48	462.941903115779
32	49	671.603660773123
32	50	431.97395018989806
32	51	1023.8611405257201
32	52	596.9328988005868
32	53	753.340099052662
32	54	766.2520763623562
32	55	833.4090771715133
32	56	342.85606444545425
32	57	1014.4513297916127
32	58	729.5163686812663
32	59	952.4200234120229
32	60	741.9091352948171
32	61	405.8019927007697
32	62	320.30491451814856
32	63	587.8470391132778
32	64	326.2345508309495
32	65	346.2641553601822
32	66	565.7519325417084
32	67	397.3647770110105
32	68	319.84735416961803
32	69	601.6803465676724
32	70	608.4170015328111
32	71	592.1512380287903
32	72	205.19708122075423
32	73	635.1062510245134
32	74	426.12791141956103
32	75	136.43975637071648
32	76	322.79428707375735
33	34	4399.879081039578
33	35	1970.0243701041513
33	36	1579.3903133903095
33	37	1566.941396477905
33	38	1851.319242630642
33	39	1368.9108049967879
33	40	699.6209841223317
33	41	1164.4268950116882
33	42	960.16063642121
33	43	1126.2035372171347
33	44	1035.332519598451
33	45	948.1095286677686
33	46	844.2144900536739
33	47	899.6229123445457
33	48	500.930172414343
33	49	721.6677512593476
33	50	632.965990301138
33	51	417.9270191424071
33	52	787.2104346567394
33	53	883.0878095696366
33	54	886.4048840063547
33	55	651.2980413143572
33	56	703.3357441435827
33	57	627.6176100968834
33	58	570.1072798983807
33	59	907.1198945533525
33	60	794.0630402975231
33	61	454.0708203963883
33	62	281.6032550025405
33	63	379.0005405685152
33	64	179.2602674128691
33	65	202.95060283796744
33	66	710.5621572556561
33	67	349.3521627602726
33	68	210.90073541396958
33	69	528.9807817010975
33	70	409.0438247398076
33	71	483.41711975471094
33	72	613.3723070013579
33	73	453.6739316406879
33	74	468.2998974730979
33	75	359.86222281553916
33	76	689.2087609886097
33	77	806.2422050255018
34	35	7390.381125374418
34	36	5380.676002330548
34	37	4011.987951757387
34	38	3250.309237964883
34	39	1846.6170290278492
34	40	1447.1084808878006
34	41	992.0682658779115
34	42	1110.1937866090236
34	43	857.9083275507031
34	44	945.4114546273211
34	45	533.8307579521081
34	46	531.4486005741785
34	47	271.83802795685034
34	48	675.7388307241484
34	49	920.4064163260256
34	50	614.7726762019211
34	51	589.7903876268527
34	52	672.5504585209325
34	53	578.6106877826303
34	54	382.63421632901645
34	55	263.57408744386345
34	56	542.1585676598501
34	57	712.9567535189398
34	58	346.0754443719982
34	59	414.1671988452972
34	60	642.6994338780787
34	61	665.0293782719607
34	62	759.7476244897981
34	63	818.0154320295218
34	64	889.8842972863806
34	65	474.54141326499786
34	66	421.75130548452427
34	67	719.7500728872179
34	68	531.0636195722874
34	69	749.2571186886071
34	70	475.38578980578774
34	71	601.951644073522
34	72	856.6227328414602
34	73	338.94923187202613
34	74	404.301843344295
34	75	733.5578042597364
34	76	481.2671566659375
34	77	435.0380112090791
35	36	9321.020734516216
35	37	4459.17531408812
35	38	3552.762240000153
35	39	1972.3226557842434
35	40	1362.9456043625426
35	41	984.9819493957729
35	42	768.2443988961104
35	43	645.2881150285488
35	44	504.237986947504
35	45	441.6813495438422
35	46	479.6840706906006
35	47	560.8234729560642
35	48	579.424040369097
35	49	830.7563440679178
35	50	709.0288662262548
35	51	344.4573711903137
35	52	575.0926354984038
35	53	768.0182987559411
35	54	483.5104534780473
35	55	396.5020984062393
35	56	326.2339053596622
35	57	418.2833453698793
35	58	659.4409395833329
35	59	475.77879291292373
35	60	580.098772186249
35	61	852.9921279260794
35	62	685.7461527211467
35	63	1006.8252522865549
35	64	628.5969093175545
35	65	560.1105040457015
35	66	657.5236530170979
35	67	464.0317648100803
35	68	855.9581926404779
35	69	515.2590099310885
35	70	766.2177307058778
35	71	507.09859874385273
35	72	632.6062066831822
35	73	271.9419206317136
35	74	608.2029186942215
35	75	701.0547795073167
35	76	473.8804745775774
36	37	7943.123546734509
36	38	4717.954240598813
36	39	2173.3764197763553
36	40	1659.1190214266092
36	41	650.317225299646
36	42	694.6708994175427
36	43	607.1073859341501
36	44	537.7847571438897
36	45	437.41866012593573
36	46	475.05461505661776
36	47	104.13955064591694
36	48	875.8488255578935
36	49	759.4510817258605
36	50	580.0666891892857
36	51	589.2297193052314
36	52	442.97741203261484
36	53	365.0909350364711
36	54	136.8125912077173
36	55	235.60526175864277
36	56	452.3195672274456
36	57	446.1115844699208
36	58	618.7041863655838
36	59	302.9059461314583
36	60	300.9286809593984
36	61	1032.4842697086535
36	62	1018.691972005119
36	63	1030.3452743341172
36	64	795.4553682812908
36	65	424.18606082219014
36	66	411.2702263760099
36	67	765.9222839751156
36	68	779.88151241721
36	69	797.3222167641472
36	70	515.9995883091857
36	71	394.58930035629925
36	72	278.4448407336514
36	73	437.6407671530157
36	74	843.2663694687043
36	75	1195.7197098408471
36	76	664.8516254765186
36	77	388.8745115268754
37	38	6875.702702776671
37	39	3548.2523243744113
37	40	2036.627834719434
37	41	997.1139169642041
37	42	820.4707522997245
37	43	507.2186131105499
37	44	800.3188235541584
37	45	276.1632880696005
37	46	235.6550928573829
37	47	447.7144186472728
37	48	599.2726172562838
37	49	816.2537610278883
37	50	726.9404764764229
37	51	799.9589000645826
37	52	502.269506862383
37	53	332.0288131708466
37	54	271.4684405814801
37	55	389.58032808363794
37	56	256.43105021211414
37	57	379.36738891915485
37	58	443.319858457896
37	59	200.34560687064
37	60	597.1134602827511
37	61	838.101372945906
37	62	909.5962833856214
37	63	824.3741829810261
37	64	857.8103339617924
37	65	356.0975699408373
37	66	510.0356901835635
37	67	820.6760222068286
37	68	874.6562851731111
37	69	791.0376410359319
37	70	752.8418036417619
37	71	711.7801943670785
37	72	932.3441207675896
37	73	434.191237608875
37	74	836.619657202876
37	75	1148.0273458949778
37	76	659.6111965752755
37	77	385.8093626258684
38	39	5400.298411607614
38	40	3537.7884681907517
38	41	1556.1154221545576
38	42	1357.7032625568816
38	43	769.7733972646821
38	44	754.0329984975067
38	45	603.1714275794249
38	46	484.42071575065114
38	47	526.5390488351381
38	48	916.2147721026649
38	49	621.1528220339883
38	50	953.4097488376509
38	51	470.3998584855212
38	52	762.2624537945434
38	53	488.62932487649806
38	54	640.8739078775978
38	55	350.36519198208924
38	56	634.2014626203888
38	57	568.6338112614172
38	58	766.721738364529
38	59	510.50667997358966
38	60	805.512074401283
38	61	725.8219040952849
38	62	757.4410810651035
38	63	652.4255931229425
38	64	648.0290789059154
38	65	698.7333961719396
38	66	519.8549265555304
38	67	437.37292762073776
38	68	1028.6483286471014
38	69	626.042412280783
38	70	568.7310600732036
38	71	480.09932702813
38	72	869.5497572461463
38	73	420.5229211217356
38	74	671.7906829147519
38	75	516.2334856892838
38	76	558.3197806327124
38	77	346.97381171638517
39	40	8701.205551501951
39	41	2939.9568229667525
39	42	2071.49239961114
39	43	765.0677289459935
39	44	1627.2448457019357
39	45	292.96060771359487
39	46	531.225663106312
39	47	575.4155179218573
39	48	778.7603030865438
39	49	1019.9320232776386
39	50	984.026943465214
39	51	656.8610324756517
39	52	903.2955272785453
39	53	644.4099831935639
39	54	409.4718489183607
39	55	325.4549373391206
39	56	476.04931291129884
39	57	528.2051004154847
39	58	791.343752894284
39	59	464.91244145684504
39	60	579.4465113295244
39	61	922.0067536563694
39	62	625.412049972567
39	63	887.6335474112078
39	64	891.7859637576836
39	65	871.4162588602592
39	66	1073.0984344295405
39	67	648.9140129580153
39	68	811.8742313884948
39	69	792.9982722565935
39	70	698.8034854946615
39	71	330.34462109018733
39	72	512.8422430916421
39	73	465.0292788215171
39	74	554.6913134991063
39	75	816.9776022044555
39	76	396.17139867602697
40	41	6956.245115450351
40	42	3798.848144842629
40	43	1443.7282154766192
40	44	795.491282953883
40	45	786.0609227642458
40	46	574.9370579384494
40	47	816.895953293432
40	48	938.1610220182637
40	49	1548.9029192073795
40	50	1149.5202021963116
40	51	904.950923733307
40	52	982.878368537874
40	53	515.4951697199233
40	54	386.34884165173503
40	55	480.5176877084354
40	56	608.2465117048729
40	57	419.92892707195966
40	58	873.5878898913022
40	59	316.8090510455299
40	60	592.2853951080679
40	61	1119.1425082365336
40	62	1278.5387982522311
40	63	625.7248123086484
40	64	716.2142427860535
40	65	583.578029219266
40	66	677.4817648635575
40	67	634.4533117535261
40	68	606.4383835905182
40	69	840.5899233124652
40	70	800.0014173293952
40	71	574.0289983936566
40	72	884.596555208654
40	73	443.6441358683451
40	74	481.9344387306141
40	75	726.1560853932676
40	76	294.50867500430456
40	77	1098.1534356599336
41	42	9099.42489140073
41	43	2687.44867266009
41	44	1140.2787863176713
41	45	1298.4579744172836
41	46	940.1190963159586
41	47	996.0973388071432
41	48	806.8712765162129
41	49	1408.9981223064237
41	50	1208.3525254606282
41	51	951.2662170023574
41	52	876.6392559702855
41	53	782.7128954466768
41	54	710.7137359106092
41	55	1010.2210650349764
41	56	671.345329532076
41	57	851.3116305543743
41	58	816.2649123386788
41	59	632.7442795330034
41	60	1109.849499015527
41	61	619.1684759543346
41	62	604.7884258728664
41	63	493.31200688246497
41	64	684.4272841263864
41	65	774.8785155623991
41	66	949.5402806171218
41	67	515.3508007218536
41	68	603.9244765845895
41	69	315.57543833464774
41	70	720.810347896263
41	71	496.9240230427155
41	72	378.83597238403746
41	73	599.5925950698604
41	74	655.5997317400779
41	75	381.6603388035587
41	76	386.9769975894911
41	77	1539.1424176076468
42	43	5661.069283638238
42	44	2509.568395633548
42	45	1981.4526859316818
42	46	1578.088547886651
42	47	1768.1489534027728
42	48	836.0605561352967
42	49	1016.1390304231214
42	50	811.3386015503118
42	51	1133.2130164922464
42	52	805.8383911044217
42	53	1044.3548058000176
42	54	871.0848992620382
42	55	869.621568222421
42	56	751.2823856490762
42	57	599.8338338229048
42	58	570.9109601340201
42	59	931.690934844865
42	60	575.5606167019805
42	61	519.669627467912
42	62	714.4005854854605
42	63	331.2303862975937
42	64	651.0337067558886
42	65	831.0122938648983
42	66	759.001425848199
42	67	474.94060829913064
42	68	413.0095047111814
42	69	247.20569342559975
42	70	268.8790671240634
42	71	754.6972935016346
42	72	770.8071880105973
42	73	670.9860565434702
42	74	500.224063830578
42	75	469.81507869907574
42	76	562.9706291185221
42	77	2583.6120469324956
43	44	9984.019083265632
43	45	4125.675167404949
43	46	3193.8671975061393
43	47	1745.0624704491895
43	48	1356.747782597035
43	49	846.1497841640513
43	50	1175.5619004240164
43	51	762.9174606132095
43	52	778.3950364424207
43	53	780.9976399590106
43	54	1280.4210269467037
43	55	1386.00995882538
43	56	794.8109688033139
43	57	545.323387672214
43	58	588.2327606786024
43	59	1079.9539071664783
43	60	760.7867151392081
43	61	535.4367334873225
43	62	508.4735196462752
43	63	391.05014466231466
43	64	480.8947207226248
43	65	732.9106145340793
43	66	293.261253896453
43	67	491.5352084407337
43	68	435.21184940427264
43	69	307.01178190892733
43	70	681.7708123650152
43	71	728.9955824431275
43	72	521.1897907538244
43	73	576.120165808869
43	74	708.6766212883746
43	75	206.27964464323134
43	76	752.9514857980154
43	77	1247.8127225167773
44	45	8590.15728653716
44	46	3534.1724580999007
44	47	2856.6802484874142
44	48	1320.3749746422768
44	49	1017.2220961009633
44	50	745.8734353633134
44	51	757.6556336489459
44	52	1139.196889802095
44	53	782.4147206138377
44	54	1055.5152982255568
44	55	1009.8362208616517
44	56	789.3291729301659
44	57	696.5488829018456
44	58	1149.1351544884305
44	59	822.254205906218
44	60	984.9544372917044
44	61	442.5368114612754
44	62	436.6252449342923
44	63	512.8490426274798
44	64	533.6499099686014
44	65	545.435758189927
44	66	396.62103814104245
44	67	472.7299912097521
44	68	392.4013673327008
44	69	123.0275356939807
44	70	546.4062807741524
44	71	415.12830138882106
44	72	179.01787310650772
44	73	562.7363689986651
44	74	425.977487471027
44	75	247.9847143307516
44	76	452.5906068761077
45	46	13956.784299877034
45	47	3696.543429790298
45	48	1326.650347898279
45	49	463.332356362118
45	50	894.0429597932925
45	51	743.0446797323117
45	52	884.4722710142756
45	53	890.9510950065825
45	54	1047.141313576484
45	55	1202.1895602133238
45	56	903.1253151580507
45	57	933.1458467750763
45	58	640.5454734519183
45	59	940.7970898787296
45	60	1056.039774204914
45	61	333.1738229992237
45	62	225.99717714953036
45	63	575.1429800385583
45	64	322.25332153361944
45	65	304.0342161692092
45	66	501.8224548586879
45	67	448.58914781616465
45	68	496.4835409834623
45	69	254.71615396573742
45	70	323.22266151099274
45	71	381.9917539801201
45	72	555.9577846325227
45	73	492.9223210678252
45	74	521.1484887742746
45	75	410.74195184232514
45	76	364.40576149589356
45	77	2070.5267763520137
46	47	8437.824426970643
46	48	2023.9763433466067
46	49	790.7396397657823
46	50	832.25772239033
46	51	1338.5571108415568
46	52	862.5555103911428
46	53	1071.2818919027115
46	54	1864.7884939987252
46	55	2051.699879622287
46	56	1137.6306915558553
46	57	542.9114371602585
46	58	858.9255006594383
46	59	1070.3987346281044
46	60	870.0639890593313
46	61	426.4548091023437
46	62	424.26438903481164
46	63	264.26606386015527
46	64	353.5515592262806
46	65	667.1259161780263
46	66	428.21411210834043
46	67	347.9901593476173
46	68	346.6295353850081
46	69	362.25644698981677
46	70	344.76462659288546
46	71	774.1560051298358
46	72	553.4768879836294
46	73	688.2864023817918
46	74	342.081049147646
46	75	262.87011249327765
46	76	399.79797432273284
47	48	6457.288380083264
47	49	3676.9673076569197
47	50	2554.218388329754
47	51	1873.8533149756645
47	52	845.6342940123845
47	53	883.814286892792
47	54	1073.0773954334518
47	55	1414.4794228970259
47	56	901.0103646522361
47	57	703.5099941793965
47	58	958.5681537067494
47	59	1173.2423989065292
47	60	826.5049321114662
47	61	581.6887864293856
47	62	315.6551076652469
47	63	424.82980687585405
47	64	442.06066375745235
47	65	530.8138936139916
47	66	438.0663704940068
47	67	427.19597069553754
47	68	433.40576074835747
47	69	481.76851524443407
47	70	423.2362765514524
47	71	1167.1101773463188
47	72	768.4294388006153
47	73	1056.1835223058365
47	74	664.9079953634432
47	75	806.7545148685807
47	76	772.5488316948895
47	77	903.7341206489052
48	49	11356.770013541458
48	50	4444.518642522762
48	51	2696.2950123399337
48	52	1855.3226820919415
48	53	1322.5928603484886
48	54	1106.5065013935882
48	55	992.4569061237887
48	56	1045.2140352341453
48	57	869.7954751686527
48	58	729.7393387838259
48	59	1020.7619164366071
48	60	719.0881945902312
48	61	664.2425821452949
48	62	961.2084384845655
48	63	705.6320511146371
48	64	524.4657773799887
48	65	725.7275936495645
48	66	970.1568848922172
48	67	526.540198094686
48	68	651.3168364262976
48	69	806.0681849227618
48	70	490.97381542615386
48	71	725.3047637354848
48	72	562.9983026991813
48	73	578.5771186036538
48	74	578.4932084228938
48	75	623.9152363540362
48	76	395.37911784254834
49	50	7146.804843151272
49	51	3120.685274442573
49	52	2111.4918973261774
49	53	902.3461277557775
49	54	760.8178542077954
49	55	499.1261281378184
49	56	889.7869087164413
49	57	675.0575281597202
49	58	764.5839340512558
49	59	427.8010628285446
49	60	782.4020584253853
49	61	828.5235100056127
49	62	1186.9458125687986
49	63	950.5614066832053
49	64	586.1426015672795
49	65	898.631654352033
49	66	798.6638526763185
49	67	584.1340538513767
49	68	682.4168064429334
49	69	878.3397320578696
49	70	643.0218835747315
49	71	607.9500886628481
49	72	626.748688066516
49	73	677.5219083823539
49	74	669.9175691791019
49	75	653.7067971710414
49	76	579.9615114786237
49	77	411.91233977773186
50	51	8430.31427753688
50	52	3168.9158565255434
50	53	2176.451179534841
50	54	1293.298837539728
50	55	642.0735853836222
50	56	1188.6416031399679
50	57	1595.6683517108797
50	58	913.3032088401284
50	59	481.53117701489657
50	60	810.7743118864012
50	61	1278.97065848744
50	62	832.8445663538065
50	63	815.1985855672142
50	64	1272.3938692534623
50	65	933.6888190223806
50	66	1085.7724154840862
50	67	720.1179203196673
50	68	970.2639747113006
50	69	586.6748189860758
50	70	403.2504605720949
50	71	586.5481756360733
50	72	497.97588263012386
50	73	447.24846292455635
50	74	461.66727846830133
50	75	591.275711452073
50	76	359.70743035432236
51	52	7916.047500094944
51	53	3568.913732296305
51	54	1988.3457583423976
51	55	1630.540270368119
51	56	1442.1937149022215
51	57	1124.6883211242873
51	58	1534.3230453457445
51	59	1467.4130693442648
51	60	1050.7766741961573
51	61	1104.2978432021744
51	62	1128.0008068116097
51	63	586.5537478970102
51	64	789.8569883223571
51	65	677.4556036945914
51	66	996.1892675332589
51	67	826.9054371400462
51	68	703.9934005200957
51	69	695.2659402502677
51	70	661.6945102425552
51	71	521.3368917987075
51	72	433.57899803804025
51	73	524.2078020049953
51	74	375.1680087466902
51	75	320.32842934234236
51	76	608.9825881799612
52	53	8603.821101880689
52	54	2934.3465442856304
52	55	1663.6196164050023
52	56	1471.4520078830499
52	57	1957.508990177155
52	58	1711.0736914650834
52	59	1140.7108543016793
52	60	1130.0451867205118
52	61	1259.2541966946856
52	62	1186.8501122750258
52	63	950.4847654373232
52	64	842.5120547624251
52	65	898.5592000643953
52	66	871.1994093026973
52	67	421.84057981823406
52	68	466.879116042509
52	69	574.2527513661574
52	70	417.9305249763679
52	71	683.8887051665229
52	72	774.1565443890022
52	73	713.1234543023984
52	74	574.1687618586286
52	75	367.68042592044674
52	76	331.37985755410085
53	54	10031.94469306803
53	55	3239.2563448847545
53	56	2138.736399902571
53	57	2076.9306892481477
53	58	1470.2338049859993
53	59	1542.426106788216
53	60	1002.9977561718049
53	61	764.7285599726431
53	62	553.3095624657411
53	63	812.3793879287978
53	64	915.7731232009731
53	65	697.8448853529297
53	66	628.2682220755291
53	67	686.4263423432478
53	68	310.79202271974907
53	69	389.7639493813459
53	70	432.7678937076481
53	71	803.7146132017056
53	72	354.4669534662098
53	73	651.4102435061018
53	74	398.7279370316342
53	75	274.9744224696412
53	76	438.12200147184654
53	77	1188.111768363749
54	55	13622.261126268198
54	56	3144.1923253232135
54	57	1678.2093432016648
54	58	1298.6655708510268
54	59	1734.0061789952176
54	60	1002.2907268928899
54	61	644.7848826002542
54	62	622.0344663450848
54	63	418.5878444389926
54	64	197.98433220531348
54	65	560.3729168968118
54	66	745.5425979985024
54	67	420.9192425585232
54	68	427.03779307112404
54	69	255.60228651131828
54	70	312.76329571755235
54	71	944.6116408919532
54	72	318.7953755994937
54	73	539.6041631259723
54	74	172.40489449805793
54	75	529.9339922397804
54	76	358.21076908406775
55	56	8748.32796230744
55	57	2303.661425947997
55	58	1536.1370428892444
55	59	2698.582003340664
55	60	1114.7387179550021
55	61	616.8808071359875
55	62	446.3362130768815
55	63	524.2553018227374
55	64	181.83960019692213
55	65	386.0077690290248
55	66	946.0319726588004
55	67	724.865945793565
55	68	267.41916908297486
55	69	377.2913615709226
55	70	598.4559486776
55	71	1178.7809908218042
55	72	274.4991058663855
55	73	575.2521706281493
55	74	435.4516391795798
55	75	202.80010756042674
55	76	462.65666012429057
55	77	1022.3037872501607
56	57	10786.583340875535
56	58	3048.235400049004
56	59	3130.313549174551
56	60	2366.927654320314
56	61	913.6026875826701
56	62	991.5382982792797
56	63	970.5299775583961
56	64	785.4732083098269
56	65	988.086970725929
56	66	1037.834625259673
56	67	662.6722624587654
56	68	550.0677061271873
56	69	379.41163299525573
56	70	393.9179582808337
56	71	659.5164637634736
56	72	526.9887261558557
56	73	764.5709863336218
56	74	325.7098177832295
56	75	458.8645211400221
56	76	507.55272058565185
56	77	420.5654375085957
57	58	8799.216776640977
57	59	2728.3564419489903
57	60	2159.3589543712646
57	61	1535.1455618522775
57	62	1448.7846838328016
57	63	1205.3751466365259
57	64	1254.2644813869922
57	65	904.9167239507865
57	66	840.8065495436035
57	67	620.8983751504145
57	68	578.6860293198945
57	69	544.2971563404253
57	70	388.5115242680919
57	71	650.4647509215024
57	72	705.3830427614773
57	73	538.6267315444111
57	74	706.7269548265339
57	75	493.7091386016129
57	76	333.7244502751124
57	77	414.7932729293187
58	59	7783.5667964488
58	60	3242.0927208312887
58	61	2123.9232817607526
58	62	1640.9231020322757
58	63	1720.8812928293028
58	64	1074.407559323929
58	65	825.9486194824843
58	66	709.7997454976729
58	67	775.5051520647527
58	68	819.2895094512955
58	69	220.17216720041927
58	70	523.852478277168
58	71	619.1005484221677
58	72	640.7468517862516
58	73	735.9449496390769
58	74	727.6848845950731
58	75	532.5571874178389
58	76	584.9738817090201
59	60	9215.398806196607
59	61	1480.4401135330336
59	62	1071.1534972683621
59	63	1348.0178416025879
59	64	1013.0558269352457
59	65	808.7378542238697
59	66	1351.4068574315345
59	67	759.3455062778334
59	68	458.4100022222606
59	69	359.30718905383037
59	70	649.719773938362
59	71	1091.1599911726566
59	72	352.9098236348982
59	73	644.7559959095258
59	74	475.0144647716745
59	75	304.1849928586417
59	76	572.7844453166903
59	77	3066.7584348434866
60	61	5185.9190772819
60	62	3078.4668434844216
60	63	2404.5058493146985
60	64	1551.892799204855
60	65	1703.1996269997203
60	66	1380.9449224041205
60	67	841.6734117512752
60	68	714.1776947125002
60	69	467.2953897905896
60	70	305.7530343823046
60	71	1313.984577492745
60	72	605.5924417006092
60	73	801.5404115140645
60	74	358.5318634227292
60	75	777.0841161743855
60	76	608.8388987924424
60	77	1424.4497285948742
61	62	9032.991673761724
61	63	5882.7996609156835
61	64	2861.484097972309
61	65	2357.9706544177566
61	66	1040.9270307771808
61	67	1283.4559044129314
61	68	1491.5105993585235
61	69	1703.492780535117
61	70	1239.770519808172
61	71	525.9650901353422
61	72	1275.8320184441625
61	73	846.1783792202073
61	74	851.621814878606
61	75	727.1373677757528
61	76	655.3481239926758
61	77	407.27311564213994
62	63	8538.034754764067
62	64	3105.5852961246283
62	65	2559.1192340514003
62	66	1207.636156907981
62	67	1184.0008195832906
62	68	1657.2866586088744
62	69	1595.0522821182756
62	70	1138.5255024655814
62	71	897.0232297550579
62	72	989.0484950032153
62	73	727.0368249217398
62	74	1026.966774968318
62	75	1446.8050752347149
62	76	533.4398413632765
62	77	442.01587572734286
63	64	5502.3963297670425
63	65	3521.3778268009446
63	66	1563.3554469193937
63	67	2113.315003236848
63	68	1961.6972492347315
63	69	1596.7400585691437
63	70	1452.1007160175684
63	71	957.8372256754352
63	72	929.3692101580291
63	73	936.3587587509554
63	74	938.1939557352872
63	75	1287.4097657931402
63	76	696.1833723962147
64	65	9368.271386696822
64	66	2975.7882811150603
64	67	2660.116772739157
64	68	2904.8736730243013
64	69	1403.0469211784027
64	70	2178.646982014485
64	71	1038.2151690036812
64	72	926.7695709339135
64	73	1013.3104184723368
64	74	836.7827763220035
64	75	1473.5890161697528
64	76	679.1439155104699
64	77	900.3973660222318
65	66	9583.094940197072
65	67	3982.0935560572157
65	68	1666.6066265543168
65	69	1358.5582533463003
65	70	1624.4872798567567
65	71	861.9758567151824
65	72	1368.584100800061
65	73	661.8608987849913
65	74	1019.7371567625562
65	75	1053.2403875071018
65	76	427.164954236728
65	77	849.4919652545145
66	67	6888.958247028773
66	68	3073.1281103481692
66	69	2488.029665401418
66	70	1218.7686171640562
66	71	1687.2881678700146
66	72	758.6746516797746
66	73	1313.125152121902
66	74	898.3237499942719
66	75	663.7610100700241
66	76	987.0775603214375
66	77	1338.3925730342942
67	68	8206.618582148509
67	69	5331.297504772532
67	70	2926.036534357872
67	71	2170.481499153876
67	72	1820.4167441411348
67	73	966.6826116878277
67	74	1544.287693368293
67	75	1503.151476936962
67	76	842.2607550325181
68	69	9230.84773103348
68	70	4134.178552005015
68	71	1750.7681001668736
68	72	2567.8526236323814
68	73	1260.9443150036236
68	74	2050.9994752210428
68	75	1926.3177234694106
68	76	1065.355629184622
68	77	441.38444945510383
69	70	10012.89197042495
69	71	2604.1269359891926
69	72	2452.41374340482
69	73	2084.505422934072
69	74	2025.5730771607666
69	75	2141.2710987561863
69	76	751.5345240033953
69	77	830.3096619548471
70	71	5612.812502541393
70	72	4703.35785787413
70	73	2462.7147359525625
70	74	2968.1488569999165
70	75	2664.9176990988713
70	76	1509.9640391838354
70	77	1185.326318989052
71	72	9069.185862077282
71	73	6144.370373622838
71	74	2278.2778021127147
71	75	1667.3607548201364
71	76	1737.5484275419615
71	77	933.8967292964788
72	73	7569.857013200222
72	74	3964.981282211205
72	75	3595.1219783205042
72	76	1822.6016272737863
72	77	1812.2805053090224
73	74	7262.760139174635
73	75	3564.205413437751
73	76	3393.498937500073
73	77	3943.9660414505406
74	75	9526.805270154025
74	76	3666.673769332329
74	77	3528.299942971537
75	76	7372.302112757734
75	77	2510.4636514638137
76	77	17818.046868913327
