1	2	19910.887239340074
1	3	4915.617906552096
1	4	3768.358891406122
1	5	1799.2009060439261
1	6	695.4091208440815
1	7	301.6128934730766
1	8	388.0432441310299
1	9	410.9913481690665
1	10	431.7027590768146
1	11	404.13407154432696
1	12	434.8526424505923
1	13	214.810079469831
1	14	293.03206206297216
1	15	411.5278949902688
1	16	635.5066641569446
1	17	321.6645557983227
1	18	424.9249752226056
1	19	498.8701618371849
1	20	456.7069495521384
1	21	501.1576067764702
1	22	555.3511690750116
1	23	587.7557056786665
1	24	634.3842058032473
1	25	228.60302653751683
1	26	284.5768976232793
1	27	433.31456213497967
1	28	253.91300475391185
1	29	454.6572240650527
1	30	525.5007034734674
1	31	386.5037388849279
1	32	844.1225641049513
1	33	187.70849994711307
1	34	420.02218437184194
1	36	437.9445723218064
1	45	1660.043744338647
1	46	526.3146703226599
1	47	96.90787755693908
1	48	289.75896387171764
1	49	561.4922331776125
1	50	272.32586345103994
1	51	175.4313850340633
1	52	86.11665744130126
1	53	91.75570500377262
1	54	89.51550097302892
1	55	470.72638776300937
1	56	1000.1094312641065
1	57	131.80542509174035
1	58	420.2153101465791
1	59	182.7826336444361
1	61	179.9941350689809
1	63	101.49248464450272
1	64	83.9903353150643
1	65	92.26834763473863
1	66	225.91641715969146
1	67	1332.0480254321349
1	68	554.126405297021
1	69	494.93671032707147
1	70	240.0060330788589
1	71	383.6448727771137
1	73	166.5889317715023
1	74	683.4931589024155
1	75	202.01594814058026
1	76	280.92464136467
1	78	205.96484399527765
1	80	633.5826898071896
1	81	202.54392802418147
1	82	87.15221052479875
1	83	225.04880624835045
1	84	290.3155182584218
1	85	138.85604937681202
1	86	684.6614150778886
1	87	1131.2427391436581
1	88	1219.1167161612536
1	89	1266.39681571345
2	3	13724.050972302735
2	4	2545.3999534560558
2	5	2970.7329063594307
2	6	268.4145834662869
2	8	174.7401249922707
2	9	277.6108615573048
2	10	388.8009659826382
2	11	909.9300044951357
2	12	1305.459399938727
2	13	290.1939979927843
2	14	351.88146287693235
2	15	444.757249482991
2	16	327.0578453974222
2	17	434.547222784293
2	18	669.7193042789363
2	19	374.4111674527209
2	21	270.8121143922109
2	22	500.1614338942241
2	23	330.84104358395393
2	24	342.8041913114731
2	25	308.82734361396484
2	26	256.2961907607041
2	27	195.12629557047526
2	28	571.6990420387223
2	29	614.2113903284919
2	30	851.899410672134
2	31	580.1562297004102
2	32	434.4201605403355
2	33	338.1087777092654
2	34	226.96871064776224
2	36	394.42247978608447
2	47	174.55471670386532
2	49	303.4153264872141
2	50	163.5084272617629
2	52	77.5585490163994
2	53	247.91159650803
2	55	84.78930024313838
2	56	300.24015736766347
2	57	237.4137089464494
2	58	75.69102354363844
2	61	81.053331389037
2	63	182.8127119416416
2	64	151.28707341845924
2	65	83.09889602448678
2	66	203.46527645748915
2	67	533.1873976651075
2	68	499.058384793955
2	69	267.45050898485636
2	70	324.2320400115314
2	71	86.3797450872254
2	73	225.05046435173915
2	76	84.33562957722908
2	77	93.68569167709937
2	80	95.10307599674235
2	81	91.20775025636067
2	82	78.49119081848357
2	83	202.6838870562543
2	84	261.46451827179663
2	85	375.170403675586
2	86	123.3242150791805
2	87	582.184001762777
2	88	914.9693605207698
2	89	1824.8715623487285
3	4	10620.139983623807
3	5	1820.2082292540929
3	6	775.317299975359
3	7	261.54385804019483
3	8	168.24600233066968
3	9	267.29360335902
3	10	93.58784685511577
3	11	613.279062062389
3	12	1005.5541633813119
3	13	651.9545533757629
3	14	762.3089499812585
3	15	785.0848239163552
3	16	1023.4344791710303
3	17	488.1304274219627
3	18	552.7110402225306
3	19	576.794204808226
3	20	594.0506863160541
3	21	434.5792132862149
3	22	300.98325218807435
3	23	254.836411464713
3	24	770.1494689334272
3	25	396.4665888902003
3	26	246.77108082631048
3	27	93.93726592783788
3	28	440.3617239648565
3	29	1281.333201874241
3	30	820.2390277549586
3	31	1340.6280859004128
3	32	313.7063768810633
3	33	81.38578675763395
3	46	304.26278716458864
3	48	167.50980910238226
3	49	97.37968641449076
3	50	78.71586229946776
3	51	228.1881954786501
3	52	74.67612730134925
3	53	79.5660318348654
3	54	155.24687429170945
3	55	244.91445465580247
3	56	770.8850495324598
3	57	228.5903562819595
3	58	145.75601481453754
3	59	237.7501570090236
3	60	71.85776255384681
3	61	156.08205593754352
3	63	88.00928796625841
3	64	72.8322853954928
3	65	80.0105702959198
3	66	979.5179950395274
3	67	898.400606442721
3	68	720.7667229398354
3	69	858.3695160646005
3	70	312.1821308178123
3	71	332.67795347887824
3	72	182.59100869601863
3	73	72.22886167199408
3	75	87.58914424036645
3	76	81.2013413120576
3	78	89.3012883150837
3	79	80.30829466777284
3	81	87.81806332624272
3	83	292.72687428457664
3	84	125.87366511409449
3	85	481.63653016342937
3	86	474.963748104394
3	87	700.6843084966278
3	88	704.7720135005196
3	89	3294.4709874057
4	5	10133.180117923377
4	6	1485.9138243440311
4	7	668.3399331629338
4	8	644.8948340549238
4	9	683.0326291829523
4	10	896.8165384483761
4	11	1287.3031369067048
4	12	2087.7655319368578
4	13	594.9934388680509
4	14	486.99433863371576
4	15	729.5192792731992
4	16	754.3985495005123
4	17	311.8378115266736
4	18	353.0945655240465
4	19	322.4198971651741
4	20	569.2560498689622
4	21	333.152509722181
4	22	538.3853771620119
4	23	529.0999684685856
4	24	984.0063698099377
4	25	316.59897252238676
4	26	105.09835004463812
4	27	240.04397007125036
4	28	562.6423946016656
4	29	566.7011979332993
4	30	815.1149332331764
4	31	1570.1554181087986
4	32	668.0284922017893
4	33	363.9481364876422
4	34	186.14429601968195
4	35	64.82922374097117
4	36	242.60886431629996
4	46	242.96949224083087
4	47	268.4210697343241
4	48	267.53040450489345
4	49	311.05076218080274
4	50	301.72159963322764
4	51	97.18400861302442
4	52	143.11855276423762
4	53	50.8300565696914
4	54	247.94523556525678
4	55	156.46143583893644
4	56	677.1505180999792
4	57	730.1646489806731
4	58	139.67241373376953
4	59	50.628195858349464
4	61	49.85582132137069
4	63	56.22395616345056
4	64	139.58478642379353
4	66	750.9077019533753
4	67	1147.8705823235023
4	68	460.4554538627747
4	69	438.6894261593016
4	70	332.3913275464461
4	71	478.18883650389535
4	72	233.2933058770117
4	73	138.42831067804067
4	74	631.0596877977667
4	75	167.8666531668524
4	76	259.3737979162409
4	77	115.25194645495468
4	78	228.19735669225545
4	79	51.30424462351533
4	80	233.99121949712415
4	81	448.8143519312876
4	82	144.83955382285055
4	83	374.0119555097371
4	84	482.47967411491624
4	85	461.53386394297905
4	86	682.7093882011329
4	87	268.57558847949525
4	88	562.796718788813
4	89	561.238316721517
5	6	3258.2090667574253
5	7	1329.577242088958
5	8	769.7617206642012
5	9	1793.6245680993418
5	10	1084.7342419864588
5	11	1603.3622179797394
5	12	1303.5109868039885
5	13	738.606165013711
5	14	981.7307704938677
5	15	870.771459185266
5	16	912.4741835871343
5	17	510.46900713858577
5	18	786.7291065084441
5	19	659.7394490980191
5	20	785.1739764175984
5	21	795.3174241290403
5	22	660.9903580782983
5	23	660.6945190599156
5	24	939.6266136688238
5	25	786.0320388974881
5	26	652.3289519244054
5	27	401.13102098430676
5	28	738.7415907340801
5	29	661.396215743424
5	30	277.9829872634121
5	31	613.366242215515
5	32	1339.5893312911242
5	33	347.53368019865064
5	34	311.0607256271296
5	35	123.81071066089362
5	36	463.3338820105305
5	45	439.0706958040224
5	46	742.436173499753
5	47	563.8929734257638
5	48	510.92898532138145
5	49	772.2572908233492
5	50	336.1325657072205
5	51	139.20135638978
5	52	409.9912517223384
5	53	388.3005264398773
5	54	189.41010889147043
5	55	298.80971025725813
5	56	646.6102941887144
5	57	627.5100871627711
5	58	222.28839359539555
5	59	145.0344276929773
5	61	95.21453924922429
5	62	51.189322911162584
5	64	133.28936093412506
5	65	195.23498816140898
5	66	836.5477737547566
5	67	1017.8074884741184
5	68	439.688412730487
5	69	418.90405651947395
5	70	507.8401881901274
5	71	558.0935562300549
5	72	334.15728655571917
5	73	396.5551305021329
5	74	241.03928415945205
5	75	320.59136953260656
5	76	198.14060631134592
5	77	220.10791695815274
5	78	54.47635200733921
5	79	195.9614698500048
5	80	167.5784709961697
5	81	375.0007949984528
5	82	276.61426523113937
5	83	416.6675450596996
5	84	614.2924223010214
5	85	440.71818534466723
5	86	72.43538369000714
5	87	512.925075405444
5	88	537.4139754416423
5	89	669.9073237504662
6	7	10183.928330950539
6	8	5202.360092363911
6	9	3313.2130165464023
6	10	1172.668798994569
6	11	424.94777954803743
6	12	355.6376583798438
6	13	639.974139064436
6	14	1437.911046762923
6	15	692.3558393576769
6	16	318.20786694858833
6	17	761.0195695769814
6	18	1228.7260042556186
6	19	699.4172890707123
6	20	760.3614200190773
6	21	737.7555075849987
6	22	194.65095272798828
6	23	154.50657320874006
6	24	311.2929182542439
6	25	641.0040981621688
6	26	897.6995205593613
6	27	1063.139287951416
6	28	711.9734112409781
6	29	159.35765828372897
6	30	184.1883447561847
6	31	135.4698165706374
6	32	1183.4620720859803
6	33	1118.463211272188
6	34	1118.8572098118407
6	35	1025.4444923147287
6	36	1074.499039419214
6	45	581.8464323103092
6	46	307.45606779358167
6	47	645.3592305743289
6	48	541.6571137434557
6	49	314.8854396238799
6	50	477.2519778927227
6	51	676.3769836185307
6	52	633.862855347901
6	53	482.40653099625143
6	54	533.3791208450406
6	55	395.9757859369074
6	56	428.4365779409139
6	57	415.7809994422369
6	58	589.1429785384728
6	59	416.42532230880295
6	60	377.58198322543325
6	61	441.61644522128523
6	62	407.0095115826328
6	63	747.0368454206149
6	64	677.0893681087779
6	65	388.08140377887395
6	66	316.7354156129482
6	67	103.75193677969469
6	68	291.3325083184394
6	69	173.47564490713827
6	70	168.24454723693879
6	71	134.46778210560763
6	72	442.81758466459183
6	73	233.55812386076678
6	74	79.85493502247246
6	75	106.21008551392954
6	76	196.9285458693812
6	77	364.60246444720065
6	78	324.8586643027616
6	79	357.06502253324425
6	80	222.07115257962687
6	81	248.47123341245364
6	82	366.56289041597574
6	83	354.95890066775854
6	84	356.1452352787076
6	85	292.0148238628124
6	86	431.9537033357808
6	87	113.28609417542907
6	88	71.21686946377045
7	8	8774.764406218488
7	9	4191.270375125182
7	10	2143.818474000152
7	11	573.4038527556595
7	12	257.0786509137473
7	13	838.1514294184203
7	14	866.1817801668475
7	15	496.3103646812164
7	16	547.4521170022728
7	17	599.014949510199
7	18	1055.0801364975634
7	19	442.38733653595506
7	20	728.9962310882556
7	21	568.852215731906
7	22	246.2367398607865
7	23	312.72547575678396
7	24	225.0233111655761
7	25	527.0726505671227
7	26	605.656022315394
7	27	1114.3367154404555
7	28	630.4608656479164
7	29	201.59012682804374
7	30	37.28021827583585
7	31	137.097283170281
7	32	1154.9053221342951
7	33	1431.5204222000214
7	34	1460.0692480870239
7	35	1452.869137170212
7	36	621.375733313319
7	45	588.8364442456483
7	46	404.4945985201123
7	47	412.491949573926
7	48	548.1643113125709
7	49	597.5030920421444
7	50	579.5825332585597
7	51	435.59258801093245
7	52	427.6518443769194
7	53	423.10833214674557
7	54	920.8128971600936
7	55	367.33843750935085
7	56	197.08345483547254
7	57	140.25866145032228
7	58	447.16548564725747
7	59	907.6911798555831
7	60	823.0235230314642
7	61	638.4597203570341
7	62	892.4480938201038
7	63	684.0102892536419
7	64	566.0542625850395
7	65	720.0299692733295
7	66	40.06756455385666
7	67	209.99672128047945
7	68	49.13873855289775
7	69	35.11193890275922
7	70	255.39862958002035
7	71	102.06240807338582
7	72	186.72390565898436
7	73	325.0004646760124
7	74	121.22140838965193
7	75	214.9720806870726
7	76	332.1572448242082
7	77	73.79652320830633
7	78	255.70327515156617
7	79	229.95294195456782
7	80	74.91300143424658
7	81	359.22320356931397
7	82	154.56941399461618
7	83	239.4821328743974
7	84	205.956449116016
7	85	49.253823976556916
7	86	48.57144211308384
7	87	343.941169898733
8	9	6400.452994762092
8	10	2401.070023814382
8	11	899.0947445990096
8	12	297.6725208720064
8	13	808.749410542473
8	14	1604.729218045726
8	15	647.9235218792325
8	16	590.3945043486718
8	17	495.4300656542874
8	18	1054.4279285770995
8	19	540.7001819198042
8	20	429.86981471325436
8	21	480.2849679185214
8	22	190.07908234863396
8	23	276.6089245461574
8	24	173.7036663074149
8	25	352.0960280039693
8	26	1071.4180581044682
8	27	964.0138582847728
8	28	434.531820833251
8	29	155.61474026858434
8	30	71.94488608436264
8	31	44.095988329887405
8	32	908.0228688262671
8	33	1766.7832331322259
8	34	1236.3382811244055
8	35	1602.1749320366353
8	36	1798.7343589853865
8	45	284.0901479581291
8	46	570.4458990742385
8	47	331.68491333253564
8	48	595.0517908885981
8	49	499.67053166689504
8	50	621.3900093855918
8	51	630.4682598375265
8	52	530.549984211771
8	53	376.86079393155984
8	54	612.7663081819619
8	55	386.67529220032486
8	56	152.13587648376267
8	57	180.45125783556708
8	58	690.3665571422526
8	59	531.7659100408226
8	60	879.2399192138406
8	61	770.0785090412489
8	62	596.1747943014458
8	63	660.0154802846552
8	64	977.4057021266366
8	65	852.6742415813803
8	66	193.31005160540647
8	67	101.31505989871387
8	68	47.41497114314098
8	69	33.88022604735502
8	70	246.4393472066507
8	71	32.827366460167895
8	72	324.3126695294416
8	73	313.5995776027461
8	74	272.9276890287006
8	75	207.4309455743532
8	76	192.303180449425
8	77	249.2271968106662
8	78	352.476151332401
8	79	412.0745277727289
8	80	505.9955819173113
8	81	242.63525749638652
8	82	328.12379690639045
8	83	115.54059743835
8	84	298.097368160984
8	85	47.52601941589874
8	86	187.47030094746265
8	87	221.25056694500586
8	88	139.08832200100005
9	10	5907.73449888879
9	11	3186.4265835918186
9	12	1523.8353555456824
9	13	1168.0598710131771
9	14	1310.1312313803087
9	15	805.5865888869552
9	16	756.9533130488778
9	17	670.4868156947591
9	18	1155.2945117235593
9	19	874.0845935191386
9	20	910.5829175419364
9	21	545.0229253425795
9	22	301.9799706409401
9	23	426.1338545855352
9	24	689.9105809487004
9	25	414.35365036511325
9	26	515.8089029955761
9	27	863.9431446996889
9	28	828.4124999536897
9	29	329.6349716967672
9	30	152.3991265044302
9	31	420.33363471796014
9	32	1005.4361465527586
9	33	986.6681980264902
9	34	761.3098040075138
9	35	1103.0008367181697
9	36	476.2769809681806
9	45	902.6720192432864
9	46	572.3819361239713
9	47	386.4301078191518
9	48	490.1881971691734
9	49	447.8015816184889
9	50	625.2308872308469
9	51	635.9551391638512
9	52	280.9628264127142
9	53	399.14759015386784
9	54	584.1036776949987
9	55	238.89979066842128
9	56	362.54900023456327
9	57	382.24557112396934
9	58	274.19754725420796
9	59	530.0832810207221
9	60	300.3988437421834
9	61	228.37343681682472
9	62	420.9542555902219
9	63	662.2555076479888
9	64	243.57824170783923
9	65	635.5146014109326
9	66	286.63883187265856
9	67	160.9599459112633
9	68	251.09499016282479
9	69	143.535340353032
9	70	87.00442633864672
9	71	173.84355741782866
9	72	343.49187440960776
9	73	211.3651473683927
9	74	165.1817649021491
9	75	329.5469973896146
9	76	101.83780362842947
9	77	490.2225649081489
9	78	298.6567107144355
9	79	436.44379402901814
9	80	191.39969718545578
9	81	146.84812744127925
9	82	379.12187374208185
9	83	367.12031425187894
9	84	210.48416824573445
9	85	302.01968087304357
9	86	99.27846044684267
9	87	58.58372112350459
9	88	73.6568640718389
9	89	275.44839699600806
10	11	13118.711691526765
10	12	2152.567602423136
10	13	1840.3842489537265
10	14	2454.7606665971284
10	15	971.5436152198436
10	16	622.2514366211597
10	17	704.2751862056756
10	18	1132.613233299516
10	19	538.215912556604
10	20	565.1871964415675
10	21	1259.4751293288064
10	22	317.1978852904904
10	23	447.60835375381725
10	24	628.0540834271945
10	25	565.8048505436473
10	26	505.68230304749073
10	27	1072.4769692711502
10	28	628.4484150619858
10	29	389.52734243546735
10	30	160.0790957914264
10	31	196.22926170459027
10	32	688.7634017384655
10	33	536.0638686819099
10	34	319.87003557826404
10	35	579.2926135764258
10	36	667.0378429624438
10	45	316.05369390024265
10	46	434.21908842192687
10	47	627.3058492151802
10	48	588.4464426333811
10	49	213.80363619608133
10	50	518.4778737415978
10	51	300.60149745828954
10	52	262.33031782191665
10	53	384.323636794985
10	54	306.76943732726795
10	55	322.6356721226747
10	56	507.7589569688028
10	57	552.0740134739721
10	58	256.01368919718175
10	59	347.99761597338943
10	60	410.1982032432
10	61	171.3443138560015
10	62	257.9311788341835
10	63	193.23029760151346
10	64	287.83470600576817
10	65	245.93600668221103
10	66	559.1553470768151
10	67	169.07132731737101
10	68	210.9988943111361
10	69	226.152944818487
10	70	274.1667268887688
10	71	219.12503137452285
10	72	240.53448742741037
10	73	253.73330036073094
10	74	260.258849639791
10	75	269.2309814005465
10	76	249.5961914240359
10	77	198.0487449860536
10	78	196.06697106716473
10	79	211.58670004656526
10	80	160.83604237356298
10	81	115.6862706433269
10	82	365.0416560173084
10	83	214.23383198545784
10	84	276.3640785221967
10	85	370.1128627835518
10	86	312.84443443513067
10	88	77.36871247165068
10	89	96.44309504848563
11	12	9662.16480927196
11	13	2450.285047721521
11	14	1740.908182775187
11	15	1232.2264891140928
11	16	1165.0284892514417
11	17	601.9695005626284
11	18	719.4785374284666
11	19	652.0350400209187
11	20	936.089643920905
11	21	321.55762142317064
11	22	371.1768982611439
11	23	445.2129250340708
11	24	271.35984572281757
11	25	651.9044394602439
11	26	439.57573794302533
11	27	424.7642465067977
11	28	814.5906672179384
11	29	567.2364313777634
11	30	187.32048669837576
11	31	459.2449829284391
11	32	601.7934837996045
11	33	501.8306445895732
11	34	149.7215122274731
11	35	417.15291298553007
11	36	156.11014389131986
11	45	591.7407913533077
11	46	343.95282919269243
11	47	379.98262867725873
11	48	447.5802900140173
11	49	360.2701116511399
11	50	388.29415789567884
11	51	125.06888081990986
11	52	521.8528525803545
11	53	261.6586155649491
11	54	223.36147162007222
11	55	369.1502790469092
11	56	475.333294329864
11	57	234.91744363495144
11	58	179.74842483248662
11	59	65.15487356719667
11	60	88.61603171214414
11	61	128.321765360594
11	62	172.47114609199264
11	63	36.178108790668034
11	64	179.63565474053055
11	65	197.34038418846933
11	66	442.9171096191282
11	67	158.2743738687537
11	68	345.6677558783237
11	69	211.71073953024552
11	70	256.65834486831415
11	71	170.94302589162447
11	72	150.1159145688111
11	73	385.9859315435594
11	74	365.4579442073244
11	75	252.03779779437116
11	76	267.0364483405039
11	77	333.7223105179417
11	78	330.3829196463534
11	79	99.03735009414923
11	80	263.4887448729451
11	81	144.39800717490803
11	82	124.26544348608184
11	83	280.77389951220675
11	84	413.94459658609793
11	85	148.49028314340643
11	86	48.81101343852497
11	87	345.63760793642984
11	88	72.4279197293792
11	89	270.8526169096108
12	13	6371.622084672769
12	14	2547.6010673545547
12	15	1894.1272308891848
12	16	1950.0184436985817
12	17	658.0070693913132
12	18	325.9649290898745
12	19	637.8152474372023
12	20	642.2996325503865
12	21	1230.220397717323
12	22	958.5368800540198
12	23	713.8842940536377
12	24	1232.8303519114727
12	25	759.9109316085252
12	26	485.1161638372793
12	27	387.8007928033296
12	28	649.2654736383887
12	29	1627.6067998034655
12	30	1128.7296974556027
12	31	1054.1921719300296
12	32	555.0311254172167
12	33	47.99779682109265
12	34	85.921050869881
12	36	223.96827641928678
12	45	848.9593425693745
12	46	493.46263095788544
12	47	198.23778331409858
12	48	148.18499832371526
12	49	287.15151559224927
12	50	232.11595757489948
12	51	44.85849057064691
12	52	132.12219461379138
12	53	422.3212607281225
12	54	228.89463339445552
12	55	192.58652239651667
12	56	1307.074099546849
12	57	741.4695676305453
12	58	214.90139320500333
12	59	46.73823356194151
12	60	127.13574781855904
12	61	184.10081432568882
12	63	103.80809943518233
12	64	128.85994136196496
12	65	47.18675397265344
12	66	750.9802369187229
12	67	529.8375980611796
12	68	920.999864385078
12	69	556.8519024998693
12	70	306.8524018571669
12	71	294.2984786549044
12	72	215.3684687683578
12	73	127.79232217077464
12	74	174.77187116645254
12	75	464.9064050154104
12	76	143.66705676150846
12	77	53.198344327251846
12	78	105.33203064494923
12	79	142.0870165692893
12	80	216.01275895547303
12	81	310.747642458059
12	82	178.28128590690255
12	83	230.18343612955624
12	84	296.9392491720725
12	85	284.04827473430936
12	86	280.1129581359114
12	87	413.23312601379143
12	88	415.64387661359416
12	89	518.1161818254911
13	14	10289.868941583556
13	15	3368.404127245644
13	16	1788.9432903941668
13	17	1401.7553099850206
13	18	1529.7026673478886
13	19	913.7038131554775
13	20	1254.7199047652805
13	21	1215.4174338669775
13	22	789.1691854455635
13	23	668.173533894212
13	24	913.4969873043827
13	25	866.2697252430324
13	26	467.29689897088673
13	27	533.6515881710473
13	28	769.743610818577
13	29	990.656518674414
13	30	358.44041193780515
13	31	732.3098315023913
13	32	411.2644210476061
13	33	320.0866887548695
13	34	445.65770704604853
13	35	133.03800401746207
13	36	663.8199503883253
13	46	398.8840145797146
13	47	403.94564284779403
13	48	402.60528480875996
13	49	638.3166442650413
13	50	206.3906628721631
13	51	132.9561554930002
13	52	65.266199061701
13	53	312.9296733744198
13	54	271.36847523817727
13	55	463.7811075372984
13	56	631.6368126269036
13	57	399.57143563372654
13	58	350.3206300063904
13	59	242.42317557476554
13	60	125.60595211484855
13	61	170.51772267981582
13	62	110.00866259073062
13	63	153.8385000739214
13	64	190.96409824086982
13	65	104.89267447347997
13	66	513.6534426118769
13	67	224.34093516785046
13	68	524.952508434727
13	69	375.1032473731127
13	70	500.21419188767715
13	71	218.06793870923698
13	72	279.2697976502816
13	73	378.76387816907476
13	74	215.8361009533404
13	75	382.7602428127332
13	76	212.90751533338255
13	77	78.8373310199218
13	78	117.07266840684096
13	79	386.03761798167614
13	80	200.07518088273628
13	81	383.76060793394055
13	82	198.1530759477943
13	83	298.4804692997487
13	84	275.0308559390817
13	85	157.85459216863424
13	86	259.44602086302314
13	87	244.95647115286297
13	88	307.9818958783209
13	89	671.8448716528187
14	15	6325.203823224625
14	16	1689.4922977549068
14	17	1468.789212617609
14	18	1610.8137578473893
14	19	1088.8304618146528
14	20	1180.4273704023237
14	21	829.002712051594
14	22	406.6932947435541
14	23	506.38082237314757
14	24	393.5185907455636
14	25	787.8115853687408
14	26	784.5669596648861
14	27	1194.6306654969735
14	28	568.7726291421583
14	29	313.36787960789115
14	30	217.31761748895946
14	31	310.7927448521579
14	32	706.4749675623203
14	33	582.1928075638539
14	34	492.14325072789023
14	35	645.2732695459141
14	36	603.6977078566462
14	46	453.4463094276597
14	47	367.36024360707677
14	48	332.85571085111104
14	49	464.4033910750982
14	50	375.39567777693645
14	51	302.28575636210536
14	52	326.45267911966977
14	53	63.24168889670017
14	54	401.034731456563
14	55	324.44338767983635
14	56	306.36234680416925
14	57	272.5366565993832
14	58	376.5178817674169
14	59	188.9716141168391
14	60	228.45961571515747
14	61	248.11826344302165
14	62	266.7871106175673
14	63	489.66865845385837
14	64	260.5026897507781
14	65	349.7726244639329
14	66	155.71059881326082
14	67	153.01676485471063
14	68	95.48150093719005
14	69	307.01709622411454
14	70	413.5543091484134
14	71	231.37041973290312
14	72	253.97630278577665
14	73	229.63946266433877
14	74	196.28780265194465
14	75	208.856164485138
14	76	161.35371611562695
14	77	394.3336412431025
14	78	461.36733305009545
14	79	287.2424867165783
14	80	254.7360910713155
14	81	209.4020216534917
14	82	510.58460471488524
14	83	232.66891019059946
14	84	500.24256493992647
14	85	334.9679321316583
14	86	141.56878052481875
14	87	334.1561068022929
14	88	140.0439716329114
14	89	174.57023176014772
15	16	6010.8057237058365
15	17	4063.200383598912
15	18	1974.2766797043632
15	19	4442.5249623162335
15	20	1094.1260139173105
15	21	1018.704305945173
15	22	1028.072292725495
15	23	917.3838652064594
15	24	810.5518727849555
15	25	995.7470079712759
15	26	523.368719043316
15	27	251.65702326370518
15	28	626.7287906856271
15	29	1419.280825441682
15	30	1098.7061953032487
15	31	1309.411842176562
15	32	665.3296005115081
15	33	245.28569900071687
15	34	219.54346258903112
15	35	271.8623502570291
15	36	127.17300208188087
15	46	509.44815771104106
15	47	337.68836952937755
15	48	308.52054201268965
15	49	228.26933003051454
15	50	316.3185461210451
15	51	203.7713199721584
15	52	300.08492987153113
15	53	159.86747000798323
15	54	181.95838007251268
15	55	300.72324600790967
15	56	419.4924423196969
15	57	535.8424267030165
15	58	122.02467136147285
15	59	132.69382541813343
15	60	24.063281015362527
15	61	130.6694725801612
15	62	196.70177750145132
15	63	117.88801393347416
15	64	97.55849267639115
15	65	187.55409828564842
15	66	262.41191973187955
15	67	386.8081876511279
15	68	362.04882223322267
15	69	1350.993614136601
15	70	557.5552647237489
15	71	250.66153321157256
15	72	275.152240849032
15	73	241.87552382117622
15	74	231.55637223471896
15	75	146.6565418156226
15	76	163.15320366554957
15	77	211.44848205429747
15	78	119.61864212788426
15	79	107.57257079954577
15	80	214.64751658679648
15	81	176.4478041848931
15	82	101.23115070704931
15	83	294.0796701558882
15	84	337.21432657237017
15	85	241.9311726530992
15	86	278.342590124727
15	87	187.7126458622997
15	88	295.0120907243235
15	89	220.64639462576318
16	17	6362.2208483044005
16	18	3062.41008112867
16	19	7430.346242731203
16	20	1682.3022679101684
16	21	995.2554994307378
16	22	1134.0088644850862
16	23	917.7830731879174
16	24	528.316628021907
16	25	768.8468595737189
16	26	607.6828100502546
16	27	381.6845212774931
16	28	975.9661629123382
16	29	2257.2744406555757
16	30	1245.5856360416713
16	31	825.3364208483437
16	32	733.8877529557412
16	33	390.81017794863857
16	34	188.35139224929853
16	35	337.3606184645326
16	45	265.86312586979665
16	46	337.1662076263191
16	47	310.40424490692806
16	48	185.62456356093008
16	49	287.7612463373923
16	50	87.22831016857243
16	51	252.86479891808435
16	52	110.3356164673803
16	53	146.95069712400013
16	54	143.36291428254881
16	55	331.7109401184446
16	56	284.7498934378797
16	57	295.52885830504
16	58	188.43799602858545
16	59	58.54684552880106
16	60	106.17142071857366
16	61	86.48049827157
16	62	92.98744049906651
16	63	97.5267404075419
16	64	53.80564979897319
16	65	236.4347460569899
16	66	253.27038241824457
16	67	521.4811669386097
16	68	221.86430138013034
16	69	1204.84680282261
16	70	384.3799562485403
16	71	245.76948757715803
16	72	236.0594436894828
16	73	320.1591834224351
16	74	255.41684237597943
16	75	97.06116172788438
16	76	209.95933582771343
16	77	66.63913054368773
16	78	197.9169191075205
16	79	118.65726731992233
16	80	202.94197063613092
16	81	227.06795173241923
16	82	139.57800326410458
16	83	252.29772115675618
16	84	278.9716527745256
16	85	355.81427016389864
16	86	175.44233960900976
16	87	414.11057547221617
16	88	195.24677109510716
16	89	162.2551054647151
17	18	7565.117992096749
17	19	9011.33965855699
17	20	2332.382871500906
17	21	995.3185192628014
17	22	709.0386711264003
17	23	792.1003068216946
17	24	575.9596489189189
17	25	551.3033350225995
17	26	995.7947401669298
17	27	1044.9895035823902
17	28	720.4015905118935
17	29	1064.2110467287557
17	30	924.3888734169882
17	31	694.5056190309098
17	32	684.2695010640159
17	33	426.0530162149359
17	34	381.339616648642
17	35	298.824039627802
17	36	248.50713476645566
17	45	1412.962075219336
17	46	199.10122417855206
17	47	274.9468826648401
17	48	219.22765097237277
17	49	318.61298182285805
17	50	180.28325587400116
17	51	199.0934634115809
17	52	268.76305432031313
17	53	312.39497584925306
17	54	330.1652159983707
17	55	320.53060576622505
17	56	126.11150914409278
17	57	448.7497816799702
17	58	166.91279334534877
17	59	233.36577445239814
17	60	211.59787172916796
17	61	102.13581719627051
17	62	192.1862122075317
17	63	143.97716145686562
17	64	95.31890059312502
17	65	235.60525388982222
17	66	448.6788003695506
17	68	235.82498901986355
17	69	365.1007570630621
17	70	136.18895032968678
17	71	163.2714973430923
17	72	209.09446062981692
17	73	236.32293179740853
17	74	226.24067081437317
17	75	114.63186810009205
17	76	159.40779295588533
17	77	265.6213527424284
17	78	87.65447127109749
17	79	236.4819558800737
17	80	89.8799921453947
17	81	258.59579590007024
17	82	148.3608714083995
17	83	223.47784565991577
17	84	205.92068660125386
17	85	236.37730313231407
17	86	233.1024389375876
17	87	229.25429837220852
17	88	172.94380455097055
17	89	71.86038234972376
18	19	5765.099061711354
18	20	3423.468869510671
18	21	1803.2017779805806
18	22	572.3993758259454
18	23	771.0164878534081
18	24	618.1935607961119
18	25	1028.1630427492748
18	26	1315.4637266184204
18	27	1299.2479449935754
18	28	1141.9969871595258
18	29	979.8299448765164
18	30	512.0889645570395
18	31	386.2968786496719
18	32	1220.3095242656539
18	33	844.236165105421
18	34	503.75686172008807
18	35	614.0590095555104
18	36	492.4239530573556
18	45	311.09161390812704
18	46	624.66416616613
18	47	290.5680347994428
18	48	470.60630873694095
18	49	294.62565171132644
18	50	544.3602244584434
18	51	394.50935834557043
18	52	387.3175516847958
18	53	343.8997370069135
18	54	234.85242763903017
18	55	352.85583811329735
18	56	291.54246444464553
18	57	247.0029031070616
18	58	346.4920859225486
18	59	274.02721013224453
18	60	310.58311033358007
18	61	303.57753852699335
18	62	253.8816291325438
18	63	266.2751830329386
18	64	220.3566302209745
18	65	345.8211179821943
18	66	169.346628514418
18	67	166.41688768665836
18	68	259.60773371312007
18	69	111.30115855545887
18	70	359.81636957614137
18	71	179.73728560893767
18	72	157.83871187823237
18	73	374.6244867638045
18	74	298.8682144396917
18	75	416.43489403345814
18	76	175.48393000031865
18	77	272.91509910810305
18	78	115.79321800164963
18	79	173.55397007255763
18	80	316.6217953610141
18	81	303.6532870713571
18	82	228.65211045429814
18	83	253.04440289357095
18	84	163.21507808259764
18	85	260.215748222638
18	86	256.6106168269165
19	20	3483.3230007449333
19	21	1822.9669335844728
19	22	1262.5604251812458
19	23	1077.6051306076004
19	24	595.5045985819141
19	25	670.6018623429453
19	26	640.0133030575444
19	27	699.1152138801233
19	28	856.5753345706055
19	29	966.9519240741743
19	30	986.5885140700916
19	31	944.8333902387759
19	32	848.9878802818782
19	33	275.3193418930446
19	34	147.8550813598527
19	35	205.97633890869022
19	36	128.47006019572106
19	46	283.05425624126093
19	47	397.9879260986446
19	48	340.0005743511829
19	49	494.13747004553903
19	50	346.1734579059062
19	51	154.38721258303838
19	52	303.1455448350781
19	53	322.99596862610287
19	54	131.29585939935768
19	55	524.7288230879732
19	56	195.58657564911607
19	57	425.31309125433086
19	58	123.26922081369209
19	59	107.2377530450508
19	60	72.92611898616076
19	61	184.80306847070534
19	62	113.54741193955337
19	63	148.86296618047317
19	64	221.7453920920087
19	65	297.7338461610798
19	66	198.8162261573625
19	67	217.0851706740526
19	68	121.91380566803217
19	69	638.8297358714635
19	70	246.4183143937251
19	71	196.94738849433293
19	72	216.18999365108283
19	73	317.64518707140695
19	74	133.6674590303091
19	75	59.260926286912586
19	76	109.87815313474842
19	77	152.5750567736701
19	78	90.62898907272779
19	79	54.33486046483409
19	80	154.88338677762619
19	81	118.8316160083566
19	82	76.69771774737598
19	83	198.0526909998276
19	84	340.65363028639433
19	85	81.46622266559754
19	86	40.16877877600962
19	87	237.03394705093206
19	88	119.20838679082883
19	89	222.89680305958052
20	21	9609.602179286305
20	22	1817.670629218399
20	23	1627.7724204693238
20	24	1379.9719262430594
20	25	1243.196772516319
20	26	1566.7019073535791
20	27	1614.6156093706354
20	28	1687.6913275783766
20	29	869.9651094090358
20	30	465.71487781707424
20	31	726.5819588742186
20	32	1117.2733380131083
20	33	793.9577051967934
20	34	439.91594834639534
20	35	329.9935676317904
20	45	668.7189989000183
20	46	424.032945691778
20	47	546.5265281169281
20	48	350.1726835273197
20	49	678.5613788935265
20	50	365.6720481064069
20	51	176.67350721284743
20	52	277.52446957694127
20	53	517.4700773027313
20	54	252.4180551302037
20	55	265.4732152667178
20	56	358.1122110365929
20	57	530.9546342831753
20	58	304.69723009867965
20	59	331.33824992106076
20	60	133.52518507867106
20	61	362.537126571796
20	62	116.94451405657486
20	63	40.88443630404838
20	64	236.8380544097045
20	65	408.8552304598889
20	66	182.01279434150698
20	67	178.86392554243585
20	68	390.6348844640566
20	69	159.50113728148557
20	70	193.3642950287434
20	71	270.45285898654333
20	72	508.9324527374662
20	73	335.536891910171
20	74	183.55534807842326
20	75	162.75703946130247
20	76	301.7746097842676
20	77	293.3275982074007
20	78	207.42315489401832
20	79	261.14874960732203
20	80	382.8412204435973
20	81	326.36482801980276
20	82	140.43085110937392
20	83	362.62758239060105
20	84	233.89685169080397
20	85	279.6784080152855
20	86	330.9643599244491
20	87	195.30040732264146
20	88	163.69980464950976
20	89	102.02907166780173
21	22	4345.120179918328
21	23	3091.752006246815
21	24	2063.911221523978
21	25	2182.7126383869586
21	26	1677.2554558268066
21	27	1685.569998373002
21	28	1526.4574025770066
21	29	723.514822566489
21	30	780.5009127035278
21	31	455.59953050045084
21	32	767.5926325736503
21	33	497.84715035498715
21	34	297.0660680566794
21	35	289.6891089889214
21	45	1467.6089926960685
21	46	279.1820923229224
21	47	479.7753607902423
21	48	614.8072122210446
21	49	555.9716001321457
21	50	321.009923188254
21	51	217.13316339839412
21	52	334.9890975923538
21	53	162.23849311676162
21	54	221.58844491470848
21	55	399.5127181743847
21	56	196.48338920237373
21	57	372.88429837676364
21	58	297.20265873373495
21	59	161.59419759876045
21	60	87.91260426062622
21	61	95.47736756721226
21	62	205.3224995948551
21	63	358.90929660936456
21	64	178.20972030886506
21	65	228.40289609049643
21	66	359.5101272442639
21	67	261.69667281951644
21	68	244.94562214932654
21	69	280.0402606232006
21	70	127.31050503304854
21	71	339.1721857990823
21	72	297.8486112666068
21	73	265.0998489247669
21	74	483.4092883985096
21	75	250.0371405502671
21	76	397.37509939024983
21	77	331.073247703158
21	78	437.0138195563821
21	79	262.0031973185232
21	80	298.7396467026778
21	81	250.6906264833275
21	82	369.83710098697674
21	83	238.7529747733328
21	84	359.32639334093744
21	85	392.8308755971419
21	86	532.6591077912598
21	87	285.7449686493981
21	88	71.85299230361186
21	89	89.56753634480509
22	23	11498.25482257406
22	24	3573.587350087668
22	25	1203.7731161755742
22	26	604.0542412863776
22	27	424.50956477410506
22	28	1305.9556957635912
22	29	2616.833931751579
22	30	6872.880028560877
22	31	4764.678441405332
22	32	383.9503130574797
22	33	114.93390221000563
22	34	185.16928028471781
22	35	200.6344700382163
22	36	321.78411950115645
22	45	203.28893516266584
22	46	257.8099505034647
22	47	166.14272380744833
22	48	141.93551566386262
22	49	302.5454586518373
22	50	66.69804333411817
22	51	150.38327577521827
22	52	147.64182637354926
22	53	157.3096340412824
22	54	109.62067075292289
22	55	207.52253018125293
22	56	244.9467756752611
22	57	161.40890628299223
22	58	82.33529819206589
22	59	67.1506767575125
22	60	20.29566434981704
22	61	44.084158840375366
22	62	118.50281794885346
22	63	49.71507335456147
22	64	41.14182144508961
22	65	67.79508384831423
22	66	359.65437927656285
22	67	434.99355660415546
22	68	237.50409314140646
22	69	1430.3946561282633
22	70	293.91135663509084
22	71	234.9057304467208
22	72	51.57140570598715
22	73	265.206219202185
22	74	390.6026286221594
22	75	49.47774072030377
22	76	68.80405579520371
22	77	25.477391503751907
22	78	75.66735628420234
22	79	113.4122560427583
22	80	155.1770557705569
22	81	124.01763384887
22	82	128.0719026959175
22	83	220.47579089589766
22	84	248.86424191204156
22	85	102.02585991474287
22	86	100.61235349452652
22	87	989.5140785781358
22	88	248.82169512362515
22	89	186.09952493439317
23	24	7070.891692048998
23	25	2251.7436154772035
23	26	958.9508763792556
23	27	701.9992841491869
23	28	1250.5236610404686
23	29	2327.579714477501
23	30	3596.090362878517
23	31	3072.3708762133533
23	32	312.579748237105
23	33	194.62440505830017
23	34	195.97383973267225
23	35	212.34141762424994
23	36	454.08013947508084
23	45	430.3015396261909
23	46	181.90204424034056
23	47	351.67418135585484
23	48	325.47103514514583
23	49	232.87190906717336
23	50	164.70964918013743
23	51	159.1580846452054
23	52	223.22381811219213
23	53	237.84084767199698
23	54	139.2203959219753
23	55	122.01744085834011
23	56	633.6961400214655
23	57	273.3232906252401
23	58	196.06394830558787
23	59	118.44815677653322
23	60	42.95981781042133
23	61	69.98467995919295
23	62	200.6678621150988
23	63	105.23185922529046
23	64	65.31364740787116
23	65	167.41877150512775
23	66	409.92008628401425
23	67	422.01066485925696
23	68	466.8158294141482
23	69	1026.344175315009
23	70	342.1670738984261
23	71	223.75115413345486
23	72	163.74173482351424
23	73	172.7267105350126
23	74	265.7533811407326
23	75	78.54712305961075
23	76	97.09166288370864
23	77	80.89196380229525
23	78	133.47086452132132
23	79	144.03578339951218
23	80	82.11578997068904
23	81	210.006427524508
23	82	112.95404262249532
23	83	320.84314935962726
23	84	225.75889625199594
23	85	71.98602089495753
23	86	283.9547929123118
23	87	586.4610423725845
23	88	316.0084194993348
23	89	328.2639396929276
24	25	10949.508166987676
24	26	1486.193263599102
24	27	1066.8290476751397
24	28	2102.7397836497894
24	29	1831.7047168198321
24	30	1035.0345250840282
24	31	1211.1016555821552
24	32	539.8042851323194
24	33	210.06456839077384
24	34	188.01871817095207
24	35	314.3137742089658
24	36	392.0829907640086
24	45	1114.6528988166847
24	46	196.3329028612847
24	47	260.27903663478133
24	48	259.4153880094714
24	49	251.34636662795577
24	50	121.90394144880047
24	51	117.79515000042925
24	52	269.844805903451
24	53	369.6616896303654
24	54	40.070716204074394
24	55	210.71594627509128
24	56	795.8914776663855
24	57	413.0096360874856
24	58	150.4841351896282
24	59	286.3728444867004
24	60	111.28309114724853
24	61	80.57256929076567
24	62	173.26997745213075
24	64	187.98715606300607
24	65	123.90900120654452
24	66	353.9522639996397
24	67	397.5186257656912
24	68	434.08597339391844
24	69	797.5924356619676
24	70	429.74517415330456
24	71	558.1380333301545
24	72	377.02800905999646
24	73	223.71559345125277
24	74	356.9520003066276
24	75	271.2912391255192
24	76	167.6707975191438
24	77	93.13000162788344
24	78	138.2971449979024
24	79	290.1968402781749
24	80	141.80846824913317
24	81	226.66689485324005
24	82	429.1409423161354
24	83	151.1112614444366
24	84	389.8704899817434
24	85	435.1026248103722
24	86	429.0745417916512
24	87	434.0481139219825
24	88	272.86268535579995
24	89	226.7559332298742
25	26	5738.100174884203
25	27	3058.016426970566
25	28	2867.0908662129586
25	29	2108.5330724419487
25	30	678.1437461576896
25	31	727.3759901796069
25	32	729.4528232465392
25	33	302.79061592684144
25	34	372.64336335113256
25	35	188.77382562278837
25	36	176.61095106574615
25	46	282.99756136639434
25	47	429.88297727707413
25	48	506.3577466989533
25	49	679.3029318193704
25	50	36.607166586481085
25	51	212.23989780296003
25	52	347.28469615866095
25	53	296.02033408952383
25	54	397.0904227896696
25	55	493.5604748882398
25	56	582.5682966520927
25	57	690.9953413731033
25	58	135.56898341526426
25	59	110.56678221322382
25	60	233.92443470072757
25	61	181.4666591953462
25	62	156.09641953266961
25	63	122.78734825319425
25	64	101.61294787842156
25	65	111.62782912899246
25	66	637.7409624940935
25	67	835.6105034160748
25	68	391.0617823844531
25	69	439.1074739493913
25	70	290.36341429362875
25	71	502.8184910563194
25	72	382.1164724328103
25	73	235.132503924501
25	74	597.2068149360156
25	75	325.86981080646535
25	76	302.1043984397849
25	77	293.6481557066153
25	78	124.5899000115413
25	79	149.3909377500015
25	80	425.84400134018887
25	81	367.56167583225294
25	82	175.73039787506062
25	83	181.51193653121126
25	84	351.2286921397606
25	85	223.98723940481574
25	86	220.8840320296482
25	87	391.0276753331248
25	88	163.8787008744849
25	89	102.14057220256527
26	27	10260.17138216442
26	28	4546.357816810801
26	29	1445.548235358506
26	30	316.57068316190384
26	31	431.17873231532894
26	32	1089.6728247858628
26	33	816.6804849378415
26	34	702.8572357058847
26	35	234.9954436812321
26	36	586.2785785085994
26	45	833.3658083143812
26	46	411.0050399573876
26	47	648.6552898595966
26	48	646.5029449891439
26	49	375.83622348114903
26	50	364.5639887001126
26	51	381.6326608632613
26	52	317.03319421920304
26	53	276.37609260130165
26	54	449.3806749338101
26	55	598.6555700873589
26	56	260.3322308474178
26	57	397.0093016996708
26	58	337.52659620029254
26	59	428.2110373162831
26	60	332.8014426880404
26	61	331.318686054075
26	62	226.70306711289047
26	63	611.4082243342135
26	64	421.64354956995413
26	65	494.08038470112484
26	66	302.4354319815936
26	67	297.2032201530471
26	68	139.0897080976228
26	69	231.90098305218876
26	70	240.97295319982715
26	71	320.9920628074984
26	72	352.35436504606344
26	73	418.1501850642388
26	74	190.62410279133513
26	75	439.46460213339014
26	76	438.7544180682506
26	77	348.141377317248
26	78	310.1919319039131
26	79	402.9340972590391
26	80	353.4084583452576
26	81	338.9332055710139
26	82	437.51661736672685
26	83	677.8664031075692
26	84	242.90426820050007
26	85	278.83092652922863
26	86	274.9678931263905
26	87	486.7715201161654
26	89	84.7665859869054
27	28	5337.494348350393
27	29	955.7329945489969
27	30	200.84595778364815
27	31	344.6833288527759
27	32	1659.2039160088616
27	33	1470.7118577382112
27	34	1091.6186220113286
27	35	805.0921716550249
27	36	1171.67451065068
27	45	634.4674204823081
27	46	335.26175879444526
27	47	592.6098399047837
27	48	627.5586794899923
27	49	643.8056768443369
27	50	416.3309279135507
27	51	502.87303593862947
27	52	362.0509101826076
27	53	455.89646277010496
27	54	615.8295800373528
27	55	395.8047657684219
27	56	297.2985884342687
27	57	403.0074429001117
27	58	417.57550332110986
27	59	279.43751837346866
27	60	316.7151669297548
27	61	378.3648969055424
27	62	258.89418927110955
27	63	155.16139294604446
27	64	417.313525904885
27	65	423.178683445839
27	66	302.20777268707855
27	67	113.13504739949936
27	68	529.4666965688915
27	69	151.33153880993447
27	70	458.6505904650153
27	71	256.600347957084
27	72	603.581364181399
27	73	318.3507970269687
27	74	130.61527532784535
27	75	231.63101204439334
27	76	286.3178084544085
27	77	397.57635739173173
27	78	275.51860789141546
27	79	424.7533579825225
27	80	242.15480841100333
27	81	387.0606542331008
27	82	333.0950668593947
27	83	516.080866193917
27	84	166.43754595947817
27	85	265.35336724385087
27	86	366.34788015288956
27	87	247.06290854995663
27	88	77.65757587288222
27	89	96.80317446005931
28	29	4938.525367586473
28	30	1600.603139669092
28	31	1038.7389093822592
28	32	1836.4869072776578
28	33	588.5500881809342
28	34	376.27353616248644
28	35	366.92964006317925
28	45	371.78424920630874
28	46	707.2422225721492
28	47	607.6990642153484
28	48	692.208707238296
28	49	754.512532789714
28	50	365.9414411019901
28	51	314.31762443391045
28	52	308.5876929704784
28	53	452.09240554916977
28	54	400.9587510580081
28	55	548.205442004248
28	56	696.842289598459
28	57	472.3073707055711
28	58	75.28930927062204
28	59	245.6165548017712
28	60	185.588269386187
28	61	161.24631557783485
28	62	86.68938359029305
28	63	45.46061792928478
28	64	188.10518615663148
28	65	330.6314640719735
28	66	505.96356766825556
28	67	132.58940427348836
28	68	310.25608551179977
28	69	487.7236308241724
28	70	376.263120669329
28	71	128.88195399101974
28	72	424.4228221770929
28	73	261.1653987744555
28	74	612.3019150231369
28	75	316.7051681878889
28	76	167.77607173225445
28	77	232.97118616855124
28	78	138.38397659488018
28	79	456.30992629188216
28	80	236.4958407907539
28	81	362.894736809564
28	82	351.33576859550845
28	83	352.8143232719864
28	84	715.2113376073313
28	85	310.98272103594036
28	86	552.0136392309462
28	87	579.0941819653859
28	88	182.02267040998748
28	89	113.44915239323653
29	30	6912.223161720854
29	31	4339.926118515976
29	32	870.4635298866996
29	33	414.01610385267406
29	34	269.5025118656216
29	35	140.79108799532656
29	45	665.7177518717815
29	46	422.12986290180936
29	47	388.62406250368525
29	48	116.20036319598685
29	49	450.3439724877665
29	50	182.01544609034198
29	51	105.52835217528327
29	52	276.2789247502647
29	53	294.3700820648304
29	54	107.69365253537144
29	55	226.5272203894803
29	56	757.5730911454343
29	57	634.2860174075853
29	58	101.109910817802
29	59	73.3002635418231
29	61	72.18200806868839
29	62	38.80655358456025
29	63	122.10283422923422
29	66	815.3815998514859
29	67	771.598423147427
29	68	611.0998048239667
29	69	1111.4970128660752
29	70	384.99293123284895
29	71	269.2390519305955
29	72	464.4276416715019
29	73	1135.705346263082
29	74	593.8775106889266
29	75	243.03986560059963
29	76	225.31517176275534
29	77	125.14762632208773
29	78	123.89533713503222
29	80	338.7760074168865
29	81	284.28757439545564
29	82	174.75073731969536
29	83	90.2500225479103
29	84	291.05888746547
29	85	55.684639239284515
29	86	274.56581165009595
29	87	453.65573991185363
29	88	570.3778887594495
29	89	406.28463870762084
30	31	12229.880352847618
30	32	402.43873678241545
30	33	208.81177832864364
30	34	124.59827058924073
30	35	173.57736625813925
30	36	162.39361382437679
30	45	307.77924854793304
30	46	325.2700102715207
30	47	359.3427442447604
30	48	143.2601543818465
30	49	249.84737880399172
30	50	67.32051481492344
30	51	162.62866578560596
30	52	95.79839159709464
30	53	34.02380453208819
30	54	66.38623522260677
30	55	104.72963575193111
30	56	412.0546424955118
30	57	390.9966814079435
30	60	30.727615929363974
30	61	100.11505990157478
30	64	124.5773546713763
30	65	102.64169048542642
30	66	460.74462724069895
30	67	823.2247728319012
30	68	462.3183825247546
30	69	1615.0357409125654
30	70	44.49815058181524
30	71	320.08234105205514
30	72	156.15811536470008
30	73	463.29456448265995
30	74	168.96342766232073
30	75	149.8185018929768
30	76	69.44618201593399
30	78	76.37353549067316
30	79	103.02362668101502
30	80	352.4068654700242
30	81	37.55251521402813
30	82	129.2671567533913
30	83	83.45003281985406
30	84	322.95447281834805
30	85	205.95606919048333
30	86	253.8783409305741
30	87	3775.2708292140314
30	88	678.0884444858164
30	89	469.5908305224369
31	32	3727.3083971775454
31	33	853.2236495137697
31	34	458.207735241561
31	35	425.55160948440306
31	45	1131.8522461392465
31	46	398.7247282638249
31	47	308.34440148071644
31	48	131.70911317474304
31	49	561.4943358989718
31	50	123.78494694494437
31	51	79.74183727438655
31	52	195.72040894977167
31	53	250.24376895799244
31	54	162.7560658143457
31	55	213.96734117141736
31	56	707.1507308971172
31	57	659.029593436586
31	58	76.40306978231533
31	59	83.08332642889614
31	61	40.907911164891416
31	62	43.98589313675307
31	63	46.13312032806257
31	65	83.88063015334714
31	66	667.4828230604637
31	67	740.0294521071775
31	68	314.8457275194521
31	69	1529.8101063092897
31	70	545.4702997108894
31	71	305.17320072379954
31	72	95.71140921200491
31	73	227.16757585521535
31	74	258.89989337222477
31	76	170.25799599630548
31	77	330.9845654470636
31	78	93.62073423137376
31	79	42.09637763085036
31	80	191.99547348445492
31	81	230.16441650795952
31	82	158.45915799894462
31	83	102.29529501329777
31	84	329.90523347200934
31	85	252.46648977479086
31	87	514.2031706875567
31	88	461.7883642453675
31	89	805.8919006843674
32	33	7067.750012862011
32	34	4610.477484144937
32	35	1145.1572083172202
32	36	931.6292659308291
32	45	353.1372307577908
32	46	1231.5786038812446
32	47	494.7596780258049
32	48	534.211149431977
32	49	812.2255382422743
32	50	579.3124525229761
32	51	821.0203987844365
32	52	512.9430745245293
32	53	429.41749276115615
32	54	533.1878599445905
32	55	280.38227187761476
32	56	803.7257914529644
32	57	504.69588740704785
32	58	321.80911932697984
32	59	311.0633839424628
32	60	458.32800043415045
32	61	497.7665185991513
32	62	494.04861431106326
32	63	259.0831121817176
32	64	393.07549547661074
32	65	745.8651481294396
32	66	480.5867207449948
32	67	314.84829678047043
32	68	353.63405016953635
32	69	126.34407729170151
32	70	408.4473854411446
32	71	489.6712695516678
32	72	313.549981653168
32	73	425.2568951244646
32	74	387.72774464503146
32	75	300.82066762997675
32	76	79.68059094142957
32	77	354.0582462244832
32	78	306.70094341189036
32	79	197.01067350707658
32	80	314.4879888624154
32	81	43.086697018192346
32	82	259.55560832508166
32	83	143.6223216916809
32	84	185.27442758076677
32	85	236.30818606134946
32	86	291.29284930216056
32	87	618.8056130114325
32	88	345.786471056506
32	89	107.75905540241021
33	34	12239.265211620324
33	35	2712.5752140436475
33	36	2610.3100628683683
33	45	1099.3854180820222
33	46	958.5363991665331
33	47	545.5171989877192
33	48	639.655392065253
33	49	446.22658333696296
33	50	450.87830405930896
33	51	755.1810589617477
33	52	484.7708869277552
33	53	364.5984069432028
33	54	711.393565122673
33	55	436.4424851629131
33	56	220.7784642157329
33	57	218.22461435751376
33	58	640.0739425166372
33	59	635.513343947293
33	60	795.7515803061774
33	61	1013.2292531054072
33	62	608.8194443678607
33	63	604.9323834943841
33	64	695.2960593667082
33	65	824.929722401777
33	66	149.6160661896588
33	68	321.10520000206316
33	69	32.77782311838088
33	70	238.4206445629503
33	71	285.83299556287585
33	72	244.03563802212727
33	73	193.06992680107115
33	74	264.04710235956685
33	75	234.128425612625
33	76	155.03831116374283
33	77	275.5631799397179
33	78	341.0071976991147
33	79	429.3329900016325
33	80	139.86610748435686
33	81	167.67166659782237
33	82	404.0237422172577
33	83	298.0829593075236
33	84	96.13260147653199
33	85	321.8572447038543
33	86	408.08328139805525
33	87	107.0257314403463
33	88	134.56263278789717
33	89	335.47506141304547
34	35	2081.053670824068
34	36	6230.302181956445
34	45	6642.048256884461
34	46	441.96906463498175
34	47	430.8231845633772
34	48	257.6361854538609
34	49	266.26400588942636
34	50	430.4635102989587
34	51	805.9121735754586
34	52	535.9881462002114
34	53	244.75090794361878
34	54	318.3671269599477
34	55	502.24979817126126
34	56	98.80410618399664
34	57	78.1289535481967
34	58	373.63009630102744
34	59	1056.3753719846056
34	60	466.6393884469765
34	61	800.1996166677615
34	62	831.7277521727649
34	63	601.6066192087515
34	64	672.1122406287136
34	65	711.0085395724465
34	66	334.78540905579655
34	67	175.46321823419777
34	68	123.17394034373059
34	69	58.675714180241734
34	70	284.5318422463053
34	71	227.40924679954867
34	72	249.62810625542556
34	73	320.92845521814473
34	74	202.57362405693362
34	75	209.55712240409082
34	76	277.5347099768142
34	77	277.4738062552064
34	78	396.78493948994776
34	79	356.8271235669382
34	80	156.48430412491626
34	81	270.1347577262208
34	82	232.47145945160455
34	83	300.1497272493668
34	84	172.0873600198591
34	85	82.3082799823761
34	86	121.75192301295125
34	87	143.6903971302061
34	88	180.6608362677356
34	89	375.3345430189758
35	36	15188.967050538706
35	45	4455.153732887163
35	46	1231.4107706942007
35	47	800.2374708801093
35	48	717.8239362758827
35	49	510.0306079515131
35	50	862.0357483650621
35	51	1231.3627715315804
35	52	640.0140019565108
35	53	416.7307688412017
35	54	739.1933443298616
35	55	466.454827223313
35	56	45.881205375113694
35	57	272.10285345925286
35	58	832.8042148752332
35	59	1094.2907760754872
35	60	889.5742871313759
35	61	1337.7059692861496
35	62	1398.4029106310934
35	63	1508.572515372267
35	64	1144.3873820043539
35	65	1028.5995098661708
35	66	139.91647546295522
35	67	61.10928175841507
35	68	57.197712443737096
35	69	163.48181852817666
35	70	247.737626894865
35	71	158.40146871800698
35	72	260.81695810950174
35	73	584.6485470453656
35	74	94.06817598885021
35	75	208.52372311332488
35	76	231.97951516529523
35	77	257.69845369182934
35	78	552.7595563059409
35	79	497.0944783194897
35	80	217.99767558749298
35	81	125.44122685663034
35	82	431.8067815962513
35	83	139.37913929981036
35	84	59.93355802057089
35	85	343.9900343635597
35	86	113.07475367814293
35	87	66.72484450074859
35	88	83.89263616841791
35	89	209.15083695682264
36	45	1282.49353884579
36	46	1355.3762591910477
36	47	748.6774204227218
36	48	895.4318228190498
36	50	561.0392883161874
36	51	1355.3234279774306
36	52	798.3697330780803
36	53	141.774696264357
36	54	414.93985450434167
36	55	290.93380360806805
36	58	779.1458585714881
36	59	1412.1166834407575
36	60	1920.5958042720504
36	61	695.2868442273208
36	62	1345.6825715529765
36	63	1097.7351575140065
36	64	1038.2093868011925
36	65	1140.534375290676
36	66	174.5353677061829
36	70	556.2615824264451
36	71	592.7820543596378
36	72	162.674851324791
36	73	128.70096307328987
36	74	352.0291008904989
36	75	312.1413506332851
36	76	144.68857168431427
36	77	160.72980048845852
36	78	795.6072921396432
36	79	286.1945938855488
36	80	489.4845143529512
36	81	156.47857468174576
36	82	269.32337723115126
36	83	347.73016183793885
36	84	448.5758615251748
36	86	211.57848258612688
36	88	313.94941988885165
36	89	391.35010491291183
45	46	6935.759523864706
45	47	1135.1548546102902
45	48	1414.235280273299
45	49	328.85904138342136
45	50	797.489413981732
45	51	1027.4798777602812
45	52	504.3745886389233
45	53	268.70089563158547
45	54	786.4217908861561
45	55	551.3972214987218
45	56	325.4176098480584
45	57	1157.9520565984299
45	58	1968.9191893164204
45	59	535.2676148490224
45	60	1213.3472482562383
45	61	790.6525043779981
45	62	566.7617106415042
45	64	983.8419669982167
45	65	270.2021378058332
45	67	433.42445445300586
45	69	869.634889778461
45	71	280.87005847603064
45	72	308.31226868722644
45	73	243.92268125165253
45	74	333.5945595019395
45	75	295.79559219236546
45	76	1096.8938696010252
45	77	304.6258781285263
45	78	301.5776405830865
45	79	1627.2454618821475
45	81	593.1373407528099
45	82	1020.879389388292
45	83	329.5207409570045
45	85	406.63133512928687
45	89	741.7129182173485
46	47	9477.349367733239
46	48	3676.727663494637
46	49	2259.0603420348175
46	50	1123.746499483742
46	51	515.788462625319
46	52	852.8602413641962
46	53	1135.8835073429216
46	54	526.3717506311516
46	55	903.2354200527888
46	56	790.994703292681
46	57	897.4219607776033
46	58	780.3040262873008
46	59	480.83335017247646
46	60	256.46009194250166
46	61	250.67532924984485
46	62	718.7641986059729
46	63	408.33627524541157
46	64	571.8639528862361
46	65	942.3395288294414
46	66	629.2613060169704
46	67	412.2499475686168
46	68	557.3563233442096
46	69	245.08141326622354
46	70	371.3922946614958
46	71	534.2968800709067
46	72	423.5833177790249
46	73	309.3414520067356
46	74	669.8495170951454
46	75	562.689604241295
46	76	318.78801942175073
46	77	321.9374372224588
46	78	350.58756879855906
46	79	257.9580091563257
46	80	392.169690081049
46	81	532.8179900198339
46	82	458.5303157749036
46	83	383.0717529902146
46	84	494.16691585019834
46	85	300.8178277928367
46	86	508.5431643530375
46	87	400.1183578073291
46	88	251.53287405157272
46	89	235.159098280814
47	48	6901.881429939599
47	49	3033.23754465768
47	50	1924.2651158186914
47	51	1169.627272323585
47	52	706.6493910698089
47	53	815.6653378972211
47	54	918.1741972657287
47	55	965.662524407527
47	56	607.8978098746529
47	57	766.1041063941123
47	58	632.1645390522802
47	59	718.6846244906662
47	60	453.31974208574377
47	61	707.7205027268217
47	62	562.4565430777386
47	63	520.5119761606884
47	64	287.1672424243939
47	65	788.675472419828
47	66	926.9037103964743
47	67	303.6226781770352
47	68	236.82330706082283
47	69	304.59849641381487
47	70	656.4742995815815
47	71	688.6432335399696
47	72	935.9091648188173
47	73	569.5760586714503
47	74	545.276197335364
47	75	656.1676936861936
47	76	448.23131932180286
47	77	675.7560462859582
47	78	352.1021559482101
47	79	538.2949248007689
47	80	577.6670794236899
47	81	588.6318217801597
47	82	685.3490667651633
47	83	500.14467924468494
47	84	545.9319643647113
47	85	522.2315104267248
47	86	514.9963095331049
47	87	497.28556952333287
47	88	277.8814842289112
47	89	346.3900269184787
48	49	6008.077518155191
48	50	2938.687231419425
48	51	2032.583216954726
48	52	1555.339352026834
48	53	1000.5647092129208
48	54	1250.6743106243523
48	55	1122.868013663651
48	56	643.7482490854213
48	57	538.9849743846189
48	58	773.2639389310489
48	59	747.4433851583021
48	60	593.0079128787472
48	61	429.3569729041132
48	62	824.3973820839035
48	63	795.4700755300839
48	64	601.050186056181
48	65	1131.9242652980251
48	66	423.42120861818904
48	67	252.17934018708974
48	68	566.4899721634675
48	69	168.65988251999062
48	70	654.296009951157
48	71	588.3070303706365
48	72	322.893576129787
48	73	596.0704172721829
48	74	388.1906294898426
48	75	550.7287759364435
48	76	574.3851610226062
48	77	744.4099636664916
48	78	491.30735236784
48	79	852.1021700909399
48	80	899.6098204738422
48	81	241.57355955860257
48	82	742.4727890337923
48	83	575.175134988893
48	84	296.7929849303644
48	85	378.5444803171985
48	86	606.6124611516747
48	87	110.141220947784
48	88	69.2398569472433
48	89	86.31016196829398
49	50	6473.816563237934
49	51	1424.8902112428402
49	52	1467.154567369976
49	53	1417.8096672248857
49	54	1454.1270487741008
49	55	1417.4325003501538
49	56	1408.8840140361922
49	57	1409.9941150342486
49	58	466.17625916619954
49	59	687.9847087456461
49	60	590.9786920055853
49	61	427.8877511407389
49	62	498.4229958691038
49	63	603.177861817264
49	64	465.88379073615346
49	65	840.8157321188127
49	66	1163.6205807608028
49	67	703.6859331187343
49	68	329.32170445355996
49	69	313.7544540662351
49	70	285.27496663978997
49	71	532.0074236976938
49	72	583.9868323760127
49	73	594.0307167785913
49	74	631.8750497050202
49	75	440.21880991863407
49	76	333.9114715806722
49	77	494.5751055360162
49	78	571.230498836276
49	79	477.01208632442
49	80	920.438939793918
49	81	962.9876644176759
49	82	587.012809259823
49	83	356.6620937051103
49	84	402.58588577007924
49	85	385.1084913975394
49	86	434.02633917783396
49	87	640.2919097507644
49	88	322.01364651033236
49	89	200.7012377819062
50	51	5871.346591636328
50	52	2923.527378342454
50	53	2115.824824368527
50	54	1605.4633984849286
50	55	1990.0161963420258
50	56	1032.0889935153054
50	57	1266.393510100563
50	58	1184.3189517043309
50	59	819.5531081349791
50	60	822.7253836626069
50	61	720.580495671513
50	62	805.7901468820853
50	63	845.1258154450774
50	64	780.0841401694713
50	65	1122.9242875595419
50	66	615.0081244620264
50	67	284.40862284949316
50	68	266.2037935673245
50	69	190.21512579849156
50	70	307.46542485080613
50	71	737.2160542407578
50	72	404.62261344067514
50	73	800.2976429201484
50	74	437.80256643694764
50	75	614.643646647518
50	76	479.8469055143487
50	77	666.3077851494078
50	78	758.5864360221136
50	79	860.157369141995
50	80	642.5690289970516
50	81	583.8158386460213
50	82	390.76942700900315
50	83	360.38014304092786
50	84	557.8733772878459
50	85	311.2984657817204
50	86	438.55087758712676
50	87	465.81600834372244
50	88	65.07410012933572
50	89	81.11738483780273
51	52	7009.17188750806
51	53	2612.4302329852485
51	54	2631.7561659172584
51	55	1398.5035553555686
51	56	309.507601736851
51	57	530.2741246408772
51	58	1196.4195365781998
51	59	1923.2584310654725
51	60	1974.6657344491275
51	61	1503.9933490478825
51	62	1677.0510910810146
51	63	1539.0536597275657
51	64	1325.6329441855914
51	65	1399.1768809450605
51	66	104.87279633944335
51	67	320.62634992529513
51	68	128.61567649584464
51	69	122.5359301181556
51	70	334.24003634306604
51	71	356.18403580635925
51	72	521.3129931351143
51	73	644.4362378841223
51	74	246.77704469404952
51	75	562.6676711597568
51	76	347.7551927799103
51	77	869.1971987370152
51	78	956.110645209715
51	79	831.1656302306214
51	80	294.11580277221856
51	81	188.04607810733995
51	82	836.1109249580127
51	83	383.0568212340029
51	84	134.7675419222596
51	85	300.8061022128801
51	86	127.13083546147814
51	87	50.012845198925454
51	88	125.76153477506536
51	89	78.38331067095946
52	53	5241.1258868015375
52	54	3535.6988256502545
52	55	2374.1617179485693
52	56	1046.6473365793977
52	57	1161.3548807594248
52	58	1404.423934059538
52	59	1388.380817806443
52	60	856.0352531686755
52	61	1121.103944948736
52	62	882.0422519420799
52	63	832.5902373993416
52	64	1097.3153036747442
52	65	1345.6361508405294
52	66	789.3676019912511
52	67	404.71895825825817
52	68	462.99383155628635
52	69	270.6797943987376
52	70	401.0684630422647
52	71	670.2408728141384
52	72	671.7500842691419
52	73	430.2280622858101
52	74	449.9455276837818
52	75	767.236639764601
52	76	597.4774799557969
52	77	695.3238125753905
52	78	750.9447903506417
52	79	675.3216738590079
52	80	513.3407030246648
52	81	461.54511316261886
52	82	688.4706337021981
52	83	410.2623179485538
52	84	264.6215268649281
52	85	295.3224824111466
52	86	457.64866478903286
52	87	294.60674144446176
52	88	185.20340030531005
52	89	230.86320772744654
53	54	8056.058657289064
53	55	3870.631604105955
53	56	1942.5774832194656
53	57	2005.444840739498
53	58	1142.69607275703
53	59	917.16232390736
53	60	912.0897222021582
53	61	1077.9774100837474
53	62	814.4930717408697
53	63	689.9740491200339
53	64	625.3695460859086
53	65	657.1356087597112
53	66	804.4888963805025
53	67	479.1339567971753
53	68	448.46487300009755
53	69	448.62893021575763
53	70	427.3310260134644
53	71	434.68736826729383
53	72	613.4891012113734
53	73	431.4353312368616
53	74	590.041395654588
53	75	653.9811541974653
53	76	818.4872560996776
53	77	942.905925881044
53	78	633.4265747725955
53	79	449.71421710376507
53	80	786.2478415845903
53	81	852.397481275068
53	82	789.97985313801
53	83	473.55415065109344
53	84	328.9408970473197
53	85	224.75760026519015
53	86	398.9586960134136
53	87	104.63267720510395
53	88	460.4385240641342
53	89	327.97396793086625
54	55	5381.729464728692
54	56	912.4794840202377
54	57	1123.9365579610476
54	58	1672.195937165029
54	59	1500.904383257655
54	60	1308.5605382610368
54	61	881.1194738079435
54	62	947.416426602852
54	63	897.50455898494
54	64	1114.097892863444
54	65	1690.1509121060167
54	66	535.123227862045
54	67	186.97438453158998
54	68	218.75782968333445
54	69	250.1004063691334
54	70	492.69739125912076
54	71	393.7834927781056
54	72	498.7590347845386
54	73	578.7401011286817
54	74	323.79503004861266
54	75	797.5178579148643
54	76	591.4844388047878
54	77	887.0319603785779
54	78	845.6315870545002
54	79	731.224168151205
54	80	466.90103425529344
54	81	735.6340378590877
54	82	825.7420650997092
54	83	533.068137057923
54	84	183.3770550271844
54	85	350.83227462561496
54	86	216.2323163792601
54	87	102.07808351286621
54	88	128.34199292616097
54	89	79.99163115855931
55	56	4429.26128481302
55	57	2495.4747662744253
55	58	1284.1174265241332
55	59	971.404149300939
55	60	1128.5166352042631
55	61	1135.9441940759689
55	62	771.419747023193
55	63	741.6544491594684
55	64	781.1463132413935
55	65	1072.6692439282383
55	66	1013.0400173810103
55	67	245.8059656657101
55	68	184.05765587865145
55	69	394.5535452139839
55	70	518.1798922577553
55	71	732.7271502760716
55	72	524.555046347528
55	73	636.3397084437696
55	74	756.759633626923
55	75	603.911370374692
55	76	902.0105543560222
55	77	932.9095988990554
55	78	718.335677882126
55	79	738.2816322865398
55	80	736.5740064316727
55	81	672.7663624801024
55	82	1013.1913940887957
55	83	598.0145373387485
55	84	192.86138774491002
55	85	184.4887282652924
55	86	955.1469312519893
55	87	375.75160614286284
55	88	202.46983619093584
55	89	84.1288294815931
56	57	8526.459715140327
56	58	1021.4452075241126
56	59	358.3079540236156
56	60	422.3513961069014
56	61	388.1258404346126
56	62	151.75603628936975
56	63	358.11944950128776
56	64	263.43338733626297
56	65	795.8421524683883
56	66	1682.8790617337486
56	67	1566.7245617509943
56	68	1194.8765812869035
56	69	970.2221513748841
56	70	893.9171682080257
56	71	902.4687303969313
56	72	619.152374227939
56	73	555.1579753339128
56	74	1429.171720733539
56	75	673.218583985604
56	76	293.7041489488556
56	77	611.7493685789285
56	78	444.1271275034305
56	79	472.0202684641278
56	80	745.2055354379254
56	81	1072.0240063771635
56	82	341.6881529623003
56	83	926.4404883575886
56	84	853.6562579366836
56	85	381.07842276694913
56	86	429.48435692233267
56	87	633.5914074311636
56	88	398.3048130030641
56	89	595.8028414051635
57	58	4455.397998224963
57	59	849.9917638145762
57	60	732.1708858160544
57	61	669.619555394646
57	62	630.0025275368715
57	63	566.3630574754926
57	64	390.57919143842213
57	65	386.1668944577317
57	66	1523.3355631103614
57	67	1032.401007367484
57	68	901.8964489580991
57	69	690.479372683496
57	70	725.463058250893
57	71	1025.8338604893734
57	72	587.5107295053814
57	73	581.0147979808738
57	74	953.5318713387164
57	75	516.6877113008051
57	76	566.0981291401847
57	77	677.233728287278
57	78	383.11828107674125
57	79	301.46965784153286
57	80	933.0081573381296
57	81	800.6043414452153
57	82	405.2828196381993
57	83	784.9062077999962
57	84	607.5227581973769
57	85	710.2925785131588
57	86	573.0970136418075
57	87	225.45444717005043
57	88	377.94953390065734
57	89	471.12872448107674
58	59	6070.176530160614
58	60	4029.6867156344147
58	61	3228.955775467298
58	62	2008.5418131802885
58	63	1715.3672263606925
58	64	1743.3144222470253
58	65	1450.0299773255456
58	66	535.9029488734548
58	67	131.65792203242736
58	68	287.53800972411864
58	69	381.56750589010267
58	70	853.9880090927431
58	71	625.662975683944
58	72	811.6643762644345
58	73	469.2649490849939
58	74	405.3335344059171
58	75	778.7129129205896
58	76	694.1558003844976
58	77	493.51357942883874
58	78	1160.3661900337192
58	79	659.0606627352638
58	80	469.6687663457323
58	81	450.43160902116216
58	82	801.1032041498547
58	83	567.2101676000473
58	84	258.24972841909386
58	85	123.51918786852448
58	86	446.628982884888
58	87	335.43175359974305
58	88	120.49593595750183
58	89	75.10142429191727
59	60	7935.731269245623
59	61	5165.350503976859
59	62	2964.2137006583657
59	63	2552.5832969895255
59	64	2274.888089562847
59	65	1785.0707319949754
59	66	437.0694766805392
59	67	95.44623572777763
59	68	89.33677811133485
59	69	63.83532803630688
59	70	464.3279695950549
59	71	402.0353073664637
59	72	305.52638014879017
59	73	429.7219779807523
59	74	330.5802219157047
59	75	521.1072061960215
59	76	785.0428529231655
59	77	737.9125100420005
59	78	730.5285916691465
59	79	447.92827315711537
59	80	578.8318367843125
59	81	391.8518615837219
59	82	393.4213084521779
59	83	435.39095215474487
59	84	187.21975916688348
59	85	134.31901408066128
59	86	309.06891304841577
59	87	156.32572631834512
59	88	65.51571297475495
59	89	81.66787234450645
60	61	6762.185036686907
60	62	3536.4705893302853
60	63	2818.9219955706562
60	64	2602.91957091729
60	65	1618.5628276567993
60	66	363.275450339678
60	67	259.629592967609
60	68	202.5090457228407
60	69	86.82134035274888
60	70	526.2704566529947
60	71	392.5753361537573
60	72	523.274123884906
60	73	584.4575293183036
60	74	233.13449117025516
60	75	472.49934585524414
60	76	438.04036430845184
60	77	729.9070639262699
60	78	873.1455961856428
60	79	920.5985077377147
60	80	524.8395358744993
60	81	444.12585853020636
60	82	738.9277445748631
60	83	460.57495894269846
60	84	169.75626643753012
60	85	81.19333288098926
60	86	360.3080182045285
60	87	283.4879370214626
60	88	118.80907097710363
60	89	74.05005304350654
61	62	6575.413999867418
61	63	3802.6885002571844
61	64	3013.5792578014084
61	65	1816.4326185545606
61	66	502.13522838671
61	67	140.98518800336743
61	68	131.96080873806645
61	69	188.5844036871985
61	70	647.7627110756716
61	71	274.08595148652455
61	72	468.01272828701457
61	73	634.7493266008762
61	74	325.5369502464076
61	75	384.8679671610889
61	76	594.6664477765767
61	77	561.5061758942682
61	78	523.1882039989624
61	79	852.7832045735198
61	80	502.94230913240153
61	81	482.34230117096007
61	82	719.4930685606555
61	83	357.2905892251585
61	84	276.54535291858014
61	85	88.17991177357337
61	86	347.8329302744512
61	87	205.25446600454336
61	89	321.6878486205714
62	63	6202.515891171634
62	64	4157.940663290471
62	65	2992.6595841481703
62	66	501.35126900524716
62	67	252.65526222155248
62	68	283.779536334452
62	69	101.38691015544025
62	70	614.5601448832075
62	71	392.94486988189175
62	72	754.8402228395792
62	73	966.8876983052112
62	74	311.13858958610035
62	75	551.7681313383821
62	76	799.262724466638
62	77	674.7848563774058
62	78	984.469130990518
62	79	916.9480874736093
62	80	396.5753426308507
62	81	622.3614839424775
62	82	714.1190502912245
62	83	691.5127517398831
62	84	148.676551729945
62	85	426.6662436517246
62	86	327.25392122741124
62	87	165.52362520648487
62	88	138.74105785358952
62	89	259.4191489474008
63	64	8391.003530171372
63	65	3964.7369171570026
63	66	606.721577784901
63	67	211.99115957196392
63	68	446.44889177279737
63	69	70.89082722271802
63	70	515.648542583143
63	71	343.43914362494087
63	72	716.2897818048343
63	73	894.7831308289782
63	74	367.11811650353087
63	75	470.1965066989226
63	76	1207.1228380145592
63	77	782.2227391700005
63	78	1216.9071053528132
63	79	895.3852394160799
63	80	340.31018555441796
63	81	398.89840806091905
63	82	842.6021376871231
63	83	161.17107205371616
63	84	155.93438627232112
63	85	149.1648325908544
63	86	196.1309923859706
63	87	462.94365605188375
63	88	72.7569393271537
63	89	181.3886826031056
64	65	6315.976988133327
64	66	569.0396564647473
64	67	219.29220472148998
64	68	451.5619662505436
64	69	87.99879670976242
64	70	497.8471378709618
64	71	426.32076061232533
64	72	717.5603306712127
64	73	765.1624646991887
64	74	506.34904665403246
64	75	688.429246907341
64	76	887.9619875214072
64	77	986.4079203646122
64	78	946.0206389280055
64	79	1097.7453049944481
64	80	469.374106795079
64	81	390.12914930381874
64	82	645.6456533359963
64	83	533.5099414424419
64	84	215.07309032190489
64	85	123.44169472654345
64	86	324.61729307109385
64	87	335.2213113117457
64	88	180.63050930298465
64	89	75.05430735862099
65	66	2169.5469449531547
65	67	240.90544826331623
65	68	496.06750972480523
65	69	290.01563819728796
65	70	976.6330472470206
65	71	718.1191152700463
65	72	1096.7407791427884
65	73	976.1529980750373
65	74	482.0871083306689
65	75	657.6349719015777
65	76	670.6416246303115
65	77	677.2671266624703
65	78	1240.4066037087612
65	79	904.4535752462234
65	80	653.1379186175096
65	81	329.6768686854516
65	82	1078.105465332164
65	83	695.9844923089694
65	84	189.01640137798375
65	85	316.418661395568
65	86	222.8820519425098
65	87	263.0431599294553
65	88	264.57772096934826
65	89	329.80637102508757
66	67	8021.961605720426
66	68	2870.8896198762172
66	69	1538.5392039695803
66	70	1721.7058730461417
66	71	1299.6087335073664
66	72	923.0851136354215
66	73	697.1074746722002
66	74	2042.9593837933767
66	75	845.3552463194352
66	76	746.3849488008392
66	77	580.3942340315942
66	78	533.544627212377
66	79	405.99694277763393
66	80	883.7626529580871
66	81	1372.247494792097
66	82	520.995489101579
66	83	717.5150214522556
66	84	809.9022171487778
66	85	830.0807853772139
66	86	1036.868657982952
66	87	901.6751430228032
66	88	890.7401284641916
66	89	302.82055930713165
67	68	12586.992607183654
67	69	3669.964693888688
67	70	1691.9199125391715
67	71	1502.5001924335475
67	72	604.7436669946612
67	73	478.4457568016521
67	74	951.7585321668801
67	75	474.70307436983563
67	76	342.2870708041778
67	77	597.5129416202377
67	78	215.1032476100981
67	79	96.72074904516714
67	80	220.56465489193323
67	81	581.7090121090879
67	82	409.5857050400723
67	83	293.79242687592966
67	84	1212.7858249522824
67	85	580.067677412855
67	86	214.51169681164956
67	87	1181.4345706043052
67	88	1061.0061721182879
67	89	1454.843791750329
68	69	8950.4886595306
68	70	2639.36851736558
68	71	1640.7137081951666
68	72	874.7804043048912
68	73	610.6646240218994
68	74	1447.6101676770425
68	75	691.1607247379665
68	76	320.37747598561276
68	77	152.52722410244255
68	78	201.33461478320723
68	79	135.79456586715293
68	80	412.8928811707418
68	81	742.4647624516671
68	82	340.771879183763
68	83	549.9738915937414
68	84	1347.9978865643775
68	85	814.4068279605854
68	86	803.1237152188526
68	87	315.9461817349353
68	88	794.4734310408896
68	89	1485.51282893809
69	70	5196.847971343198
69	71	2177.253150346262
69	72	1029.5299012643266
69	73	2821.720840784337
69	74	3461.2130951655868
69	75	705.5240457551589
69	76	555.9601528142572
69	77	217.9757450603107
69	78	395.62338145088535
69	79	194.06320310499973
69	80	553.1838287368001
69	81	636.6311747772918
69	82	304.37191089078107
69	83	628.7715231916806
69	84	456.2563569490747
69	85	339.460314123384
69	86	573.8696525508681
69	87	620.8356020104336
69	88	780.5718495046872
69	89	442.2786483826747
70	71	7146.949918915537
70	72	3031.1145275815247
70	73	2327.548542089344
70	74	1977.4496867247121
70	75	1368.4984276134485
70	76	911.8745193811302
70	77	1233.182780453252
70	78	523.2184038170136
70	79	588.1602962025961
70	80	1073.0055259806331
70	81	1071.9336516768828
70	82	627.2865740267112
70	83	905.1884062427808
70	84	1106.2452634146866
70	85	587.9000116878993
70	86	869.6325202964338
70	87	684.2210461318919
70	88	258.07976494245605
70	89	536.1773621681215
71	72	7232.138178399
71	73	3664.1682556818137
71	74	2968.1753549325103
71	75	1674.8181104732998
71	76	950.6173643490048
71	77	844.8077828623361
71	78	801.5061250079563
71	79	846.1462872534438
71	80	786.1232513358195
71	81	1062.348072551666
71	82	589.826540411795
71	83	571.1548709462962
71	84	785.9160277454937
71	85	798.7845095046608
71	86	463.3634320657036
71	87	492.17118324979845
71	88	412.53537387154046
71	89	514.2413128269898
72	73	8508.443351938717
72	74	1988.7585045199776
72	75	1275.6626726328507
72	76	2191.343197905015
72	77	1313.7445996620722
72	78	1338.8515205362285
72	79	1341.6265939385446
72	80	784.4826064016818
72	81	978.0562906490287
72	82	971.1826874290299
72	83	794.1482607724109
72	84	754.8654722151754
72	85	515.7818732212122
72	86	813.817645023981
72	87	720.3445603439822
72	88	452.8418505056137
72	89	376.32326414675515
73	74	3950.2772485310293
73	75	1988.809160540116
73	76	1926.3237043968506
73	77	1528.4928424430418
73	78	877.6548315078496
73	79	1197.5153970641634
73	80	1086.1323415260565
73	81	773.7937703421347
73	82	1280.5928121274624
73	83	892.8389551969506
73	84	682.5317934075924
73	85	408.063221074041
73	86	603.6146288959216
73	87	427.42795477865616
73	88	119.42264340052175
73	89	148.86494786426937
74	75	6130.021959224361
74	76	2559.2158427539493
74	77	1337.858423295591
74	78	827.7944679437722
74	79	632.7674416992606
74	80	1612.7426527813461
74	81	1587.3886182189099
74	82	735.575277403275
74	83	949.7196748572588
74	84	1050.1278654150053
74	85	1171.961978066045
74	86	660.4143745957244
74	87	584.5608106702879
74	88	571.6385360466677
74	89	610.7739114700005
75	76	10712.128508965814
75	77	3855.3717177772705
75	78	1945.0964108744213
75	79	1650.2051826411764
75	80	1731.059700152584
75	81	1010.5304980611628
75	82	900.6966888856832
75	83	1162.9120673186353
75	84	465.5699335909486
75	85	692.7794582852316
75	86	390.38938228286344
75	87	403.1419257210764
75	88	217.22882438301735
75	89	270.7841385484954
76	77	7010.936040868786
76	78	2653.828082707367
76	79	1591.0513848482765
76	80	1465.2658385997063
76	81	1037.2083575612946
76	82	1180.530861511488
76	83	929.3981588420348
76	84	911.1899841393428
76	85	367.0032186493041
76	86	814.3168761161636
76	87	160.17476688576767
76	88	335.6441802712657
76	89	334.71477082919165
77	78	6387.443381420211
77	79	3704.840677641393
77	80	2790.370081368628
77	81	1858.3884353672825
77	82	1727.2270235380788
77	83	949.84296681853
77	84	639.2912474864578
77	85	458.6533518411134
77	86	703.5762032143283
77	87	296.55484678955196
77	88	74.57122770939597
77	89	371.8236880053948
78	79	8816.103392456851
78	80	4105.305045763661
78	81	1950.1800282100257
78	82	1931.602880684001
78	83	1062.991197745909
78	84	580.1530004919965
78	85	605.4184520521783
78	86	945.2986820014677
78	87	176.1524231907149
78	88	73.82503103851641
78	89	276.07727689719155
79	80	6659.193641524122
79	81	2018.5120641869446
79	82	2733.769676658663
79	83	1323.6144526310732
79	84	664.0191015970904
79	85	635.1921503309945
79	86	581.6496662519207
79	87	633.6527042312715
79	89	662.0672026116525
80	81	7017.795853177749
80	82	2857.3249464896967
80	83	2012.2711885301314
80	84	1297.926353650447
80	85	672.5223330879173
80	86	714.2207089050939
80	87	541.8746419849513
80	88	302.7977062055545
80	89	471.8113276530575
81	82	7130.986638135821
81	83	3457.6489867221953
81	84	1711.5513302505362
81	85	1389.1801516392404
81	86	880.6717948132639
81	87	866.1333417886971
81	88	871.1862558504716
81	89	452.4864131862295
82	83	6435.53371650402
82	84	2187.0627462298617
82	85	1366.2799369822733
82	86	1810.5028484327015
82	87	993.8312948691806
82	88	124.95364786097396
82	89	311.51911806019984
83	84	8644.198535184589
83	85	3252.4455545781416
83	86	2174.4982330277044
83	87	1347.3185157039252
83	88	645.3231448339577
83	89	804.420280575483
84	85	9031.404247333778
84	86	3646.6656704308934
84	87	2896.760334400315
84	88	1977.126207001289
84	89	518.8556530170104
85	86	11270.065404991812
85	87	5462.835979740451
85	88	2389.0023846057074
85	89	1861.239969370781
86	87	8978.586166546074
86	88	2159.578854828996
86	89	1713.0900437082325
87	88	7298.588034658656
87	89	2310.596194148862
88	89	24693.306699162076
