10	11	10946.155263202612
10	14	1890.2232231312419
10	15	605.7214340192825
10	16	311.15610442087524
10	17	522.1905027184455
10	18	573.252942974945
10	19	423.3345522813684
10	20	456.85248574791115
10	21	685.4844336844272
10	22	506.6192160419983
10	23	347.3862190964788
10	24	157.0383074616286
10	25	252.56560852713085
10	26	231.7448401672445
10	27	612.0393332779826
10	28	555.376206243311
10	29	385.1767151577122
10	30	346.5507764253846
10	31	417.5739851092787
10	32	284.4821419030545
10	33	247.48566420264112
10	34	97.87954766961191
10	35	44.37970422866225
10	36	164.9914964157744
10	37	202.66946753248837
10	38	289.7256638203555
10	39	117.82284489227057
10	40	378.6510911834248
10	41	979.3943821181049
10	42	555.5507218198504
10	43	57.063444708837146
10	45	314.2566628147743
10	46	60.18131307887885
10	47	82.02370392200916
11	14	1394.5934338065938
11	15	900.0009526945074
11	16	277.39562249657945
11	17	620.7103444447878
11	18	596.2307359213728
11	19	461.2699577284191
11	20	859.8216206447145
11	21	479.301391675776
11	22	521.9077742588108
11	23	550.5684702887294
11	24	279.9992571908874
11	25	250.18022644938497
11	26	275.4673223941641
11	27	404.1725762224885
11	28	783.9365297606136
11	29	790.8260291924925
11	30	320.39255890534133
11	31	620.445246464283
11	32	241.53884641412543
11	33	98.05930407431879
11	35	158.25799983756218
11	36	49.02996513607347
11	37	96.36256067135767
11	38	114.79572789893707
11	39	140.05206578025093
11	40	180.03594321176925
11	41	970.144390324791
11	42	424.520047612573
11	44	82.2213077080289
11	46	214.6065279387414
14	15	3159.222918594078
14	16	1610.4888105438267
14	17	1330.592210486838
14	18	1255.2927377695794
14	19	921.3875589659016
14	20	800.3219027400942
14	21	770.5945743619109
14	22	645.4575284682026
14	23	786.8212330837584
14	24	425.1581928275997
14	25	241.33565451227616
14	26	344.4632343293169
14	27	519.8452577055874
14	28	840.2468634130672
14	29	1717.5685594011443
14	30	245.29030500111898
14	31	620.6778342021295
14	32	673.1104509188008
14	33	236.48158235420985
14	34	93.5274792081356
14	35	84.81285341693635
14	36	210.20719333703204
14	37	180.7475331118301
14	38	153.80191290766288
14	39	300.2240730440546
14	40	289.45194701826756
14	41	831.864060502051
14	42	631.9630780060912
14	43	218.1048141564842
14	44	132.19092353399168
14	45	80.0756554280698
14	46	153.34784141564822
14	47	313.50656784948336
15	16	5137.483425426469
15	17	2600.8634064461203
15	18	1524.4670071949708
15	19	613.4712402469933
15	20	535.2691600125139
15	21	417.7347324342119
15	22	412.38059259974176
15	23	257.06115856901374
15	24	232.41249673517837
15	25	436.0887398668756
15	26	328.68549425014993
15	27	377.4174378387125
15	28	449.49949715245435
15	29	453.4498508006097
15	30	598.3668650397393
15	31	373.37399371009576
15	32	481.17253095743126
15	33	305.22680555482845
15	34	235.39605994218763
15	35	344.824072941758
15	36	244.1830037644354
15	37	224.95904529245607
15	38	250.12530482538065
15	39	319.6868776386492
15	40	490.3443054846649
15	41	377.4680995101553
15	42	455.1465481638551
15	43	190.01783839108964
15	44	230.33543429104657
15	45	209.29115679135757
15	46	89.06673445191903
15	47	242.78577791777604
16	17	3695.1344150107975
16	18	1498.1256988074572
16	19	925.2962879473916
16	20	680.1768751995703
16	21	383.19333161562315
16	22	436.5143999342242
16	23	425.49781356917845
16	24	432.7856685045467
16	25	656.0486978491331
16	26	748.7869338566843
16	27	400.6801065321389
16	28	343.0598499185968
16	29	332.76420763266617
16	30	556.2079881562282
16	31	542.3320910241591
16	32	494.3518980154762
16	33	501.73920061809736
16	34	427.8771087150292
16	35	286.7890618912129
16	36	235.19175219335472
16	37	200.30460457808584
16	38	256.9762636617875
16	39	343.37236881705047
16	40	331.0520695380259
16	41	387.8069911053345
16	42	331.8544302246706
16	43	347.06212852737923
16	44	184.05671391183392
16	45	71.6745546493768
16	46	91.50628182937953
16	47	218.25624303666947
17	18	3052.197136540988
17	19	1080.2483453836542
17	20	762.2395142436452
17	21	538.2129325981807
17	22	623.1818466451072
17	23	606.1171941949709
17	24	616.4986674816888
17	25	594.9110008590384
17	26	515.5422662915412
17	27	640.7293260882927
17	28	395.1771466783358
17	29	563.6087580157509
17	30	468.61112746357094
17	31	423.4873269797317
17	32	590.3169175631756
17	33	356.2443736070208
17	34	249.76515346359605
17	35	209.07022467918804
17	36	437.21179594932505
17	37	222.77830444007435
17	38	208.5234673250608
17	39	354.61950762829133
17	40	371.62571497420794
17	41	432.5503496146616
17	42	311.56754521196376
17	43	89.60753129234817
17	44	54.31013690801828
17	45	148.0444997179225
17	46	94.50356392689146
17	47	322.00744510817606
18	19	2557.0548638292703
18	20	1319.766714551943
18	21	1016.596013354337
18	22	934.296497810706
18	23	702.8143984016466
18	24	838.576484475822
18	25	707.5081225734575
18	26	635.6585764760813
18	27	631.0298857194244
18	28	717.1112382647409
18	29	662.1072294762329
18	30	350.56208631780277
18	31	548.3172792514603
18	32	426.9189710262484
18	33	375.525449711285
18	34	171.36778690374283
18	35	186.48026587404465
18	36	231.09406017401295
18	37	127.74033822514978
18	38	185.9925854455058
18	39	220.0368721936511
18	40	450.80150770820063
18	41	557.2860911578853
18	42	569.7007187604552
18	43	139.86957492091972
18	44	24.220973564752622
18	45	22.0080579072979
18	46	63.21936715584512
18	47	229.77172983608276
19	20	3045.2722260163027
19	21	2071.468504976063
19	22	1548.7646623725072
19	23	1250.9539434894605
19	24	1096.4126153079417
19	25	827.2584440245016
19	26	772.3785546756485
19	27	668.2286231578628
19	28	730.029672007685
19	29	579.4980352026978
19	30	385.00445522180416
19	31	467.9076931226635
19	32	392.3362086696812
19	33	355.5348652695155
19	34	202.48208050306422
19	35	168.31409223726965
19	36	113.77188341854117
19	37	153.7285029038593
19	38	133.18922556050546
19	39	284.36159090105247
19	40	365.5448203912845
19	41	464.30535994318956
19	42	355.72338716910804
19	43	196.74394498835144
19	44	47.69773448296499
19	45	108.3497428108785
19	46	165.99501148424764
19	47	169.68131357488943
20	21	4110.8809933069515
20	22	1985.5606273948013
20	23	1737.7652672913523
20	24	1183.222172585426
20	25	798.7829838950516
20	26	632.3349192210725
20	27	531.3635804683203
20	28	594.1016855261107
20	29	469.03527557616184
20	30	272.21599097741773
20	31	362.53161483873737
20	32	453.6426615875883
20	33	107.43171353136505
20	34	91.04741676683274
20	35	132.10220187890008
20	36	153.47485654364354
20	37	196.06376605022118
20	38	71.86730735873999
20	39	233.81043974079748
20	40	183.15476884683463
20	41	516.2510522319144
20	42	354.35828260762554
20	43	63.696402644937365
20	44	51.4742499624428
20	45	23.385688252365224
20	46	89.56891565479216
20	47	244.15466670375778
21	22	3021.3834927649173
21	23	2053.49401009812
21	24	1083.0119532710855
21	25	812.8466835428371
21	26	563.1837852314454
21	27	723.5860467347608
21	28	752.3493876052947
21	29	676.1655116135992
21	30	500.7580067695402
21	31	521.1051680324781
21	32	288.2830244498699
21	33	211.31569015003774
21	34	115.71850223272065
21	35	227.36172273935426
21	36	130.04125513408127
21	37	111.81651633855152
21	38	114.1764569272425
21	39	77.38697127885314
21	40	179.06473081969432
21	41	627.192085407714
21	42	250.21034321860316
21	43	269.8539791473269
21	44	27.259253661111877
21	45	74.30624926941492
21	46	23.716535877318947
21	47	193.94573006147732
22	23	3401.83039379529
22	24	1995.7110161861715
22	25	1097.694209351131
22	26	713.9670497918507
22	27	650.9777442658186
22	28	893.7029856145988
22	29	751.2976248290684
22	30	254.20593252161655
22	31	631.7513766346271
22	32	509.76719628299253
22	33	217.84625515473783
22	34	177.69940041203373
22	35	102.54482842823859
22	36	163.38573472588394
22	37	53.5192024294466
22	38	127.51375132946256
22	39	207.42426123270198
22	40	337.46931977436134
22	41	390.639075966228
22	42	275.0719425966528
22	43	131.85218894299894
22	44	91.33046653351886
22	45	62.239638844305105
22	46	119.19121006555075
22	47	108.30055626191692
23	24	2932.3904806269447
23	25	1603.818920611997
23	26	699.3765340808646
23	27	974.8356807575219
23	28	824.9332951385185
23	29	739.7183004567826
23	30	319.5641436179891
23	31	682.6003836850861
23	32	321.94913315298777
23	33	202.28009330738288
23	34	203.07929141186955
23	35	284.60617665629366
23	36	217.84149159201155
23	37	76.45384340844122
23	38	127.5101487656179
23	39	296.3120014410229
23	40	314.24826583555824
23	41	554.1915043041308
23	42	254.4811379497914
23	43	86.10511922159816
23	44	26.093681780772144
23	45	118.5483436721845
23	46	90.80978486331517
23	47	30.94214186174035
24	25	3763.27034326382
24	26	1985.866984376528
24	27	1030.6719431618546
24	28	785.7887970726603
24	29	765.8235723188035
24	30	531.8796837329868
24	31	507.36711984571855
24	32	436.61789831729726
24	33	221.5712290745732
24	34	150.22370861618882
24	35	238.39600512438406
24	36	189.91940915002274
24	37	186.6319967401175
24	38	148.2218527316627
24	39	286.3178243700974
24	40	276.044658543414
24	41	344.4733130346557
24	42	182.71048098661237
24	43	131.3698698247725
24	44	212.32487977659355
24	45	72.34729185416825
24	46	161.6390292646281
24	47	220.30479563092018
25	26	3654.689970482827
25	27	1636.6528552818766
25	28	842.5257459996405
25	29	547.4126372342495
25	30	601.9658385719072
25	31	601.2642206056105
25	32	501.58218886049553
25	33	441.2005317688907
25	34	161.07043348059324
25	35	255.60910617332647
25	36	339.3871917196134
25	37	116.72939769424167
25	38	218.52054945069128
25	39	306.9910635899596
25	40	389.442284208604
25	41	318.98029125355174
25	42	326.50479125492154
25	43	258.2346719355034
25	44	170.74165958570936
25	45	103.42805644054935
25	46	99.03427647383542
25	47	168.7226016690049
26	27	2592.7338665247244
26	28	746.8646174451002
26	29	475.8494629705255
26	30	1380.8538489932814
26	31	512.2907780335947
26	32	628.9854056928519
26	33	451.5403210759348
26	34	498.7988746234632
26	35	435.56953294879924
26	36	544.9659365518097
26	37	336.6206434135812
26	38	528.6076657687286
26	39	400.2872499000818
26	40	457.3923891322715
26	41	261.87559737458946
26	42	299.5886934638736
26	43	280.0277558432377
26	44	313.3324354508384
26	45	142.3526260247409
26	46	340.76317895942793
26	47	371.552652058039
27	28	2606.894610014599
27	29	1873.4450706404248
27	30	1215.6140756851885
27	31	716.9545509584341
27	32	810.3188982794355
27	33	548.2852166652791
27	34	260.21341886142284
27	35	309.7073030669884
27	36	274.14435898248934
27	37	161.63943224420703
27	38	320.9323232378569
27	39	430.6951071659745
27	40	478.15704338346364
27	41	623.8094458319839
27	42	395.60765205854005
27	43	132.7405989716069
27	44	160.90522748317116
27	45	104.43167466792657
27	46	119.99431138069023
27	47	163.54541576909185
28	29	4312.033951410437
28	30	1018.8897097563208
28	31	1298.5332663618406
28	32	882.3586545770086
28	33	349.82191438992203
28	34	132.81898336007293
28	35	165.60951883188542
28	36	251.87338679109212
28	37	165.00905414880395
28	38	196.57358987718752
28	39	346.4095087976149
28	40	385.3618108421636
28	41	927.5330132572384
28	42	403.8547003900926
28	43	154.8660347069529
28	44	23.465649109046332
28	46	142.91173967145292
28	47	83.477385411931
29	30	1713.0734287455357
29	31	1417.1225518981287
29	32	973.5612260526751
29	33	522.2864762390258
29	34	117.2379613322574
29	35	182.25267416090543
29	36	239.9709944790034
29	37	249.68881431643706
29	38	132.2007633946048
29	39	322.57280562636686
29	40	362.8319340945352
29	41	726.2028855807878
29	42	420.9840425380132
29	43	78.11352490794515
29	44	71.01561951769789
29	45	150.56387717623716
29	46	102.97692599365254
29	47	224.56270111438025
30	31	3169.077360387303
30	32	1850.5789854636298
30	33	1272.852077841963
30	34	773.5288839561368
30	35	668.0510971004704
30	36	403.5898214653545
30	37	686.4297894631067
30	38	599.6736177918847
30	39	694.6585647661884
30	40	455.98911715145
30	41	383.92965815762506
30	42	388.27042865843407
30	43	579.81178143542
30	44	234.27835269711434
30	45	236.5264843619159
30	46	317.0698751629854
30	47	308.6772790948033
31	32	3482.977091876376
31	33	1178.3415477008302
31	34	382.8096720845549
31	35	332.0474829427873
31	36	645.2863968360126
31	37	248.13266235846658
31	38	197.0652598719492
31	39	520.9139227398204
31	40	502.2233814802688
31	41	874.3393499322057
31	42	445.3513042411474
31	43	232.88007860514992
31	44	94.09736562530644
31	45	213.75072579861015
31	46	122.80216338043812
31	47	195.26775124331317
32	33	2752.3646261840095
32	34	971.9185059404481
32	35	634.5776811513014
32	36	573.4129588614686
32	37	450.7899680098053
32	38	460.3041040007712
32	39	592.7748042421399
32	40	586.5455021618933
32	41	745.5934560022895
32	42	661.9769384483027
32	43	181.3200628590874
32	44	82.42206845805975
32	45	199.71117462748472
32	46	191.2271424566633
32	47	293.21067331862207
33	34	3768.209517049088
33	35	1449.135979094677
33	36	1014.3109687574238
33	37	1078.4548664900065
33	38	953.8311755882886
33	39	949.9466538091391
33	40	946.3910380158019
33	41	559.3259909030864
33	42	607.8815945022312
33	43	322.0518048421113
33	44	362.49951902561537
33	45	253.3694255567122
33	46	388.16945581915087
33	47	495.98706735302903
34	35	4797.28721783937
34	36	1459.9439006150628
34	37	1589.772765211329
34	38	1385.7658185173916
34	39	939.2498460970762
34	40	670.1064758409287
34	41	253.74213943145367
34	42	436.54236276432664
34	43	1119.0377044917925
34	44	827.1175813840406
34	45	420.8675131907664
34	46	489.34308860831436
34	47	431.5537949760941
35	36	3649.6991065149814
35	37	2373.435392931465
35	38	1277.588149874397
35	39	936.906524297576
35	40	624.0913065383401
35	41	460.19833015081076
35	42	344.2318095643992
35	43	569.2606240540165
35	44	570.037320741409
35	45	517.9566515218238
35	46	548.15865751747
35	47	533.6493188694627
36	37	5147.203824096103
36	38	1693.5478003396554
36	39	1203.2734456776639
36	40	885.3392055286005
36	41	411.2717373674468
36	42	559.8945178291692
36	43	575.0961812499658
36	44	613.464642131828
36	45	126.68552180071714
36	46	388.1719347115348
36	47	562.1222660844669
37	38	4246.6643169709505
37	39	1275.7963190209075
37	40	825.0136697993764
37	41	274.8239203616136
37	42	503.04275806796187
37	43	655.564194141393
37	44	383.62918885434283
37	45	473.07209724258354
37	46	405.2936719627457
37	47	422.4175675014258
38	39	4151.766351473763
38	40	1197.2660060908227
38	41	288.8778627137378
38	42	543.0881350794538
38	43	942.5462406795142
38	44	1207.8214163482328
38	45	593.2272906930286
38	46	397.6182699175158
38	47	387.0936197058493
39	40	3313.7766228607006
39	41	1033.8070096673257
39	42	898.6630024365211
39	43	810.4176279752124
39	44	451.35936424261234
39	45	289.49755900447116
39	46	485.0987149555565
39	47	566.7102294643233
40	41	2793.81875206543
40	42	2085.2789425198594
40	43	886.9260443489657
40	44	409.5665510522958
40	45	325.6286872536109
40	46	645.8620844990489
40	47	728.5020046781316
41	42	3940.781125407548
41	43	455.17171579788567
41	44	137.93727962993063
41	45	200.53573021281892
41	46	408.0354230615646
41	47	588.8425281140994
42	43	2943.379267207192
42	44	777.9630387842731
42	45	682.5101617887474
42	46	466.79721416956227
42	47	1017.9488489785192
43	44	6442.282154960524
43	45	1752.602389440829
43	46	1208.2674199020207
43	47	1601.055276566428
44	45	5948.504734322142
44	46	1993.5311457891419
44	47	1663.511920717216
45	46	6284.431416319324
45	47	3778.818653352962
46	47	7140.089765370459
