20	21	9452.862291871357
20	27	2470.341478160186
20	28	560.4958624932019
20	29	755.4147447919495
20	30	156.5912562662337
20	31	194.61102243149563
20	32	198.14855444410043
20	33	470.22617266962897
20	34	217.41246749947473
20	35	530.3946624608733
20	36	245.83676832008703
20	37	261.8674258769727
20	38	318.7695243211531
20	39	326.2675898251924
20	40	297.6433037519176
20	41	429.9688259058583
20	42	500.9896771454005
20	43	276.4564026810685
20	44	412.0001401799558
20	45	243.69699802860984
20	46	228.18529998658198
20	47	51.9555192475592
20	48	154.1088396856195
20	49	274.0976449260089
20	50	58.50797266626867
20	51	183.67483731784026
20	52	101.56490855965693
20	53	282.56808236461603
20	54	578.8949761730853
20	55	454.68301680226267
20	56	282.7015411773964
20	57	394.3675545907257
20	58	131.7378357402359
20	59	191.54940554842466
20	60	240.3135040582892
20	61	285.79857665954916
20	62	287.8782241975053
20	63	143.72028991548603
20	64	253.5766274781967
20	65	165.13072312242284
20	66	158.39221662795927
20	68	121.5107970885775
20	70	59.02139640293802
20	71	97.3779740968945
20	72	113.77014901413452
20	73	138.87836525874891
20	74	137.81449889024503
20	75	117.60684636488891
20	76	244.81871344617971
20	77	50.82837214724592
20	78	99.45921315483773
20	79	171.77676562242718
20	80	330.87454885971977
20	81	782.1962511231325
20	82	448.98943772115405
20	83	684.2524495685159
20	84	66.16532340183628
20	85	70.20576496134672
20	89	238.49383417128413
20	90	164.99809766075208
20	91	70.34616212610696
20	94	107.21227294862929
21	27	1770.805884654516
21	28	446.42023083413625
21	29	833.0787696037213
21	30	498.88328850832386
21	31	174.37788803037367
21	32	177.54763326623274
21	33	561.7841912703877
21	34	259.7449787468639
21	35	460.8495444387436
21	36	352.4445505646245
21	37	250.28463087223642
21	38	380.83732856831654
21	39	909.522476052695
21	40	296.3313408240759
21	41	256.8441562510691
21	42	399.02511737003476
21	43	275.2378281426526
21	44	437.5297184525016
21	45	465.8358174331928
21	46	272.61539587422516
21	47	186.2154281852139
21	48	184.11546379667374
21	49	261.9738887091874
21	50	69.90009492789899
21	51	164.5787058494175
21	52	182.01100874299425
21	53	168.7935411259628
21	54	403.4403113603076
21	55	488.8931564264322
21	56	562.9108781829324
21	57	471.1550964107806
21	58	577.0914905335699
21	59	228.84610457433942
21	60	172.26305387759461
21	61	170.7232940091117
21	62	687.8623299378781
21	63	228.93887107114358
21	64	75.73767097232442
21	65	131.52228315514785
21	69	128.57840028268777
21	70	70.51348770662561
21	71	58.16924876277304
21	73	55.30648486939549
21	74	82.32422109220322
21	75	70.25307279033471
21	76	73.12187779786153
21	77	121.45038962088017
21	78	59.41248794102741
21	79	205.2235221326953
21	80	56.47133280803072
21	81	622.9987665399044
21	82	596.0138211011249
21	83	377.30014718064984
21	84	237.14523897987823
21	87	90.18325398373408
21	91	84.0433053197064
21	92	201.65522475588764
27	28	4637.401094923636
27	29	2449.2451059367854
27	30	146.67129896899044
27	31	546.8476107985435
27	32	695.9848819655355
27	33	734.0627354634648
27	34	534.5537527057858
27	35	1016.1705583615204
27	36	414.4736954442444
27	37	220.7504606845098
27	38	447.8635140817164
27	39	381.9984297988359
27	40	627.2725235188665
27	41	453.071893539406
27	42	234.62614857639352
27	43	323.67882997077436
27	44	192.9500956070642
27	45	410.8661044961092
27	46	400.74357222281554
27	47	437.9775289191534
27	48	216.51921286904948
27	50	246.6068827870059
27	51	64.51468209260115
27	52	214.04438027028317
27	53	264.66757260783095
27	54	271.1111723172178
27	55	191.64561053820708
27	56	529.5851537780316
27	57	969.6346243454756
27	58	308.4808173856891
27	59	269.12230732179967
27	61	66.92335428179268
27	62	539.2826406111295
27	63	403.847100650339
27	65	154.6697959870513
27	67	81.9847273635912
27	68	85.35987356202459
27	69	75.60389944191111
27	74	96.81302799544342
27	75	247.85218539264434
27	77	142.82528051197522
27	78	69.86890105976828
27	79	80.44740794370271
27	80	199.23033530899707
27	81	293.0578448284486
27	82	700.9104001519578
27	83	591.6050663594993
27	84	92.96068785811832
27	86	292.20219853738723
27	89	111.69270011642448
27	92	118.5729586062744
28	29	3004.946624064085
28	30	961.3718434511495
28	31	965.0221265642148
28	32	666.7396993329971
28	33	518.1602830624525
28	34	808.5661301703898
28	35	683.1376986534241
28	36	487.6145615758926
28	37	482.31039706417795
28	38	580.6615329823843
28	39	423.7280031617597
28	40	281.1296487052606
28	41	380.7314728446217
28	42	433.76124817303514
28	43	293.7580039157581
28	44	421.57029678327876
28	45	310.73808241829846
28	46	484.93185614012884
28	47	184.02358658310166
28	48	109.16900384722932
28	49	116.50065076534153
28	50	124.33920934309958
28	51	65.056615385255
28	52	287.78984815956215
28	53	200.168115817989
28	54	341.7356850408633
28	55	418.7201704026864
28	56	467.27953199743064
28	57	1501.590261145202
28	58	466.60815583616056
28	59	67.84574406604193
28	60	136.18835053251587
28	61	202.45656237842925
28	62	441.8478171853661
28	63	475.1127251060984
28	64	269.4463329670819
28	65	194.96130769896948
28	66	74.80220058197578
28	68	43.03845484108417
28	69	76.23898387281966
28	71	137.96296760790239
28	72	161.1870397669715
28	73	196.7598071876735
28	75	41.65569700433977
28	76	43.356719712837
28	77	180.03129365618358
28	78	140.91162123720895
28	79	40.56158929700746
28	80	234.38788437512076
28	81	369.3994699778313
28	82	282.7192623022512
28	83	447.4309802093734
28	84	187.48314398430347
28	85	99.46598054722901
28	86	49.10945702170335
28	87	53.473053257375454
28	88	123.459993617833
28	90	58.44141710189322
28	92	179.35348465488676
28	93	262.8371281500085
28	94	151.89598548500769
29	30	1794.046097974923
29	31	1350.6435041879545
29	32	1145.9956317837552
29	33	1174.1597983032368
29	34	1113.7049460131839
29	35	1051.7303352213196
29	36	779.9595435003735
29	37	346.1748204922146
29	38	361.19688914248127
29	39	359.4236789917574
29	40	295.1014723441697
29	41	177.6237305799166
29	42	257.5540056861066
29	43	243.64044834657133
29	44	393.3527651751963
29	45	225.5081363600969
29	46	188.5305250292188
29	47	206.04730606188585
29	48	203.7236962015136
29	49	362.3425201200007
29	50	193.36107638512124
29	51	151.75523364662428
29	52	134.26341161449176
29	53	62.25666471104344
29	54	382.6341970358531
29	55	390.69341013652536
29	56	249.14427581620367
29	57	488.7496398268247
29	58	319.27576606974736
29	59	506.43626910869784
29	60	190.60900877755623
29	61	251.87368669654202
29	62	221.9931662494673
29	63	379.98117097585475
29	64	335.2148256099883
29	65	72.7646801216511
29	66	279.18145718160935
29	68	40.157704064504586
29	69	177.83994359508625
29	70	39.01157472442922
29	71	64.36425338126072
29	72	75.19904543385927
29	73	183.58981840790744
29	74	45.54586090154703
29	75	155.47000087039427
29	76	80.90933217117893
29	77	134.38481357548343
29	78	262.95958838613586
29	79	302.77300714249674
29	80	437.3985698044319
29	81	206.80437508821456
29	82	230.82117949962154
29	83	591.4335143246205
29	84	218.66760322263974
29	86	45.8223476918018
29	87	49.89386947240793
29	92	55.78285888982263
29	93	245.24429718458768
29	94	212.5933908251189
30	31	5575.103100777
30	32	2558.8116591166763
30	33	2047.3701895944012
30	34	1419.9245937677338
30	35	572.5647494465143
30	36	1109.2988984472609
30	37	559.7216828159468
30	38	189.26266261337867
30	39	226.00022714628312
30	40	353.43883200312837
30	41	351.0167318593633
30	42	165.25112451330517
30	43	191.49683189629985
30	44	135.89798267363778
30	45	57.87597520936707
30	46	135.48019540658217
30	47	61.69498123256553
30	48	60.99924262055759
30	49	162.73967909958807
30	50	277.90296991559603
30	51	136.31631207486004
30	52	271.35907293394416
30	53	223.69176288845065
30	54	229.13776507201266
30	55	134.979212000175
30	56	251.77209077035943
30	57	117.07369703725276
30	58	130.36092253077433
30	59	255.88891797277367
30	60	313.89833209789697
30	61	169.6868598241674
30	62	227.89547541623003
30	63	142.2181370636471
30	64	263.47257832029317
30	65	98.04287409211537
30	66	219.43139957788128
30	67	138.58371853558978
30	68	288.5778625448362
30	69	319.4945527471444
30	70	175.21352861708414
30	71	202.35639350571861
30	72	168.87154892073747
30	73	137.42681981200056
30	74	122.73666559989958
30	75	69.82657746841694
30	76	218.0338992399609
30	77	150.89135433159558
30	78	147.6295102488489
30	79	271.9701900073385
30	80	140.32126063841065
30	81	216.72582375897284
30	82	148.0988788048094
30	83	93.75240437731915
30	84	235.70556764561746
30	85	125.04956396653682
30	86	205.8029004292383
30	87	224.08941418984747
30	88	155.21506231862622
30	89	236.00111589638297
30	90	195.9282610589507
30	91	41.766545835811904
30	92	100.21550384957146
30	93	55.07355058910292
31	32	4084.759816772198
31	33	1532.461237150478
31	34	1052.7902101129382
31	35	640.4231777899134
31	36	625.8265873917682
31	37	695.619993941336
31	38	226.81438951104786
31	39	300.9345310065215
31	40	274.5327786612373
31	41	327.1817017087178
31	42	61.61204207120771
31	43	203.99274823258244
31	44	50.66804991820966
31	45	188.81111407030212
31	46	126.28070646704907
31	47	172.5171518716572
31	48	227.42888520235178
31	49	303.3783880402997
31	50	323.7907140681569
31	51	279.53210658058583
31	52	646.384393158465
31	53	208.50245870726576
31	54	213.57866191982677
31	55	125.81374125269058
31	56	104.30046791300595
31	57	81.84304609728558
31	58	145.81085606036228
31	59	291.51629928793403
31	60	345.7807912094992
31	61	184.52541508280785
31	62	212.4207272497583
31	63	106.04889824333655
31	64	245.58204411450873
31	65	243.69462743995553
31	66	233.7501555777899
31	67	193.76023737992088
31	68	302.6054344990649
31	69	89.3399903481164
31	70	163.31603383024773
31	71	53.890234664585904
31	72	125.92375401229745
31	73	179.33320938766965
31	74	76.26833228207899
31	75	32.5425775569092
31	76	237.10024336042795
31	77	196.90356568066423
31	78	137.6050484254275
31	79	158.43915243956232
31	80	209.26887945606867
31	81	144.2925189798448
31	82	165.65105463265868
31	83	145.64391769860543
31	84	329.5507381486175
31	85	233.11668888135532
31	86	153.46264053533733
31	87	167.09848668733935
31	92	46.70529366707839
31	93	102.66780107851547
32	33	2767.355516158783
32	34	1837.589570745874
32	35	1005.2660069144945
32	36	720.3158896347272
32	37	678.7535657369712
32	38	333.57609468860613
32	39	306.40475284948855
32	40	475.18924283244445
32	41	60.56891457036322
32	42	313.65995886612956
32	43	337.51382574437406
32	44	283.7398617349096
32	45	274.63316901733987
32	46	257.152334929995
32	47	175.65307345997894
32	48	260.5083322249918
32	49	247.1144263742862
32	50	428.57932389261754
32	51	155.2436110705214
32	52	314.7597448549851
32	53	185.75593867760648
32	54	217.46097697924478
32	55	204.96114242344493
32	56	238.94186459321807
32	57	166.66148765323732
32	58	247.43554223415393
32	59	242.84889958245435
32	60	135.41007831668315
32	61	241.55950661149245
32	62	459.5992372748949
32	63	350.9239389360548
32	64	285.76697028040894
32	65	248.12437390200884
32	66	237.99913691789038
32	67	131.52153603616944
32	68	136.93601293496968
32	69	151.6066056551299
32	70	133.02776205773796
32	71	192.04437564414766
32	72	64.10636326274856
32	73	104.33887400473209
32	76	206.9229606407965
32	77	229.12316576262535
32	78	84.06381423749866
32	79	129.05533753818239
32	80	159.8046402510631
32	81	235.06462202619824
32	82	168.6621680942192
32	83	177.94962295837828
32	84	74.56469546978231
32	85	79.11805180446916
32	86	156.2521997312463
32	87	85.06795538503394
32	88	49.101783932030266
32	89	44.79491472293141
32	90	92.97190939767964
32	91	79.2762717193268
32	92	47.55427672244702
32	94	302.0558984684064
33	34	3197.907025716605
33	35	1346.822932547183
33	36	1198.0277435414325
33	37	653.6374911871519
33	38	433.0169750703053
33	39	420.11890177063765
33	40	235.85280075665113
33	41	255.53074069609102
33	42	198.49231784397517
33	43	410.745530204657
33	44	190.44039746032348
33	45	202.76098852668585
33	46	271.2213314473995
33	47	185.2631844451763
33	48	274.7609378636929
33	49	195.475681056931
33	50	104.31397365058083
33	51	436.63228028850773
33	52	181.08026500504212
33	53	335.86077423907784
33	54	344.0376444387685
33	55	54.04367994383587
33	56	280.01616962498656
33	57	175.77966225591874
33	58	287.0702183336917
33	59	398.43275804466407
33	60	228.50954391649933
33	61	169.85027188853255
33	62	171.0862077139759
33	63	370.12325002187265
33	64	339.07668175469576
33	65	228.98701343117716
33	66	156.88765478197706
33	67	104.03788320874453
33	68	72.21394229500486
33	69	223.8615629699756
33	70	70.15290519253831
33	71	260.4230576069846
33	72	405.682021975961
33	73	55.02366590797205
33	74	204.75810604345688
33	75	69.89382195148116
33	76	181.86989211185178
33	77	181.24399910805747
33	78	206.88035286131975
33	79	204.17407732479808
33	80	224.73022880732177
33	81	247.92518325560326
33	82	88.94490070987011
33	83	250.24717317835783
33	84	117.96627856668935
33	85	41.72332978771936
33	86	41.20021860216689
33	87	44.86104341482628
33	90	98.0584720761346
33	92	50.15600675837281
33	93	165.37976277807903
33	94	191.14896151289648
34	35	2921.452869589757
34	36	942.3340339035321
34	37	744.7416794274641
34	38	506.77783097669635
34	39	537.909254234669
34	40	429.37746798740636
34	41	299.05828633348176
34	42	378.56922152538056
34	43	370.32676674329275
34	44	339.62718801998966
34	45	572.532474090113
34	46	211.61442619073364
34	47	481.8249639069812
34	48	317.59426009290377
34	49	440.60051552288104
34	50	506.41835063336856
34	51	198.7257119169063
34	52	156.98206565183327
34	53	320.28078775457357
34	54	387.7289560506799
34	55	224.88737169295405
34	56	262.1716842540193
34	57	396.20585737127703
34	58	298.64022471951296
34	59	118.42602640540994
34	60	148.57458469109616
34	61	294.49312471289875
34	62	266.9724352530366
34	63	266.56657273031897
34	64	235.16182910264348
34	65	170.15432059464763
34	66	163.21081563864965
34	67	108.23100007081254
34	68	187.81108747576374
34	69	33.26914621370912
34	70	72.98033036319161
34	71	90.30636116061014
34	72	105.50813221831568
34	73	114.48265199385634
34	74	127.80637536746511
34	75	36.35540254794553
34	76	113.5199584936308
34	77	157.12400998634294
34	78	153.72743352573903
34	79	177.0025486218027
34	80	175.34077486820638
34	81	225.67781068337118
34	82	277.5891413240296
34	83	227.79143865498324
34	84	81.8138413311592
34	85	43.404936451356306
34	86	42.860741923224914
34	87	46.669111704866815
34	89	49.14985600752448
34	90	153.01589436784866
34	91	86.98347488590372
34	92	52.17748192862931
34	93	114.69679162305232
34	94	132.56865434634392
35	36	2373.0553062695776
35	37	1091.5494757776908
35	38	849.1922565388294
35	39	685.9601306005451
35	40	435.32459299741555
35	41	707.467636604165
35	42	488.488793017399
35	43	429.60831405570775
35	44	451.9347262593046
35	45	481.17276096824514
35	46	375.45446358630994
35	47	512.9234427613247
35	48	450.79037268960536
35	49	601.3310775760873
35	50	64.17906702499576
35	51	226.66294955304195
35	52	250.67126321043207
35	53	258.29750304067653
35	54	449.79622883964595
35	55	349.12835527306424
35	56	439.31314778150545
35	57	540.741299116013
35	58	385.3519901376857
35	59	105.05800814029847
35	60	131.8033746609401
35	61	209.00041676606529
35	62	315.7818499573507
35	63	289.0266365675762
35	64	173.84715523861945
35	65	211.32604341313913
35	66	144.78745693325678
35	67	64.00920265925966
35	68	66.64433268856429
35	69	88.54110046153598
35	70	32.37112809616152
35	71	26.704170566509625
35	72	155.9971591536506
35	73	50.779882388015665
35	74	75.58633087275383
35	75	64.50315513839477
35	76	134.27432111567677
35	77	27.877546889350814
35	78	136.37456607255135
35	79	157.02236880180814
35	80	181.4728735283612
35	81	286.0044727800195
35	82	410.4244530539859
35	83	317.5514115940208
35	84	217.73590154415675
35	85	77.01070964629477
35	91	38.58235765401509
35	92	46.28764881828214
35	94	176.40630852278264
36	37	2899.782325859719
36	38	916.853578097128
36	39	1033.9995041890418
36	40	721.3348968997286
36	41	541.0510151085457
36	42	435.84596797455634
36	43	592.6823132645361
36	44	537.6416164666912
36	45	272.58308606598337
36	46	382.84911448477817
36	47	348.6837151682344
36	48	430.93948070117744
36	49	429.22208955569226
36	50	392.65851966621386
36	51	359.53107830262036
36	52	426.01380661986803
36	53	289.72319653624646
36	54	404.6956373843703
36	55	406.8622950774362
36	56	316.2109470084556
36	57	220.55652294497074
36	58	245.588484253106
36	59	241.03607999270443
36	60	215.03882965960318
36	61	372.95426324856106
36	62	295.1678003747659
36	63	241.13378789464085
36	64	177.27110979865344
36	65	215.48815218624574
36	66	206.69470487656244
36	67	97.90481509886541
36	68	101.93535926380228
36	69	90.28493517806947
36	70	165.0434197546805
36	71	108.92045822849522
36	72	190.88346535654966
36	73	103.56000469507728
36	74	38.53750940310085
36	75	32.88677885238638
36	76	136.91888077757304
36	77	255.8394068560092
36	78	27.812098095949185
36	79	288.2069204785442
36	80	343.65874797102754
36	81	291.63738818447973
36	82	111.602091974062
36	83	559.3006686657696
36	84	185.02021146469957
36	85	157.05490201024395
36	86	38.771451896850415
36	87	42.216469858948244
36	90	46.13894612902063
36	92	47.199293337440665
36	93	259.38428382212504
37	38	2034.6672188113555
37	39	1069.030250332223
37	40	1211.6636887377479
37	41	1152.664328118234
37	42	862.2098623823051
37	43	658.7794059079665
37	44	763.6005913276665
37	45	261.3220490162529
37	46	543.7521971068663
37	47	495.22783008983674
37	48	459.0404168102249
37	49	424.5531058679695
37	50	243.98687252417199
37	51	355.6201781400446
37	52	393.2877404678048
37	53	336.67159020994984
37	54	287.3901671203473
37	55	379.219043846301
37	56	392.9690362204976
37	57	234.93869268635927
37	58	156.96177104762873
37	59	313.8100677945573
37	60	257.6938484872723
37	61	283.7671912508957
37	62	342.99846860385253
37	63	142.69876173548576
37	64	302.12912123245195
37	65	131.16561191415184
37	66	377.43936967518965
37	67	173.81507591114647
37	68	144.77655417111856
37	69	160.28714058406865
37	70	105.48339651688784
37	71	58.01150136327303
37	72	67.77689940505465
37	73	110.3130018227805
37	74	123.15145284746507
37	75	140.12511127903156
37	76	72.92358082283592
37	77	211.96180606768854
37	78	59.25136903937649
37	79	136.44465517658736
37	80	281.5909496733501
37	81	217.4582463604341
37	82	237.75900380865903
37	83	156.78206604057277
37	84	315.33617611783365
37	85	209.12027938229005
37	86	165.19872730258456
37	87	44.96934439326928
37	88	51.91320332007965
37	89	47.3597358282582
37	90	98.29519925994686
37	91	83.81539086075169
37	92	201.10836214415704
37	93	110.51934212757271
38	39	2647.7146924990407
38	40	1644.5439615655118
38	41	1085.7559961035663
38	42	1384.0384412659832
38	43	1193.345099272059
38	44	735.0843820034223
38	45	984.6126915254479
38	46	886.4812901481172
38	47	780.4594344055158
38	48	558.7869281386047
38	49	624.7102445397783
38	50	454.5974091774932
38	51	428.1370625439216
38	52	368.2666314048229
38	53	365.91798890929687
38	54	499.76884319537766
38	55	353.2812914477923
38	56	439.3089773347123
38	57	306.4171606205148
38	58	500.41762551833085
38	59	124.02563776578181
38	60	99.58382659713078
38	61	222.06083474662958
38	62	198.82372175958923
38	63	223.33664444157168
38	64	197.0249055408027
38	65	171.0718396966731
38	66	82.04544672189961
38	67	60.452561956758935
38	68	31.470636123753287
38	69	83.62135660185913
38	71	50.44073222625122
38	72	58.93170067445128
38	73	23.979161266543088
38	74	107.07961887512008
38	75	30.459534101430897
38	76	31.70335818607849
38	77	78.98563302696314
38	78	231.8345614721063
38	79	148.29749605098647
38	80	220.3578259555506
38	81	216.09021693561934
38	82	258.41294320227223
38	83	299.90681943085804
38	84	68.54583680400819
38	85	36.36582321614919
38	89	41.17907134069707
38	90	42.733610650317765
38	91	72.87709484316693
38	93	96.09605700719978
38	94	111.06958429405309
39	40	2454.7056924996355
39	41	1728.6811738464176
39	42	1928.1413643093733
39	43	1253.985906147401
39	44	792.825230360663
39	45	1115.4406715176626
39	46	1093.840356514566
39	47	867.6808857225818
39	48	476.60888209848474
39	49	339.0782057681087
39	50	506.64955111578286
39	51	255.62113489412397
39	52	219.87522804961452
39	53	262.16755273853255
39	54	298.3892077066332
39	55	449.980083768062
39	56	291.43486249272956
39	57	182.9477267944205
39	58	298.77656607431794
39	59	88.86006951123302
39	60	59.4569660019723
39	61	206.23930092404157
39	62	207.74002587309363
39	63	237.05624103493273
39	64	78.42306333318324
39	65	68.09280117268224
39	66	32.6570655969093
39	68	75.15873233673683
39	69	33.28433492605439
39	70	36.506824419521934
39	71	60.23172644737906
39	72	35.18543365093192
39	73	85.90118847000042
39	74	127.86472415281935
39	77	157.19574345899917
39	78	61.51904652948407
39	79	70.8333429808986
39	80	58.473608343881544
39	81	322.5440596312179
39	82	246.85855289501035
39	83	325.5649066717376
39	84	81.85119266244537
39	85	43.42475256235262
39	90	51.028584106461174
39	92	52.2013030618445
39	93	57.374577676303964
39	94	132.62917730488124
40	41	3396.657552541972
40	42	1696.1598822589408
40	43	1455.962497028155
40	44	774.93070342965
40	45	660.0520375402455
40	46	933.4959304242855
40	47	674.2893260032566
40	48	463.78109090988806
40	49	433.06201737320447
40	50	429.18561906161284
40	51	336.8369948910665
40	52	429.82503233841646
40	53	345.4633383854153
40	54	272.2107636309028
40	55	205.25109329964337
40	56	319.03984897125196
40	57	139.0810478647549
40	58	346.89981208124436
40	59	243.19244885420966
40	60	135.60163789909853
40	61	161.26748788476644
40	62	216.5879600740044
40	63	459.54972498685777
40	64	107.31421280418144
40	65	93.17826982137375
40	66	29.791978176433023
40	67	32.92689866074865
40	68	68.56486560006027
40	69	91.09264671605538
40	70	99.91196359971227
40	71	137.36860975186843
40	72	64.19705214151904
40	73	130.60809789301857
40	74	77.76455113911491
40	75	99.54297652385604
40	76	34.535947804664126
40	77	172.0854733133853
40	78	84.18273617707472
40	79	96.92843047954901
40	80	160.03070990950425
40	81	176.5478693783339
40	82	281.50128027769046
40	83	267.30204246964996
40	84	112.00526904101463
40	85	39.61498857928782
40	86	39.11831097117754
40	87	85.18829784560312
40	91	79.38842090123988
40	92	47.621549982342096
40	93	209.36384023141176
40	94	60.496641134212126
41	42	2586.358571775046
41	43	1661.9436282081842
41	44	1035.4889132789801
41	45	1221.6671798996151
41	46	941.630052865342
41	47	508.20688820470485
41	48	345.45211499859187
41	49	502.70757999869215
41	50	429.2251596343235
41	51	280.72335620769485
41	52	217.32045275335716
41	53	316.7039018757263
41	54	412.89102736595737
41	55	222.37583651852464
41	56	460.8777938421766
41	57	452.05504924126285
41	58	456.38048541706934
41	59	117.10344822484767
41	60	323.21367836788147
41	61	203.84296425714265
41	62	263.99089539735894
41	63	117.15091801541135
41	64	116.26777455366802
41	65	134.60323394641352
41	66	129.11046585957325
41	67	35.67409320911711
41	68	37.1427238181247
41	69	32.897597423263726
41	70	144.33057660588483
41	71	29.765940842383426
41	72	104.32982067836645
41	74	126.37903774136663
41	75	35.949386542723296
41	76	74.83478075130552
41	77	31.07385078568442
41	78	91.2063661968703
41	80	144.48547878876332
41	81	350.67598957423155
41	82	335.4865976306368
41	83	160.89105067930046
41	84	121.35022034263281
41	85	214.600957353493
41	86	169.52829796054485
41	90	50.435672539139176
41	93	56.70793071029141
41	94	131.08813173668744
42	43	2246.437230628311
42	44	1565.2249966654742
42	45	1234.4352852569716
42	46	975.2581689934149
42	47	789.53446380376
42	48	617.999405908509
42	49	485.9498989887948
42	50	296.3692885523906
42	51	377.9733550309073
42	52	225.0815447023212
42	53	447.292147343832
42	54	427.63646520988715
42	55	489.42462307190794
42	56	417.669846014843
42	57	124.85310361982386
42	58	361.4604481584121
42	59	303.21381032565745
42	60	243.4592722381173
42	61	241.28313052598503
42	62	425.3179981645327
42	63	303.3367229835714
42	64	40.14000210914573
42	65	69.70513689517107
42	66	100.29100824862465
42	67	110.84433016264211
42	68	38.46918937226473
42	69	136.28983284747764
42	70	149.48500575368604
42	71	92.48688551084476
42	72	36.0185721121151
42	73	58.62346678492902
42	74	87.26157976213253
42	75	37.23323484568802
42	76	77.50733000763621
42	78	31.48786278540148
42	79	72.51057063587167
42	80	149.64543990591744
42	81	231.12699449698448
42	82	315.87974291975934
42	83	233.29165782424835
42	84	41.89465326224322
42	85	88.90597155260153
42	86	43.895651205711616
42	87	47.79597733391471
42	90	104.47372936493673
42	91	44.54188265209947
42	93	176.19936567540648
43	44	2519.1930441951254
43	45	1430.4922099649903
43	46	1195.9277911119702
43	47	980.2830320115509
43	48	969.2283117986424
43	49	718.2780640659809
43	50	367.97099822289
43	51	385.05870884634936
43	52	266.1527643441146
43	53	370.2375028112368
43	54	278.1176267706278
43	55	333.62152529606624
43	56	444.4948421797297
43	57	439.2152460131106
43	58	368.2362569063095
43	59	150.58765232454206
43	60	151.1390601058209
43	61	299.57623081548036
43	62	477.7805440787281
43	63	401.7298546206815
43	64	265.80093984621715
43	65	115.394182394825
43	66	27.671320015259937
43	67	30.58309000348154
43	68	63.684268516395385
43	70	92.8000115248356
43	71	76.55424701208115
43	72	59.627365572170575
43	73	24.262225569439032
43	74	36.11455015960833
43	76	128.31041404147447
43	77	79.9180264873952
43	78	130.3173748495127
43	79	150.0480880285073
43	80	272.5055189882123
43	81	245.97120889297213
43	82	130.7317017543879
43	83	137.9304991674528
43	84	34.67749634565421
43	85	73.5902141097491
43	86	36.333784045135516
43	87	39.56220424976141
43	88	91.34225907530836
43	90	43.238063644920096
43	91	73.73737948029662
43	94	112.38071582620566
44	45	2867.842959583786
44	46	1722.8696197272016
44	47	1298.5828844194464
44	48	909.4565611335911
44	49	685.083154812884
44	50	548.3834032950209
44	51	430.3867823388401
44	52	317.31578719471815
44	53	318.79533216778395
44	54	477.2752162709511
44	55	568.2202699604017
44	56	539.7546022934143
44	57	308.02728226626704
44	58	457.3155963244881
44	59	74.80641108018249
44	60	125.13388366643461
44	61	148.81846105108662
44	62	449.70406916574444
44	63	274.4013619513646
44	64	99.03010338846902
44	65	171.9707660868154
44	66	137.4609477098181
44	67	182.3106610073477
44	68	63.272007982579886
44	69	56.04050626348312
44	70	61.4661800239438
44	71	126.76445431212939
44	72	59.24136742642026
44	73	48.210327783210275
44	76	127.4797957267928
44	77	132.3344610231515
44	78	77.68425867645274
44	79	119.26140058989782
44	80	172.29001535907696
44	81	162.91927509595513
44	82	233.79373659180308
44	83	356.297773436866
44	84	68.90602268700776
44	85	109.67074105733992
44	86	36.098577053598355
44	87	39.30609805865829
44	89	41.39545385002963
44	90	42.95816175368903
44	91	109.8900600991607
44	92	43.9454094200533
44	93	48.3005051291671
44	94	55.82660925918557
45	46	2371.9798946517776
45	47	1555.419422664447
45	48	1025.2525661385514
45	49	911.7559849460954
45	50	583.8612104084283
45	51	483.6880321763334
45	52	112.61487156613788
45	53	417.7475436540169
45	54	588.387291340676
45	55	403.3209522197508
45	56	470.187954718757
45	57	218.63679168282866
45	58	340.8312235618755
45	59	132.74338554969148
45	60	106.58356229105127
45	61	422.5234937372787
45	62	292.59865008897475
45	63	185.91607334111373
45	64	246.01939068355315
45	65	183.09645959196772
45	66	58.54160781052414
45	67	161.75441392301053
45	68	101.04811052917641
45	69	89.49909211957568
45	70	65.44275055066754
45	71	80.97930822128765
45	72	126.148006245302
45	73	51.32930749647245
45	75	97.8015937283675
45	76	135.72713431595605
45	77	197.25422282741766
45	78	165.42012405183564
45	79	317.4426199125924
45	80	131.02597341360934
45	81	202.36927670611786
45	82	359.5497869553539
45	83	233.4452619656133
45	84	110.04587365900741
45	85	38.92197273864821
45	86	38.433983898664756
45	89	44.07354351911682
45	90	91.47470243528291
45	92	46.78846912892922
45	94	59.43832628634622
46	47	2326.217643482252
46	48	1299.9913661113442
46	49	1458.4405188206044
46	50	455.58127002461924
46	51	387.34913450162645
46	52	395.42534053841246
46	53	427.8282465711127
46	54	751.2756992400313
46	55	324.542055972523
46	56	550.3246878086085
46	57	639.7506726767305
46	58	398.92097366532624
46	59	155.36757477121628
46	60	249.49837636073423
46	61	278.17678641096563
46	62	498.13506325378603
46	63	155.4305555488671
46	64	82.2713816671002
46	65	107.15130082828496
46	66	68.51917774331584
46	67	113.59386787833523
46	69	244.42347366898025
46	70	191.49130100363232
46	71	63.18737300489927
46	72	184.5601356274354
46	73	30.038822602680945
46	74	89.4261379703412
46	77	98.94572175749207
46	78	129.0757270044488
46	79	185.7730604828432
46	80	61.34298183524864
46	81	236.86019156310223
46	82	291.34373907098285
46	83	170.770393018242
46	84	42.933866806692464
46	86	89.96900060072929
46	88	56.544975823393806
46	89	103.17048250325793
46	91	91.29352354984353
46	92	54.76288664566569
47	48	3035.846990686747
47	49	2008.632902165585
47	50	1244.7757919754208
47	51	976.9351964748756
47	52	480.1835211621247
47	53	417.48098175000064
47	54	684.2319655084898
47	55	295.5799702730667
47	56	389.8329501134993
47	57	378.72862042317786
47	58	519.0304631550604
47	59	254.70467114158126
47	60	170.42488325641202
47	61	281.50258955437823
47	62	226.84078146252972
47	63	283.11991092180654
47	64	149.8589911536423
47	65	260.2376916905244
47	66	31.202268161847964
47	67	34.48558923030467
47	69	95.40478223951024
47	70	104.6415871531853
47	71	57.548541061817176
47	72	100.85400963929756
47	73	54.7163249171631
47	74	162.8915249439752
47	76	108.51242219395313
47	77	120.15442665547889
47	78	117.5570279686018
47	79	135.35575974709275
47	80	83.80311463636235
47	81	92.45263827601968
47	82	265.3442663256439
47	83	93.31852084426076
47	84	78.2049096004025
47	85	41.49027934832746
47	86	40.9700900602425
47	87	89.22093383287137
47	89	46.981781852569455
47	91	83.14650283496955
47	92	99.7517092710081
47	94	63.36042569519539
48	49	2818.812332727015
48	50	1606.797320489132
48	51	1234.228854209049
48	52	1068.229034715407
48	53	660.4368338246562
48	54	451.0105576224931
48	55	398.5182210307721
48	56	523.0927703913177
48	57	374.4576727522143
48	58	282.24752728447197
48	59	279.81372193285523
48	60	308.9221494146773
48	61	194.82964637932636
48	62	364.459359850773
48	63	279.9271489837097
48	64	148.16902141086064
48	65	128.65148702513815
48	66	30.850398122594726
48	67	102.29007888740826
48	68	142.00154071389116
48	69	94.32889620784628
48	70	172.43589510389205
48	71	56.89956236266131
48	72	166.19445385045904
48	73	162.29785591969193
48	75	34.35981365948508
48	76	143.05162725419308
48	77	178.19915587319713
48	78	145.2891619981185
48	79	133.82934390295225
48	80	220.9548303377447
48	81	213.2901021226449
48	82	87.45065383530013
48	83	153.77693620027907
48	84	77.32298766869692
48	85	123.0671721819241
48	86	40.508067648188025
48	87	132.32217520228232
48	88	152.75446146062623
48	89	46.45196519504628
48	90	48.20556000798875
48	91	41.10442711496046
48	92	98.62680265605604
48	93	54.200477938753636
48	94	313.2295299455069
49	50	2845.685147522762
49	51	1116.687035778923
49	52	728.3140982828744
49	53	1027.8200679357747
49	54	691.8685113968905
49	55	481.98647188653007
49	56	381.9420481656643
49	57	430.34466245349216
49	58	219.05665478203497
49	59	89.58169314133369
49	60	239.7592400186042
49	61	445.5303201671601
49	62	329.0996682219739
49	63	209.10868192688935
49	64	276.70975182390373
49	65	171.6144397966618
49	66	230.45589224755687
49	67	72.77316411311568
49	68	37.88454439724516
49	69	33.55463364095458
49	70	184.0164632270939
49	71	182.16258660364159
49	72	70.94234199229595
49	73	28.86626110888755
49	74	128.90310063522017
49	75	36.66737359382735
49	76	76.32939328072355
49	77	31.694462836061025
49	78	124.03727295880681
49	79	142.81714677901698
49	80	147.37116649638565
49	81	227.61438510414274
49	82	93.32372483103492
49	83	262.56702906015903
49	84	206.28974478273594
49	85	218.88700291232962
49	86	43.2285362412062
49	87	141.20875860892764
49	88	54.33775012100984
49	89	49.57161813664366
49	90	51.44298207288577
49	92	105.25044912040683
49	94	66.8531227145365
50	51	3514.3455322931018
50	52	1791.2099878686788
50	53	1347.7124983901813
50	54	513.6833198453694
50	55	544.6759309860072
50	56	344.92649658395726
50	57	196.84273348099157
50	58	292.24441218874534
50	59	382.43621358700517
50	60	479.7957284322842
50	61	317.00474116237564
50	62	191.58687845403279
50	63	318.8260336139636
50	64	253.1380480906995
50	65	256.42573820523836
50	66	245.9617465895623
50	67	77.66958950601756
50	68	121.30063524719897
50	69	107.43690971853933
50	70	196.39771522070845
50	71	226.82228740270145
50	72	189.28895865282567
50	73	61.61696219270874
50	74	45.858712866684506
50	75	117.40343669280223
50	76	203.6627345947951
50	77	270.6157906520852
50	78	198.57438229252608
50	79	190.53296122154833
50	80	346.03095690346
50	81	104.1124513734071
50	82	199.2057233496785
50	83	140.1167148182422
50	84	132.10177123813077
50	85	233.61446312788703
50	87	50.23658766466032
50	88	57.993778311183334
50	89	105.81392959189091
50	91	46.81632885061735
50	92	56.1660282202343
50	93	123.46443325652292
50	94	142.70245527218069
51	52	4429.571615783182
51	53	1574.285147606225
51	54	579.5326932222936
51	55	593.718131212083
51	56	319.9277032876995
51	57	180.2356930090462
51	58	229.36166884113686
51	59	500.24456992839316
51	60	326.3496071603367
51	61	348.31198409102416
51	62	200.48372452439227
51	63	300.26841132881856
51	64	331.1164829604609
51	65	345.00027743268686
51	66	82.73045385883735
51	67	152.39321886333298
51	68	95.20016455889998
51	69	56.21301413116227
51	70	308.2769479302492
51	71	228.87840539006973
51	72	445.67796309248007
51	73	169.2555628372356
51	74	107.97363927577271
51	75	153.56922176812841
51	76	191.8083196358641
51	77	292.0320091975906
51	78	103.89785584060205
51	79	119.62851950590934
51	80	222.1976195027939
51	81	136.18398731905654
51	82	130.2852317118018
51	83	137.4594440598482
51	84	138.23626820269936
51	85	110.00833732382699
51	86	72.41939651608887
51	87	78.85418576426964
51	88	45.51515519573104
51	89	83.04576055387541
51	90	43.09039861908603
51	91	73.48555432606885
51	92	308.56479710947883
51	93	96.89837435095973
51	94	111.99691738782028
52	53	2475.533637563914
52	54	668.7832107532837
52	55	315.17050280404027
52	56	190.51560375477376
52	57	199.32639680145763
52	58	304.3870007180762
52	59	857.507834696155
52	60	860.6477766851565
52	61	330.17610722872
52	62	138.5744471572889
52	63	249.05480500663384
52	64	366.1885965437893
52	65	254.3619821656121
52	66	182.98665484204213
52	67	471.89751361925033
52	68	175.47306584716392
52	69	279.7521299955954
52	70	170.464940162554
52	71	281.24598093635643
52	72	32.85896780817925
52	73	187.18324276232866
52	74	199.01715088605212
52	75	407.6049415997791
52	76	212.1248049776697
52	77	117.44155095875021
52	78	229.80559393488232
52	79	330.7491616908665
52	80	245.7329629549583
52	81	90.3652202552371
52	82	115.2681152550755
52	83	182.4231054349874
52	84	191.09795060641073
52	85	162.21400715766953
52	86	160.18022984341394
52	87	174.41296403277622
52	88	251.6807779180799
52	89	137.76304746704463
52	91	162.538401980543
52	92	97.4994910604849
52	93	160.74288748948987
52	94	309.6492934208136
53	54	2041.5469779598366
53	55	1047.3478377843194
53	56	731.9622368062262
53	57	554.5545044006443
53	58	893.895226823924
53	59	949.1531498006987
53	60	592.1745786693142
53	61	331.7156148317636
53	62	308.4271229462844
53	63	384.9477991189387
53	64	475.4348554347842
53	65	383.3219884325693
53	66	226.2644482533225
53	67	187.55518299371025
53	68	195.27645234757813
53	69	144.13155200622262
53	70	126.46874931631666
53	71	208.6577300020959
53	72	213.30946344406172
53	73	99.19438391156206
53	74	184.56471269879793
53	75	315.0042119738654
53	76	163.9337510724057
53	77	190.5978481071889
53	78	266.396659988443
53	79	306.73046886192486
53	80	278.52985901038704
53	81	223.4746213595846
53	82	106.89745321279231
53	83	140.9797593420657
53	84	354.44119458021225
53	85	150.43417862974906
53	86	74.27404615495652
53	87	80.87362936897318
53	88	140.0423740208894
53	89	85.17254974614005
53	90	44.19393711957322
53	91	113.05126215442353
53	92	90.41916978381674
53	93	49.68996342909687
53	94	172.29771190017658
54	55	2494.9920323024267
54	56	1396.1468979994247
54	57	1271.3627377940686
54	58	1325.2944806834366
54	59	525.5466148666665
54	60	395.60325923116187
54	61	418.2050030510547
54	62	552.8881598528627
54	63	630.911584498923
54	64	243.5048974943104
54	65	392.65434762972086
54	66	173.82981279784275
54	67	64.04046749670795
54	68	66.67688463643732
54	69	265.7530431872751
54	70	97.16081862679371
54	71	53.434428055438815
54	72	93.64401291050572
54	73	25.402342729275805
54	74	75.62325047571517
54	75	96.80199186510058
54	76	67.16995322396109
54	77	167.3469808670232
54	78	272.8823545088631
54	79	157.09906525532384
54	80	311.2483074104886
54	81	429.21625443022924
54	82	520.1249011291025
54	83	404.35374930477457
54	84	36.3070421814517
54	85	38.524162488442734
54	87	82.84257918563974
54	89	43.6230805507439
54	90	45.26988295096854
54	91	38.60120293079269
54	94	117.66164861538849
55	56	3119.159072529093
55	57	1963.1457491941062
55	58	1839.6064212767178
55	59	767.773537454929
55	60	472.2939702242094
55	61	615.8847466000037
55	62	669.9956100990782
55	63	569.8693432333937
55	64	491.802936547575
55	65	284.6801961152614
55	66	54.61264438277698
55	67	30.179684553637497
55	68	62.844242835997406
55	69	83.49244705283103
55	70	61.05062359786918
55	71	125.90743369417777
55	72	205.9429832743147
55	73	71.82658595042342
55	74	35.6381821290596
55	75	60.825156193676975
55	76	94.96345415744845
55	77	105.15182646202047
55	78	231.47716845693694
55	79	177.6826591712453
55	80	171.1252085823573
55	81	404.5445534782837
55	82	619.234985554461
55	83	299.4444871462079
55	84	34.22008373590181
55	85	181.54881078187668
55	86	35.85452421574621
55	91	72.76474850232204
55	92	130.94491873317102
55	93	47.973958314622
56	57	3196.7993750500773
56	58	1976.9121771916468
56	59	538.9629764980522
56	60	180.31216690594408
56	61	689.2732054359728
56	62	797.1463820712992
56	63	462.1555319325022
56	64	271.80537330938665
56	65	177.00139910173021
56	66	198.07489882255155
56	67	62.547921765515795
56	68	97.68434070275777
56	69	115.35970026438441
56	70	63.264240249907175
56	71	130.47267439796852
56	72	30.48717278459568
56	73	173.67215847405663
56	74	36.930376520535134
56	75	94.54589653386981
56	76	131.20894157937383
56	77	136.2056196147109
56	78	213.21798329329826
56	79	122.7501350583461
56	80	329.3271193110507
56	81	335.3702526168445
56	82	427.7917634967732
56	83	394.92976340949
56	84	141.84343885493718
56	85	75.25261434211099
56	87	40.45591298988651
56	91	75.40310417297097
56	94	114.91939206682464
57	58	3373.361802232845
57	59	832.4067575965851
57	60	296.45169854516195
57	61	560.8945137686561
57	62	699.4940083329014
57	63	322.3525886079414
57	64	391.0164257198359
57	65	185.18719969364093
57	66	148.02520540476257
57	67	32.72029073554245
57	68	34.06731924242442
57	69	60.3473756644738
57	70	132.3800552095357
57	72	223.27981181196142
57	73	207.66170440801972
57	74	154.5531966679879
57	75	98.91836963146869
57	76	68.6384870096014
57	77	199.50662746052058
57	78	195.19385874601397
57	79	192.64045839891727
57	80	185.53098416398825
57	81	292.40012723932966
57	82	279.7349312491866
57	83	324.65252117416253
57	84	74.20164295245173
57	85	39.366414588710526
57	88	48.86270931166694
57	89	89.15362015267633
57	90	138.77884933889464
57	91	39.44513936292359
57	92	94.64547370547717
57	93	208.05013531528533
58	59	1674.3645595312223
58	60	432.127437705543
58	61	999.2847674011524
58	62	718.9687018374278
58	63	837.5216452419197
58	64	379.9807905218252
58	65	412.4098721525769
58	66	290.0924545586794
58	67	116.5883684519352
58	68	30.347019225069513
58	69	80.63576809963641
58	70	88.44268135405619
58	71	121.59953365553928
58	72	142.06905814526644
58	73	115.61508720307955
58	74	34.418828182542946
58	76	91.71429677387583
58	77	76.16555682407554
58	78	173.8778370504752
58	79	228.80437222771852
58	80	165.27019056606954
58	81	364.65625919788414
58	82	448.53597951281483
58	83	394.3623385307943
58	84	99.14774930715434
58	85	70.13486044173044
58	86	34.62776816391896
58	87	75.40920236177611
58	89	39.70882776987865
58	90	41.207864336209134
58	92	84.3097747042313
58	93	138.99761406076706
58	94	53.55199679850186
59	60	4555.33309069085
59	61	1556.7640004244117
59	62	601.1019256418928
59	63	600.1881056674831
59	64	966.874218670917
59	65	599.6520769410427
59	66	575.1820126278743
59	67	317.8533451039038
59	68	330.9387275145695
59	69	322.4264863055562
59	70	192.8961009858187
59	71	132.606087721082
59	72	154.92840655318182
59	73	327.8078972021424
59	74	300.2739245471259
59	75	224.21433083216567
59	76	266.70878783083583
59	77	359.9252142856064
59	78	216.70439980452727
59	79	187.135910861368
59	80	308.9650014607949
59	81	170.42701601218613
59	82	163.04503714579909
59	83	172.0231822771413
59	84	216.24417046230067
59	85	191.20775336168958
59	86	415.3830197499958
59	87	123.35227368168836
59	88	94.93299268690318
59	89	43.3030632623154
59	90	179.75113912673703
59	91	38.31802594888238
59	92	91.94105473993038
59	93	151.57895140762764
59	94	116.79848715896348
60	61	3307.2163510067803
60	62	839.3780677751994
60	63	1073.818201040383
60	64	1005.0722964820565
60	65	601.8478285879577
60	66	635.0169782113004
60	67	446.6241243597263
60	68	265.72042317116944
60	69	411.8636052380151
60	70	290.4036456780572
60	71	319.41996642959674
60	72	124.39656748463808
60	73	253.0832572774996
60	74	527.4035206986705
60	75	289.33114957072365
60	76	301.1460726446112
60	77	305.6672856989934
60	78	407.80857814187084
60	79	250.42819758034994
60	80	155.0481707554707
60	81	256.57660532811974
60	82	109.09470712730202
60	83	57.551027060239306
60	84	434.071987547992
60	85	230.28948070745167
60	86	189.50183257184085
60	87	82.53596924116688
60	88	95.28060971860299
60	89	43.46162649611544
60	90	180.4093355625533
60	91	192.29167712346032
60	92	276.83314849297574
60	93	202.84531930513606
60	94	58.61308463865459
61	62	2781.5831937202656
61	63	1868.8740668832868
61	64	1099.1321715729941
61	65	566.6448425563349
61	66	514.9153021925831
61	67	284.54914732006426
61	68	230.42713784690207
61	69	233.2469669745557
61	70	191.87192913671535
61	71	395.7060677165324
61	72	431.4963021867452
61	73	100.32843635827666
61	74	74.66990892748169
61	75	127.44221512292805
61	76	66.32317783678214
61	77	192.77688231720225
61	78	377.21918329722826
61	79	217.1660428503318
61	80	128.05190325051615
61	81	339.044285210058
61	82	459.508180922866
61	83	285.1830568465668
61	84	179.2466943738306
61	85	76.07701828271134
61	86	112.68479049236807
61	87	81.79822745249315
61	89	86.14629578521664
61	90	134.09756982842555
61	92	137.17934771355263
61	93	50.2580502741562
61	94	232.35670329166237
62	63	3006.727944137183
62	64	1141.727952116048
62	65	781.0510842567936
62	66	605.1058342219128
62	67	159.23316804129806
62	68	66.315390819593
62	69	58.73605395317822
62	70	193.2681076723947
62	71	239.1512815224762
62	72	248.36350600106076
62	73	202.11697592176904
62	74	150.42650650790748
62	75	128.36956330822363
62	76	66.80578619815314
62	77	249.65954466499568
62	78	244.26261180509766
62	79	374.99361765104334
62	80	386.9510637083624
62	81	512.2670709142486
62	82	435.62526677662015
62	83	373.43569213295444
62	84	180.5510039119806
62	85	229.89180481499028
62	86	37.83491818371964
62	87	41.196720911257
62	88	47.55803709486057
62	90	225.12224413452412
62	91	38.391923564212775
62	92	92.11836618873278
62	93	101.24751771135017
63	64	2970.8889027955806
63	65	1319.7693390995607
63	66	604.1859290740946
63	67	317.9821913174976
63	68	297.9655902606803
63	69	263.9104251583648
63	70	192.97429406640714
63	71	265.31968283552965
63	72	278.9841760344178
63	73	227.03592366691004
63	74	187.74727793840697
63	75	160.21801370487898
63	76	200.11267642242217
63	77	221.58222455907338
63	78	325.188365858449
63	79	156.0098074748953
63	80	309.09024466236764
63	81	312.5761850584276
63	82	326.22225937635557
63	83	458.9144379568184
63	84	144.22121866875256
63	85	76.51410481896353
63	86	37.7774000868247
63	88	94.9714750777331
63	89	43.320616753018925
63	90	89.91200185835987
63	91	38.33355868632861
63	92	45.989162153835764
63	93	101.09359734324431
63	94	175.2687495418765
64	65	2738.7150762288356
64	66	1294.4421100692864
64	67	841.5602175553413
64	68	481.91305675415947
64	69	426.83411727538817
64	70	425.59901500626813
64	71	386.2020353907561
64	72	205.09707626606445
64	73	267.05115573697077
64	74	298.13111120334844
64	75	296.81905812956205
64	76	264.80550185511055
64	77	366.5197104547509
64	78	286.8772732045377
64	79	536.7569204676706
64	80	306.7601668955267
64	81	488.83124493920866
64	82	359.73670207058274
64	83	569.3186375559052
64	84	333.979348651833
64	85	202.49947467405843
64	86	49.990153385665295
64	87	54.43200345617122
64	89	114.65078439849108
64	90	178.46839990766935
64	91	202.90443218894794
64	92	121.71326056661515
64	93	133.77533726202623
64	94	154.61998713825224
65	66	3735.4210315924975
65	67	1132.5941024986287
65	68	722.7481843896421
65	69	471.6847949861866
65	70	812.9815608106979
65	71	487.75222173457104
65	72	569.858260693544
65	73	608.6689814076002
65	74	345.1464699505252
65	75	441.80679309927405
65	76	421.5274288292568
65	77	445.535968742571
65	78	373.6326359077914
65	79	573.6033557331904
65	80	384.73102428965353
65	81	293.8431119994366
65	82	437.2906435247824
65	83	230.685120491845
65	84	331.41255802795735
65	85	263.7379101078771
65	86	43.40521080734973
65	87	141.7858772979271
65	88	163.67948377706009
65	90	154.9596869743568
65	91	220.22110996943636
65	93	290.3845218220304
65	94	201.37905214019625
66	67	3364.2618588484925
66	68	1641.9195692117833
66	69	710.9719695085388
66	70	815.2518773080535
66	71	350.8863521833632
66	72	580.7667494178289
66	73	667.2353912304992
66	74	537.9758223447333
66	75	565.0372539989153
66	76	367.56919837384174
66	77	457.8802921187073
66	78	567.4441401774765
66	79	515.8090012834518
66	80	510.96637123729863
66	81	219.21839929576186
66	82	119.84173767937767
66	83	252.8817490690499
66	84	596.0410756338383
66	85	126.48776583202253
66	86	166.53588066255452
66	87	136.00000726943225
66	88	209.33359897109727
66	89	143.22922657252585
66	90	198.1816426911473
66	91	253.48143096474968
66	92	253.42021958298977
66	93	111.41390900517871
66	94	321.9355960893771
67	68	5484.408091383493
67	69	1857.3109998792456
67	70	1371.145381527788
67	71	517.0787644881675
67	72	868.424660818658
67	73	768.1735160949995
67	74	640.3227479433868
67	75	507.4017275916231
67	76	609.3711083330992
67	77	404.8493324274385
67	78	495.1220443973548
67	79	380.05735964923826
67	80	345.1151207499187
67	81	207.67379629174513
67	82	33.11308130882998
67	83	209.61880428116126
67	84	527.0085559985881
67	85	326.1946217815486
67	86	276.08992980243056
67	87	450.93264359324644
67	88	347.0417210710772
67	89	211.06774616305253
67	91	186.76968244614477
67	92	168.0521227181192
67	93	184.70649204169123
67	94	71.16238316259735
68	69	3458.478208337535
68	70	1876.2646673726242
68	71	639.3094566132233
68	72	628.9919715382431
68	73	735.813862085246
68	74	952.4050697248457
68	75	650.203614941705
68	76	676.7548718813658
68	77	491.7688602592648
68	78	309.30313443818267
68	79	316.5628459649518
68	80	261.3256849414943
68	81	72.07443639465244
68	82	137.90512131466747
68	83	36.37473154066428
68	84	182.90147975817462
68	85	582.2115409759432
68	86	766.5493264945063
68	87	260.831463568279
68	88	301.1072761496761
68	89	329.63547172746127
68	90	228.05296390796332
68	91	291.6879224642998
68	92	233.29398790048216
68	93	320.5174786143063
68	94	148.183990966463
69	70	4768.706917899175
69	71	1430.5043964877411
69	72	870.4735115450118
69	73	935.0708126177067
69	74	885.7301527464747
69	75	791.8492502048986
69	76	599.4070171329804
69	77	528.8985088148288
69	78	456.58695860355834
69	79	315.42992745055875
69	80	260.39044977245743
69	81	159.59221250509367
69	82	244.287262195216
69	83	161.08690338046503
69	84	283.4951932979649
69	85	257.83462935894653
69	86	254.60199717626432
69	87	415.8367953984048
69	88	266.6930401729753
69	89	243.30056945150534
69	90	201.98827156484842
69	91	258.35024586079555
69	92	258.28785874444185
69	93	283.8848064160866
69	94	393.743116019881
70	71	2353.502311075229
70	72	2253.210343515682
70	73	1895.8089507703478
70	74	925.2227514199533
70	75	473.73475587443403
70	76	451.9898668600479
70	77	341.2381622177847
70	78	434.0200264386152
70	79	538.1738549489997
70	80	190.40044797440467
70	81	315.07821315268416
70	82	133.96921103593152
70	83	70.67314164536846
70	84	266.5220120933345
70	85	235.6645039024903
70	86	279.2517987501072
70	87	152.03228881336608
70	88	117.00538410290356
70	89	320.2274408360797
70	90	221.54417006343735
70	91	141.68147081386178
70	92	396.61232012909136
70	93	124.5478726934491
70	94	143.95471443467846
71	72	4725.657502080968
71	73	3102.2112143046784
71	74	1297.5272389971938
71	75	944.4375780731341
71	76	813.5205235271466
71	77	647.4506767038583
71	78	385.58107624110977
71	79	539.0942999871166
71	80	366.4932749913359
71	81	144.39997815284815
71	82	248.66163026747148
71	83	320.6552432615388
71	84	439.72821991843256
71	85	233.29029820481526
71	86	345.5480902185377
71	87	250.83439527169327
71	88	386.0887051567397
71	89	88.05591792206418
71	90	45.690045809980774
71	91	116.87841553324907
71	92	233.7003828344879
71	93	308.2327830483588
71	94	296.88425090129044
72	73	3864.0549577095167
72	74	1382.1871522589952
72	75	760.9793078434343
72	76	554.4378860783296
72	77	822.2170020487695
72	78	450.48807843445235
72	79	481.6446738193556
72	80	428.18712168010035
72	81	236.19067887223517
72	82	129.12009881767145
72	83	272.4603052430547
72	84	171.25003709171222
72	85	90.8537828846235
72	86	358.8587713133142
72	87	97.68624697801434
72	88	338.3108695067521
72	89	102.87885921737359
72	91	273.1064155809994
72	92	109.21618604194325
72	93	120.03977261160198
72	94	277.48833943778476
73	74	3084.1755817060603
73	75	1795.9153252088777
73	76	741.2551267365664
73	77	883.2332193155075
73	78	628.4656120143605
73	79	452.26156327636545
73	80	273.7872763288872
73	81	164.7521062770197
73	82	131.34661156981025
73	83	304.8743923642274
73	84	383.2466601262314
73	85	184.84088285969156
73	86	109.51405104793413
73	87	238.4897345343935
73	88	137.65784497948846
73	89	125.58344998899774
73	90	217.20719130811096
73	91	148.16842144333432
73	92	88.87958479922699
73	93	195.37553060158058
73	94	56.454654959260544
74	75	4470.758104975007
74	76	2110.785615692918
74	77	597.5913320843963
74	78	389.78206571377075
74	79	852.7143995481329
74	80	370.48629872851944
74	81	122.61752768210468
74	82	117.30639791419753
74	83	123.76592519417744
74	84	363.02397598553875
74	85	385.19234280153165
74	86	760.725896425218
74	87	118.33140219766933
74	88	204.90499331219405
74	89	249.2428575012884
74	90	452.640917955478
74	91	330.8251274322424
74	92	330.7452388854016
74	93	145.40915484056995
74	94	504.1997002899397
75	76	4544.144386565288
75	77	1767.8852327330578
75	78	1130.9371333106187
75	79	689.3824054168799
75	80	537.4756171087869
75	81	69.75879824200136
75	82	100.10583518460615
75	83	176.030343460336
75	84	398.30657222470444
75	85	516.5471675073559
75	86	185.48032591150374
75	87	555.3929905703169
75	88	408.0064428884693
75	89	212.6965353775006
75	90	220.7259812707518
75	91	141.15822440427252
75	92	112.89930970746462
75	93	62.043951342918255
75	94	286.8461453356856
76	77	2901.6604306610125
76	78	1938.7847027930243
76	79	717.5335387386065
76	80	460.7017816827452
76	81	290.42967715700377
76	82	69.46245760842308
76	83	219.86231318233985
76	84	414.5715382718681
76	85	635.3933454178559
76	86	337.8453217704099
76	87	630.6246836955734
76	88	424.66750600761134
76	89	442.76412193772023
76	90	229.73939164719494
76	91	97.94830801501435
76	92	411.28355180887576
76	93	129.15506869511438
76	94	223.91969404678187
77	78	4111.489382139779
77	79	1721.450829218042
77	80	847.1788951200576
77	81	391.9367034965753
77	82	432.64629234310075
77	83	273.88208796339
77	84	420.79564539143803
77	85	365.31154486691935
77	86	440.89394327632726
77	87	130.92800564730086
77	88	201.52668502406647
77	89	91.92507834892876
77	90	190.79063122439942
77	91	406.7134368982003
77	92	243.96913358224123
77	93	160.88823670265236
77	94	247.94343111674794
78	79	3174.1407154186936
78	80	1256.6667197924928
78	81	560.4475897883702
78	82	536.1720238579103
78	83	535.9230635448449
78	84	785.9712640824368
78	85	516.2654501106462
78	86	156.85929566927098
78	87	256.1954248709308
78	88	197.17024802032986
78	89	89.93791812326026
78	90	186.66627734177086
78	91	119.37643277887855
78	92	143.21712652189248
78	93	209.88038403236573
78	94	424.5212918294646
79	80	2616.792727661531
79	81	849.0818472474513
79	82	454.89035339359515
79	83	822.7527196283444
79	84	991.1590526441814
79	85	548.7052280159818
79	86	406.3693284565743
79	87	245.82059546787374
79	88	170.26711941164254
79	89	103.55497612498985
79	90	214.92850064614214
79	91	366.53501746574426
79	92	384.76883087794505
79	93	302.071676372759
79	94	349.13998104226374
80	81	2327.071852429791
80	82	1689.82368957515
80	83	1641.3765773904656
80	84	1316.2530582874067
80	85	452.96145957806
80	86	335.46180124984096
80	87	162.34181856817702
80	88	187.40953305831727
80	89	128.228447818198
80	90	221.78193861396232
80	91	340.4004673608328
80	92	226.87884435666604
80	93	349.10831648247995
80	94	403.505791943165
81	82	4852.927882861014
81	83	2466.4168241273587
81	84	784.9225563634826
81	85	166.57090352371728
81	86	164.4825011055937
81	87	44.77437786391492
81	88	155.06439417387088
81	89	94.3088113077763
81	90	244.67259047545699
81	91	208.63001405979503
81	92	100.11822408937819
81	93	110.04018075993737
81	94	445.1526035148911
82	83	3643.915998997295
82	84	1051.2935226914658
82	85	278.8729131996315
82	86	196.6975078880165
82	88	49.449280324492285
82	89	45.111931132934096
82	91	239.5119445409236
82	92	191.56328523883246
82	93	263.18458410516473
82	94	243.35485354595775
83	84	1267.6382371675334
83	85	462.3601264740383
83	86	207.5287416653667
83	87	180.7748833485003
83	88	208.68890576574657
83	89	237.9801961558778
83	90	296.3569419292124
83	91	168.4671825894926
83	92	202.11180081413045
83	93	444.2831322187408
83	94	449.3217651022963
84	85	4649.730723383661
84	86	1513.0862619196262
84	87	681.7368764568544
84	88	590.2545204261052
84	89	658.1440217755702
84	90	372.53968797135747
84	91	264.71757008097296
84	92	444.6181242147781
84	93	488.68084909357776
84	94	806.8946910548333
85	86	5314.706247754219
85	87	1748.1386725592624
85	88	1043.8315360051433
85	89	698.3341538833016
85	90	527.0521936025759
85	91	505.58899810297277
85	92	606.5602885245681
85	93	814.8211758641911
85	94	770.5515699245678
86	87	4821.514370477728
86	88	2886.0842777766643
86	89	1567.2243493079823
86	90	390.333164675343
86	91	721.1390639681996
86	92	332.75304062582063
86	93	365.7296668206556
86	94	845.4341067236356
87	88	6808.806072571553
87	89	2866.885223321351
87	90	920.8680572609425
87	91	966.4191034179394
87	92	652.175367694743
87	93	477.8716762177823
87	94	736.44379143721
88	89	5200.752958652294
88	90	1553.706314281528
88	91	1185.3748766396259
88	92	585.5732049706695
88	93	643.6049171789545
88	94	956.4304649845915
89	90	4998.291450913275
89	91	2671.699020336129
89	92	1297.3690134537178
89	93	754.9101536247235
89	94	1551.1804344073146
90	91	4356.876157457559
90	92	3563.8560386306535
90	93	2785.4526142752557
90	94	1810.955921451341
91	92	5064.777472650899
91	93	2449.3520017374753
91	94	2831.0059444208573
92	93	5520.841892292782
92	94	2058.41621470621
93	94	5542.904995876362
