15	16	6346.392758517645
15	17	868.7259182062747
15	18	127.73399263839308
15	19	107.96367880574012
15	20	141.8074461174538
15	21	476.10096768257796
15	22	193.40258507149346
15	23	96.8214194153765
15	24	304.5932241183602
15	25	204.83241576465602
15	26	515.6135178274375
15	27	922.357963360281
15	28	71.44060149070667
15	29	209.1942443766538
15	31	147.41531123195023
15	32	379.50939402544327
15	33	655.2385004112201
15	34	400.5853069190039
15	35	64.65585530544429
15	36	252.91388393657581
15	39	79.81940298276616
15	43	236.74450686504616
15	44	90.16262791252925
15	46	434.95179743831284
15	47	385.0741425752135
15	48	959.3592928576002
15	49	90.06520202500622
15	50	278.5240421208379
16	17	1771.4575186611978
16	18	339.2939008614515
16	19	130.35405909050382
16	20	376.67656487180994
16	21	183.94836296309302
16	22	116.75598813202572
16	23	163.66143905276394
16	24	330.98600582201294
16	25	247.31221762347963
16	26	280.1455273792049
16	27	540.9128060218387
16	28	207.01567396428354
16	29	151.54718250347992
16	30	44.047405349609484
16	31	160.18874091142678
16	32	229.10755969702922
16	33	506.32138005396655
16	34	435.295732897146
16	35	109.29059278794043
16	36	40.71536123526313
16	37	125.15182028451247
16	38	245.19505406624478
16	39	96.37299588230631
16	40	41.36400214187664
16	41	23.22338437685943
16	42	42.13405396572453
16	43	114.33699843728441
16	44	130.6335388716681
16	45	160.8319240939398
16	46	126.03734796435326
16	47	334.75242994054184
16	48	540.548855772375
16	49	282.7334939976894
16	50	67.25732180740661
17	18	1838.7697906663418
17	19	1168.948445187586
17	20	872.3766866481596
17	21	374.8987990177271
17	22	499.7083200407394
17	23	357.3779151041149
17	24	206.11895806440694
17	25	436.83334981883866
17	26	444.0760442586622
17	27	389.0878903398936
17	28	316.4336160576221
17	29	308.8630733097317
17	30	403.9717230823065
17	31	253.92510479895122
17	32	342.41987752068195
17	33	290.226403108137
17	34	427.1516811838297
17	35	350.0221665638271
17	36	186.7062827376462
17	37	229.56083831017244
17	38	99.94471254192685
17	39	216.05591816760392
17	40	168.6050854246264
17	41	141.9923304306624
17	42	107.33994838994228
17	43	135.93199877248955
17	44	288.42634086359084
17	45	304.372699567299
17	46	385.3085422078132
17	47	227.41578475504858
17	48	157.3819906965099
17	49	265.95201200296304
17	50	205.61223349243286
18	19	3164.108800026247
18	20	2839.915225571633
18	21	775.1759553712699
18	22	488.0847087854157
18	23	457.16257691518183
18	24	557.9226455613035
18	25	433.5540708108869
18	26	230.8650639551808
18	27	214.53724074007656
18	28	139.58140883203217
18	29	261.13046480734846
18	30	356.3903414475657
18	31	252.01890586495375
18	32	195.67084029262264
18	33	138.68962983461708
18	34	97.83348042016432
18	35	221.06927395353532
18	36	219.62037457332426
18	37	50.63056451335022
18	38	115.72683990963054
18	39	103.9680003432924
18	40	69.72474092578211
18	41	62.63395707378383
18	42	99.43187754345502
18	43	77.09232358055876
18	44	190.84076229124554
18	45	247.866907801075
18	46	155.7991341361587
18	47	100.31492867992736
18	48	121.48930462831943
18	49	161.3061559227639
18	50	136.0458107210789
19	20	2400.36100740342
19	21	1677.3026984088638
19	22	425.8480603897129
19	23	746.1598704299313
19	24	419.1723757554214
19	25	357.05362374797016
19	26	159.65378865405842
19	27	163.19858438178215
19	28	216.29187197336498
19	29	249.50212043750113
19	30	225.921923123709
19	31	142.00807810966577
19	32	174.0899465460307
19	33	180.34405046191253
19	34	73.503186763255
19	35	160.15952881417618
19	36	440.86683457116067
19	37	171.17642350215814
19	38	251.5241827090232
19	39	109.84515127186211
19	40	212.15857864528797
19	41	158.81893967700555
19	42	96.04809914208622
19	43	260.64074846551466
19	44	124.07919793961315
19	45	183.31490963525172
19	46	143.65633678085644
19	47	105.98557709380428
19	48	88.01616541846164
19	49	123.94512325409994
19	50	229.97803338283288
20	21	1549.049680935698
20	22	873.9690651339484
20	23	682.5427053779271
20	24	591.8647558360952
20	25	370.24778101862313
20	26	221.35110075210073
20	27	178.63086546915653
20	28	167.87353359660062
20	29	352.9232626273389
20	30	247.28540880989055
20	31	239.81640064753554
20	32	182.93004452978224
20	33	82.9070047026999
20	34	168.95287188671642
20	35	116.8696217702499
20	36	121.90883487752659
20	37	112.41785997324634
20	38	165.18519182235235
20	39	100.99509742339262
20	40	123.85097796013952
20	41	173.83707557799264
20	42	141.92622712326758
20	43	142.64364685298398
20	44	293.3545602313175
20	45	292.3748661117555
20	46	141.51660861429545
20	47	83.5255569977354
20	48	57.80345655644543
20	49	130.2389216951528
20	50	302.07008447548185
21	22	3755.8311439552726
21	23	1151.6521491350716
21	24	462.1192421620946
21	25	348.0571215576524
21	26	46.93635496258259
21	27	159.92827877769264
21	28	225.44585346368225
21	29	287.76051054085235
21	30	287.8131312979735
21	31	214.70771066069855
21	32	107.4788763255386
21	33	143.15143778248614
21	34	97.240864889494
21	35	156.950122270526
21	36	347.89976455289604
21	37	100.647750892173
21	38	98.5935748499306
21	39	155.0073384509156
21	40	124.74430377883925
21	41	163.41821679312858
21	42	127.06660272636483
21	43	172.40702697601884
21	44	196.98033329582518
21	45	323.35469422091427
21	46	126.6998711264067
21	47	74.780461537328
21	48	103.50291132715401
21	49	174.90443089325657
21	50	270.4434564178798
22	23	3055.191458335182
22	24	919.8422274885688
22	25	319.8070619946831
22	26	270.1097403636453
22	27	243.62381596435583
22	28	140.8938724320072
22	29	206.2845676386734
22	30	202.35455312275877
22	31	218.04737385162773
22	32	124.74360292054385
22	33	145.37808155796867
22	34	115.21229340482016
22	35	127.51311774121339
22	36	228.6131026550934
22	37	178.87322710727634
22	38	100.12714498476747
22	39	196.77299299677264
22	40	274.4833746747517
22	41	213.37727070541777
22	42	172.05740736851575
22	43	136.18012001838187
22	44	133.36283776489768
22	45	234.56021637343756
22	46	171.56082615098848
22	47	94.92953934590403
22	48	78.8346326667865
22	49	111.01560964535082
22	50	274.6500592168528
23	24	2274.268831316464
23	25	606.7029625046856
23	26	286.35382942706804
23	27	308.97351206238983
23	28	440.8403043951466
23	29	464.7168540015272
23	30	270.14123658195365
23	31	200.12505564611507
23	32	46.836961977358925
23	33	113.2123043545169
23	34	98.87607044370645
23	35	127.67152051479142
23	36	291.3235774530025
23	37	255.85061688119305
23	38	50.12576380946932
23	39	197.0174336347874
23	40	317.1050201451938
23	41	237.3803755063654
23	42	193.8050382906239
23	43	272.69857869711814
23	44	111.27375611247118
23	45	258.33675787927075
23	46	236.18917719818063
23	47	152.0759444330398
23	49	244.5377405698743
23	50	274.99124239795606
24	25	2173.733329084734
24	26	725.6835612764874
24	27	626.6896611730584
24	28	596.3463177111319
24	29	595.6157003767381
24	30	336.3969425142147
24	31	228.93783137199512
24	32	282.41262013000295
24	33	178.07888482439634
24	34	194.41063032883994
24	35	238.47697055103592
24	36	196.38922045622192
24	37	120.73314679603263
24	38	157.69204895272023
24	39	201.4358712795776
24	40	99.75895938456057
24	41	149.356318786681
24	42	237.10427847380024
24	43	153.19466461219992
24	44	297.5503508201335
24	45	221.6478725824924
24	46	219.53282286644495
24	47	104.65437217359583
24	48	124.15808675611267
24	49	244.77668403232337
24	50	270.3445865596711
25	26	2625.1391857614926
25	27	917.4103230124977
25	28	833.1478439490587
25	29	364.12617674143684
25	30	396.8767277716953
25	31	423.37840996904924
25	32	330.2894520251111
25	33	330.7497885931107
25	34	325.38982351480456
25	35	258.8438595568584
25	36	176.0900561620432
25	37	72.16929235574725
25	38	141.3926980915027
25	39	41.68040204619838
25	40	119.26357750108852
25	41	117.17874427848099
25	42	182.22576698479935
25	43	219.77627515498818
25	44	156.93822305951514
25	45	231.86091348263994
25	46	317.9747173579295
25	47	321.72718873570955
25	48	129.87901519702203
25	49	219.476099239463
25	50	290.88150553156447
26	27	2576.3654597840937
26	28	1385.1160280220124
26	29	423.92521187427064
26	30	509.5084805937789
26	31	326.99070470928615
26	32	613.1720308909862
26	33	376.81353763228725
26	34	515.585468341816
26	35	276.21054463413486
26	36	138.51935522082377
26	37	34.062720161762606
26	38	16.683757560856495
26	39	78.689859622344
26	40	84.43567340008876
26	41	79.00920272670461
26	42	100.34216246082829
26	43	220.42793019267845
26	44	148.1445251925027
26	45	203.23557689333362
26	46	257.27801464736734
26	47	265.73740674289843
26	48	262.7175475765214
26	49	251.5735591205226
26	50	91.52752738023153
27	28	2483.7715671750498
27	29	445.0494582608424
27	30	199.13748165683486
27	31	297.111897573639
27	32	456.81035402023076
27	33	495.2313448486513
27	34	493.39261547906534
27	35	282.3432519555539
27	36	141.59490277113983
27	37	34.81901530465878
27	38	85.27093653882436
27	39	93.84318053334655
27	40	57.540266708297004
27	41	96.91613444441938
27	42	58.61146352265362
27	43	106.03392715146963
27	44	151.4337805519593
27	45	159.806169069977
27	46	248.37978698524876
27	47	413.9239296142331
27	48	572.9080952738383
27	49	332.79432487837056
27	50	93.55971459458864
28	29	1625.5797708774346
28	30	697.6419464707376
28	31	684.6247792044943
28	32	575.98493457748
28	33	441.54093354646966
28	34	206.71049477687228
28	35	459.24274902373486
28	36	184.24788110495535
28	37	188.78180130106512
28	38	110.957308982423
28	39	159.90829769707085
28	40	202.7817506029153
28	41	157.63802286309084
28	42	158.88987043263344
28	43	172.4684824501805
28	44	114.9461530385257
28	45	311.9174574338367
28	46	269.33319729795085
28	47	196.36868333771648
28	48	194.13713537600825
28	49	196.8376236540486
28	50	507.2622328873498
29	30	2772.44397948405
29	31	1244.7708727663219
29	32	438.5196928389186
29	33	326.1449461160961
29	34	213.6335634026027
29	35	436.76182489010074
29	36	344.6930019928777
29	37	350.1040228164012
29	38	252.7063034560229
29	39	184.46120506962623
29	40	121.80325015384409
29	41	256.44433113947974
29	42	170.59734595246502
29	43	350.71301185208284
29	44	288.5042934027214
29	45	321.36912645425076
29	46	123.71271176141174
29	47	164.28912360318444
29	48	208.44173360946493
29	49	80.05348554911677
29	50	445.6135753147
30	31	2502.0941420360623
30	32	602.9667015139506
30	33	335.1662504168284
30	34	279.4180534149469
30	35	631.3865757679923
30	36	372.4287587023675
30	37	361.50951900266733
30	38	165.2612592158553
30	39	185.58662221641978
30	40	79.65514995755187
30	41	178.88618791921155
30	42	162.2760957920742
30	43	238.52845811989258
30	44	419.2709275977672
30	45	309.7159454668557
30	46	283.1635533614593
30	47	89.53287891522811
30	48	123.9215890985365
30	49	188.46804659767184
30	50	582.8320035792252
31	32	2186.887481180212
31	33	517.1136877298568
31	34	602.1744686604769
31	35	583.1582632992106
31	36	522.7604119223065
31	37	214.24974142386617
31	38	286.1959077855777
31	39	164.9827337795632
31	40	225.3103005796746
31	41	180.7115726402595
31	42	147.53878950775018
31	43	266.9122440976806
31	44	220.24560406994897
31	45	214.5437753267491
31	46	408.6471454884976
31	47	202.60013190261927
31	48	80.11910772296004
31	49	220.00761607041576
31	50	261.6796974582932
32	33	2313.8731148617735
32	34	1324.1735058693337
32	35	792.3507455541753
32	36	353.44413682456997
32	37	116.99959095128848
32	38	180.10407028721517
32	39	205.9323024530739
32	40	138.10572858360004
32	41	62.03040815136472
32	42	70.33838506678293
32	43	229.0483558977018
32	44	305.310593520704
32	45	199.451224517143
32	46	266.51443968397734
32	47	223.53363232840957
32	48	446.8977238298724
32	49	319.50357782535156
32	50	224.55809278159282
33	34	3066.9069822399865
33	35	885.61682483347
33	36	281.6472771319468
33	37	103.88807076787873
33	38	118.72905476991627
33	39	133.3314555283448
33	40	114.45369237642508
33	41	128.51764596141916
33	42	131.1574684904071
33	43	276.82295226926885
33	44	165.6698166243744
33	45	270.1907044716535
33	46	290.61984464925814
33	47	578.9099466738834
33	48	516.3699018910353
33	49	315.93698351999313
33	50	93.0500969635852
34	35	1815.7677910060845
34	36	516.5619581968932
34	37	246.99423934406227
34	38	103.69422696656568
34	39	312.46747202964997
34	40	72.88768939962728
34	41	163.68810943030175
34	42	74.24460109220789
34	43	268.6316345115101
34	44	276.2279174184462
34	45	210.52767400855163
34	46	266.5091556567183
34	47	458.78678488797163
34	48	544.2877183018468
34	49	337.24709005835234
34	50	237.02884285396755
35	36	2223.330355098379
35	37	666.3271226820076
35	38	368.2053585519062
35	39	289.44346890438425
35	40	282.3438094991596
35	41	190.22275819256384
35	42	330.7400636754247
35	43	507.2894865586496
35	44	252.6434720850848
35	45	407.7587448181313
35	46	358.4625028280303
35	47	253.8849440049884
35	48	228.40979714727987
35	49	267.21579846932127
35	50	321.36111668972984
36	37	2495.0799264380958
36	38	545.570636078071
36	39	600.4165753692217
36	40	386.55484789412486
36	41	620.0775933895787
36	42	412.5011898169754
36	43	491.8501494969451
36	44	310.04354762051173
36	45	306.7360000286063
36	46	355.2228383635142
36	47	182.0720120237186
36	48	160.36624892949246
36	49	174.21104688514458
36	50	419.0220554876694
37	38	4293.088399224334
37	39	906.9679782309602
37	40	882.6637809672342
37	41	711.5766436143192
37	42	484.12854393225626
37	43	291.945452726548
37	44	262.08023515232514
37	45	301.7127105698109
37	46	137.92322363397338
37	47	20.351169713847884
37	48	56.335713125943
37	49	95.19892452217223
37	50	367.9999137751079
38	39	3119.9309687287077
38	40	1241.5472876859046
38	41	921.1066476594892
38	42	519.4141417688214
38	43	326.8422574527014
38	44	163.37445954277905
38	45	123.14786987726733
38	46	180.14436225827893
38	47	59.80743404635866
38	48	27.59296307951111
38	49	46.627978307064254
38	50	360.48919843649725
39	40	4025.880394777462
39	41	880.6317842912612
39	42	390.5550559944878
39	43	272.9862609164951
39	44	513.7097459571546
39	45	329.1390952896352
39	46	247.8177295169479
39	47	31.342783358230832
39	48	43.38124237243213
39	49	201.59647087294726
39	50	170.02671200937078
40	41	2729.8098440671506
40	42	1009.5844528018497
40	43	413.53313249367557
40	44	275.61002485106025
40	45	332.3974880501217
40	46	94.96892961752631
40	47	84.07846423244482
40	48	69.82331199143576
40	49	78.66063212040586
40	50	486.51147660497674
41	42	4342.059560163026
41	43	444.9998448673723
41	44	331.5821839799287
41	45	373.24215410361865
41	46	255.9326767813521
41	47	37.76397624173355
41	48	26.134376573470394
41	49	22.081592694937505
41	50	409.7201348964297
42	43	2422.0820498147796
42	44	902.3815009368482
42	45	613.6863218266578
42	46	232.16859868715727
42	47	137.02993388982043
42	48	94.83090104682066
42	49	120.18752346682166
42	50	557.5146798512372
43	44	3047.328241846946
43	45	995.3689165076896
43	46	472.5179197129532
43	47	201.4193075539964
43	48	214.44808423481714
43	49	271.78887759024553
43	50	616.3661332508372
44	45	2624.399110795314
44	46	879.7820577006538
44	47	336.3405672887186
44	48	220.51218133811724
44	49	434.73801785223947
44	50	384.1185124724198
45	46	2025.650115776647
45	47	467.02102853941204
45	48	465.4074778357129
45	49	611.6981026629977
45	50	405.35544792801966
46	47	2015.3580896062113
46	48	1134.686473106143
46	49	1098.5392534483362
46	50	679.4401975890473
47	48	4750.766928287688
47	49	1503.0555906465431
47	50	382.7893262928447
48	49	1860.0907557528374
48	50	378.4392806219448
49	50	3964.935654156223
