1	2	10324.195169839706
1	3	3517.0379653682785
1	4	1976.4665843478908
1	5	2448.8274960330873
1	6	1325.0699192305717
1	7	1506.9527707545512
1	8	2102.140780436713
1	9	1148.9580394363882
1	10	641.0931921796647
1	11	332.37395055670123
1	12	69.7710148008745
1	13	485.9001029925849
1	14	430.0312050753281
1	15	399.00941820417313
1	16	366.04585223519007
1	17	321.4269959505483
1	18	599.000276857224
1	19	610.5131454540848
1	20	506.8444847562292
1	21	725.942916814488
1	22	331.66184513690894
1	23	551.3135674844265
1	24	223.67337110105925
1	25	485.36041475220964
1	26	193.69501171807607
1	27	459.8192275674054
1	28	697.2558550823004
1	29	197.46484183173996
1	30	197.41503934793133
1	31	650.7322012836383
1	32	142.90432918236698
1	33	286.87317968645993
1	34	303.04629206023833
1	35	95.70255844214057
1	36	162.6470461763573
1	37	395.11438291572887
1	38	258.86038201543005
1	39	283.8565347440906
1	40	350.5916191747392
1	41	332.4440239005443
1	42	167.42340043532337
1	43	318.2213235876648
1	44	286.3506872726269
1	45	441.5025966923988
1	46	243.36036973720329
1	47	278.27016975658665
1	48	174.43681427782008
1	49	69.81555333403847
1	50	123.76082215883088
1	51	58.61288883528929
1	52	181.80273851635334
1	53	430.5778866117232
1	54	133.41444096934472
1	55	345.47330513707675
1	56	345.6510572128328
1	57	206.4188897756122
1	58	272.328518542352
1	59	272.9457861250418
1	60	503.01427292368487
1	61	309.6791313357109
1	62	195.47562183125768
1	63	128.4940345408012
1	64	231.69990913521985
1	65	191.60803191608352
1	66	189.71142812303847
1	67	187.77956990617145
1	68	247.77688405246022
1	69	144.58475457802112
1	70	687.0990361013588
1	71	333.6056751461842
1	72	201.2722309733179
1	73	161.7682490813738
1	74	160.21010049372893
1	75	601.8273150445698
1	76	595.0187563785979
1	77	331.72980604675377
1	78	653.754260353854
1	79	1755.4906781316126
2	3	10454.838827677815
2	4	2700.666508234072
2	5	1808.8991034267424
2	6	1281.3410876577102
2	7	1272.1775836874192
2	8	1788.0827136525127
2	9	810.1341372247089
2	10	387.46023711452574
2	11	160.70261392799245
2	12	56.22374254525308
2	13	55.93629055466133
2	14	247.52361942833141
2	15	214.35647134432935
2	17	155.40976767210103
2	18	413.73755620446434
2	19	178.89863920487028
2	20	272.2877965178406
2	21	89.99820070536099
2	22	200.4478892088663
2	23	249.89980573928824
2	24	300.4054063354201
2	25	391.11913562626614
2	26	260.142852114581
2	27	494.0496268044895
2	28	153.23763859221395
2	29	212.1647498954958
2	30	265.13904994637704
2	31	314.62864504947834
2	32	460.62773978461837
2	33	462.3433912739215
2	34	183.1533848910868
2	35	231.36065981537814
2	36	458.7318941285874
2	37	127.35838459211891
2	38	834.3923054660215
2	39	533.7284994516846
2	40	706.2951926118786
2	41	334.8676965613286
2	42	179.88692848057275
2	43	256.43304488066997
2	44	346.12598150150416
2	45	237.18472396537348
2	46	392.2153293275764
2	47	112.11955585761444
2	48	46.85561076406253
2	49	112.51926627440025
2	50	49.865238610229746
2	51	47.23216340071835
2	52	146.50253251350566
2	53	148.70297180587087
2	54	268.7741894785112
2	55	167.03614433345908
2	56	278.53681226642107
2	57	55.446341379933195
2	58	274.31392100920567
2	59	109.97427550468777
2	60	231.6258206171264
2	61	166.36631320850805
2	62	105.01372302983064
2	63	103.54465299438802
2	64	186.71128800628887
2	65	102.93597025257807
2	68	149.7499761619054
2	69	174.76661419997077
2	70	138.42166198638319
2	71	134.41512671548003
2	72	405.47919963788064
2	73	130.3580923153425
2	74	451.85870008565064
2	75	404.143278723228
2	76	287.6912264816962
2	77	267.31861737985815
2	78	526.8163481196306
2	79	1556.094344198775
3	4	9102.054961581574
3	5	3682.9987266248
3	6	1489.7629813525214
3	7	1656.035857131715
3	8	1174.7974524312651
3	9	637.3826347808347
3	10	331.93572815520633
3	11	668.699007415988
3	12	412.8571613000252
3	13	369.6717325801824
3	14	145.4074655946455
3	15	118.05324618102355
3	16	288.8012104372698
3	17	456.47644653151804
3	18	658.2594731291405
3	19	361.25993707828906
3	20	349.9018970747087
3	21	264.3466975569549
3	22	49.063700838215595
3	23	265.06161050513043
3	24	308.82741837862744
3	25	430.8046621091037
3	26	305.6412386495208
3	27	226.74131651284452
3	28	300.06424858717565
3	29	311.58984587083444
3	30	116.81672249677268
3	31	231.03529466088168
3	32	295.96353941869177
3	33	127.31395009426554
3	34	134.4915566724566
3	35	169.89069194566179
3	36	384.9736052706136
3	37	140.28100607533764
3	38	459.5276253195234
3	39	167.96688923813448
3	40	259.32018668705115
3	41	393.43528653109445
3	42	198.13944239222562
3	43	150.6412973312733
3	44	211.80344771588116
3	45	304.79289169019955
3	46	192.00537015621754
3	47	123.49594529482957
3	48	172.0329666373575
3	49	41.312070988711426
3	50	73.23319269825461
3	51	104.0493002826218
3	52	107.57843031902073
3	53	109.19423723391556
3	54	118.41831640022914
3	55	286.1984734767829
3	56	286.34572761185615
3	57	81.42972370850858
3	58	120.85904808821923
3	59	242.26598130326212
3	60	127.564051841809
3	61	122.16462422780258
3	62	192.78184635586592
3	63	266.1189445727139
3	64	228.506940482496
3	65	151.1740433854536
3	66	37.419417363397564
3	68	36.65435470503647
3	69	171.11074423298882
3	70	101.64455769576793
3	71	246.75628630942876
3	72	297.7478619356607
3	73	335.0318624888486
3	74	142.20207522466123
3	75	356.12025651517774
3	76	211.25485020951174
3	77	719.7483992330172
3	78	193.42353618318506
3	79	519.3896778845406
4	5	8762.797233387237
4	6	2844.9498483060365
4	7	1774.1315665281486
4	8	1519.6415794362556
4	9	747.5255622285829
4	10	990.6190127319612
4	11	475.7420502842801
4	12	181.57535880724413
4	13	361.29405720844926
4	14	319.75238912487936
4	15	216.33350206584288
4	16	357.2305803627661
4	17	627.3725086981673
4	18	222.69519903562718
4	19	180.5486388691065
4	20	274.79913352312406
4	21	217.98783101190938
4	22	539.4577059083787
4	23	403.527449782004
4	24	291.0490318165163
4	25	368.4113679924365
4	26	252.04048810425365
4	27	498.6062948818242
4	28	206.20128578065507
4	29	256.9458793866109
4	30	428.135125379428
4	31	254.02439667687824
4	32	185.9504618103361
4	33	466.60762963679826
4	34	443.62230357922266
4	35	435.8564407529438
4	36	158.73011084561617
4	37	462.71888439147665
4	38	224.55679663719468
4	39	430.9209037249239
4	40	171.07426135735054
4	41	270.36497128921656
4	42	181.5460432335561
4	43	496.89245176197886
4	44	279.4546682527427
4	45	95.74892075831303
4	46	105.55540525581885
4	47	135.78437459785854
4	48	113.4906351587521
4	50	322.08096376272835
4	51	76.2684644287514
4	52	78.855327847481
4	53	120.05957909873328
4	54	217.00249611366058
4	55	404.5841641106725
4	56	224.8846276446045
4	57	179.06473092763446
4	58	88.59006245089222
4	59	221.97715802912586
4	60	187.00970259017407
4	61	268.64116160498895
4	62	211.9645497571466
4	63	167.19944874618608
4	64	150.74667559624675
4	65	124.66243054084356
4	66	123.42847789152286
4	67	244.34317660200998
4	68	80.60327192167068
4	69	188.1370707125824
4	70	111.75867082150802
4	71	217.04776094227773
4	72	392.8502150343168
4	73	210.4966364213033
4	74	469.0555581756419
4	75	326.2965854000319
4	76	154.85046977578133
4	77	143.88486568504052
4	78	425.34018150051213
4	79	456.85712136227204
5	6	7114.277326144306
5	7	2605.4659122772164
5	8	1894.5923442462304
5	9	1054.0105978864021
5	10	680.9748211736955
5	11	205.41121769479125
5	12	161.69756707066327
5	13	268.1181082400837
5	14	142.37389843577785
5	15	102.74698414207215
5	16	329.9054353266504
5	17	446.95319439771845
5	18	264.42113525330313
5	19	385.87979119848984
5	20	261.0301404519593
5	21	301.9703837205083
5	22	128.10695482897736
5	23	26.618641593056594
5	24	575.9704725005905
5	25	624.9140566929761
5	26	349.14225510958727
5	27	118.40582384176388
5	28	440.70622520497045
5	29	457.633941505828
5	30	305.0123479577997
5	31	402.16055931880555
5	32	275.98951630799905
5	33	277.0174653084375
5	34	117.05397596164325
5	35	295.7268316783056
5	36	439.7657635983435
5	37	488.3711637901075
5	38	466.60518891908123
5	39	438.5671346592224
5	40	203.1280898583451
5	41	449.43177100741156
5	42	215.56194772246658
5	43	294.99707843427666
5	44	165.90775407646709
5	45	341.0675906238278
5	46	250.6662039481223
5	47	53.742003474266646
5	48	179.67351919723984
5	49	53.933595729902066
5	50	143.41072649481606
5	51	135.8380919454639
5	52	46.81514330011791
5	53	237.59148783327223
5	54	257.66180242617105
5	55	266.88347631632814
5	56	640.8499021116971
5	57	159.4617878183493
5	58	315.56699453154846
5	59	210.8548451176015
5	60	277.56165195980145
5	61	159.48794862881846
5	62	201.3439252321673
5	64	298.31961106058685
5	65	49.34005694748181
5	66	146.55501505195153
5	67	145.06262467329944
5	68	143.55860897959317
5	69	279.2349028879005
5	70	132.6986605054546
5	71	257.71554843157105
5	72	699.6866139933678
5	73	374.90543000402715
5	74	123.76478276314121
5	75	309.94727830463756
5	76	275.79672029257944
5	77	427.1106841881302
5	78	252.51764328161013
5	79	271.2287449444336
6	7	8926.908156489295
6	8	1933.1799015670906
6	9	1404.8107821128137
6	10	1286.3234754212583
6	11	733.5820477871331
6	12	454.9748926452896
6	13	417.8296319117501
6	14	369.7874913394135
6	15	400.2968584061708
6	16	459.03366561443517
6	17	451.44975316882943
6	18	772.6281502705605
6	19	361.921785538876
6	20	762.7197969219158
6	21	392.15358953304496
6	22	457.506475614442
6	23	449.38760009438545
6	24	411.39096824761197
6	25	284.04044334367427
6	26	226.70665068534024
6	27	384.4190634613849
6	28	222.56996826798635
6	29	429.22095691657194
6	30	429.11270336845274
6	31	456.9822935683115
6	32	537.6203362736612
6	33	611.5724544822048
6	34	152.01204925102618
6	35	288.03405437075827
6	36	489.5155250204434
6	37	594.583883147817
6	38	432.8260309951504
6	39	237.31035307287445
6	40	307.75748057392286
6	41	250.13751359973918
6	42	195.95754181985748
6	43	287.32328428481475
6	44	287.2746238261139
6	45	221.46357250106294
6	46	122.07279705928954
6	47	69.7920084462234
6	48	58.333216844906424
6	49	210.12245871251773
6	50	186.24022157264432
6	51	147.00502163880375
6	52	273.5840123972803
6	53	185.12879372147503
6	54	301.15105831189305
6	55	103.97640185936982
6	56	346.7663318069052
6	57	414.1698382196386
6	58	204.90540846919643
6	59	136.91323527249276
6	60	288.3641681457136
6	61	103.55944641236918
6	62	294.1595125732298
6	63	290.04442253457887
6	64	193.70625831603004
6	65	64.07542422315291
6	66	63.441183103887944
6	67	94.1927288892201
6	68	124.28817935961237
6	69	108.78845283557968
6	70	172.32900591869128
6	71	209.17630263672416
6	72	201.9216541444976
6	73	405.72552264922655
6	74	40.181758240954856
6	75	503.1409713744491
6	76	119.387727709836
6	77	55.46669374282573
6	78	327.93182898678776
6	79	352.2309857146393
7	8	6598.773444026209
7	9	2418.8919073366496
7	10	1088.4582442590645
7	11	902.8956690190759
7	12	303.25335415130803
7	13	678.8315872181216
7	14	367.1429580625454
7	15	216.78225684711717
7	16	298.30967266717363
7	17	384.18961085226
7	18	1162.2768244918925
7	19	512.6156278202717
7	20	458.94861233470334
7	21	333.72780447766513
7	22	495.52867689625924
7	23	411.85274498147595
7	24	810.1465942353409
7	25	351.5957979731935
7	26	385.8606159071161
7	27	291.45700887494513
7	28	482.13438616166377
7	29	321.8485988594339
7	30	715.0387236140925
7	31	282.83481794943634
7	32	194.1001990178893
7	33	311.71702964423423
7	34	452.7748076687517
7	35	363.9671386443324
7	36	309.2821183121823
7	37	214.66607988034718
7	38	187.51884128174362
7	39	102.8130455325722
7	40	380.9536265005898
7	41	135.4629035465897
7	42	242.563514807838
7	43	172.88999596724136
7	44	194.4683051469948
7	45	159.91256504771854
7	46	132.21795720066052
7	47	75.59224502088752
7	48	252.72456940363864
7	49	75.8617342061769
7	50	168.09847783541272
7	51	286.6000241625196
7	52	296.3208848598742
7	53	267.3525034736717
7	54	144.96842575546296
7	55	300.31364414451326
7	56	150.23408039125096
7	57	224.2952208137406
7	58	221.9345765789709
7	59	222.43761981635708
7	60	234.24703636209884
7	61	224.33201799782535
7	62	106.2021208669567
7	63	244.3383272399973
7	64	293.7265708979009
7	65	104.1008550017444
7	66	103.07042806984003
7	67	68.01389824706837
7	68	201.9261814464998
7	69	117.829584866108
7	70	93.3254159725832
7	71	271.8724966970204
7	72	109.3514250050195
7	73	219.72217021781105
7	74	174.08464848297055
7	75	435.96459176257224
7	76	452.58408494848914
7	77	240.3055591751264
7	78	266.3890578462618
7	79	381.5040083938221
8	9	8762.192781988777
8	10	1558.8466391687746
8	11	470.215015878564
8	12	308.4569614427025
8	13	245.50394460105122
8	14	162.9568863496638
8	15	58.80055544437786
8	16	323.65701330678087
8	17	682.0922627278926
8	18	529.6348514638521
8	19	539.8145069411642
8	20	746.9181394694715
8	21	296.2510526851787
8	22	146.62737136529194
8	23	304.6689737739257
8	24	1120.7054450338285
8	25	429.15471178487184
8	26	799.2354695748201
8	27	474.33311911933697
8	28	168.13970126860625
8	29	290.9966995942225
8	30	116.36932299971124
8	31	517.8385043828281
8	32	315.88930791965606
8	33	380.4790409514704
8	34	200.96469578124987
8	35	676.9600921208993
8	36	431.43658260703404
8	37	279.4874801791571
8	38	228.88383407424968
8	39	585.6325592119077
8	40	774.9810280569532
8	41	146.97317181756384
8	42	690.8320399056072
8	43	56.27413207061215
8	44	189.89303041218707
8	45	390.37571643029486
8	46	430.35750819418774
8	47	184.53444729498014
8	48	154.23668366998444
8	49	61.73077317083399
8	50	54.71453619775237
8	51	103.65079907816181
8	52	107.16641280482685
8	53	271.9400782437565
8	54	412.8767402050969
8	55	122.18672325897109
8	56	183.37438570721534
8	57	60.83839037005895
8	58	240.7923335600208
8	59	120.6690601634547
8	60	508.301963439918
8	61	182.54511398780613
8	62	115.2261035966984
8	63	56.807084677049104
8	64	68.28953268762874
8	65	112.94629339806335
8	66	167.7424668017144
8	68	164.31287044202085
8	69	191.7623279324137
8	70	151.88289971911001
8	71	442.4602100284063
8	72	444.9112641260111
8	73	500.6230724659747
8	74	212.486177527002
8	75	354.7563419980363
8	76	315.66863939320154
8	77	97.77161121055889
8	78	433.53616094267477
8	79	155.22013603009253
9	10	6186.76967196793
9	11	1337.2208030114566
9	12	796.5971712577609
9	13	528.3496355729225
9	14	367.3999067414449
9	15	289.24529877636996
9	16	895.5553430442177
9	17	803.867751404109
9	18	1256.1374760225794
9	19	754.3740985369194
9	20	964.4666054538268
9	21	759.0031073327834
9	22	586.0346553540037
9	23	430.8746653552587
9	24	1013.3919793112897
9	25	483.7825654973887
9	26	421.23345199249815
9	27	416.65855426248794
9	28	344.6227233885881
9	29	357.859830918979
9	30	286.215660252523
9	31	247.6536673900603
9	32	427.31929237260175
9	33	194.95949245726422
9	34	288.33107332644727
9	35	260.1584747815589
9	36	132.64224535820196
9	37	214.81631608784758
9	38	93.8250391111135
9	39	411.54000109173796
9	40	381.22024071421384
9	41	316.3013201070736
9	42	333.758253557816
9	43	276.81759162194135
9	44	272.44616803518153
9	45	360.05508328296395
9	46	264.6209825263306
9	47	378.225745055953
9	48	158.06340076654635
9	49	75.91482680118726
9	50	168.21612323989717
9	51	159.33366892326987
9	52	263.5806826675797
9	53	334.4245160034686
9	54	362.67470840294385
9	55	375.654777072836
9	56	187.92402902267207
9	57	336.6782941080475
9	58	185.07491643061206
9	59	111.29664750698616
9	60	351.6164647473656
9	61	56.12225475224864
9	62	177.12741247609802
9	63	209.57942560045998
9	64	293.9321383824256
9	65	416.69484411388413
9	66	68.7617086279671
9	67	102.09224768314145
9	68	134.71166767226362
9	69	157.2160654427019
9	70	233.47682675077007
9	71	272.06276938868274
9	72	54.71397784789337
9	73	131.9255669884854
9	74	566.1710709491826
9	75	163.60113973184409
9	76	452.90083045637607
9	77	360.7106091437757
9	78	177.7169952655244
9	79	381.77100779773065
10	11	6977.414055532478
10	12	2497.5746012439054
10	13	2063.6519348758598
10	14	1080.9145103732387
10	15	1049.0511455331073
10	16	1258.503925828883
10	17	1092.0984589703735
10	18	571.1012176631256
10	19	505.10888891471575
10	20	768.7872136727718
10	21	711.4916906077761
10	22	1257.6707129752426
10	23	1254.3576012577068
10	24	904.720522965585
10	25	196.31998485104128
10	26	391.73159378508836
10	27	185.9890115602788
10	28	230.75023551733725
10	29	439.2913280174788
10	30	359.32952833149716
10	31	552.7410914278001
10	32	390.16590659383576
10	33	43.51323514838583
10	34	137.89917114254982
10	35	406.45550121381143
10	36	98.68192173555407
10	37	143.83530790668405
10	38	366.46608697192727
10	39	114.81511245468786
10	40	53.178117183618305
10	41	201.70188097012593
10	42	270.87960565513214
10	43	154.45809800843293
10	44	173.73593172863335
10	46	49.21755323262487
10	47	253.24992760843463
10	48	352.7835366834434
10	49	296.51156860202565
10	50	262.8104609743169
10	51	497.86612807305494
10	52	514.7526837915052
10	53	410.5232749356192
10	54	242.83736590926205
10	55	125.76423781700075
10	56	335.54385526267527
10	57	417.46454883847196
10	58	247.8425109917137
10	59	248.40427789173032
10	60	217.99357337368195
10	61	187.88986655478047
10	62	276.7329078060126
10	63	467.7627497627731
10	64	468.59324811889036
10	65	465.0130267707262
10	66	383.67513669402234
10	67	265.83768308231936
10	68	263.08146625365833
10	69	131.58463468145567
10	70	260.54981822267916
10	71	202.40668305538426
10	72	122.116761486791
10	73	196.29746829630707
10	74	145.8050512121649
10	75	60.857213413671204
10	76	72.2024724438861
10	78	99.1621555250565
11	12	7619.947657028061
11	13	3144.189225036382
11	14	2195.217187650339
11	15	2644.0898091346594
11	16	1350.9962101593856
11	17	841.2070573373651
11	18	516.8058769525956
11	19	474.8631513105677
11	20	892.8119282397089
11	21	1096.0766888004398
11	22	1836.138395360938
11	23	1543.4263798871816
11	24	600.385542513348
11	25	284.98917045831257
11	26	292.4535554568475
11	27	308.56245319027386
11	28	223.31337706327722
11	29	331.2727717845338
11	30	364.3081438553745
11	31	262.00495198111616
11	32	143.84427968779661
11	33	72.19002064151317
11	34	114.38983997949799
11	35	96.33204019887454
11	36	204.64606753383708
11	37	318.17059219960504
11	38	130.28151562574186
11	39	142.8617978494939
11	40	88.22440721934282
11	41	83.65766703516181
11	42	140.43718722105834
11	43	32.031441828714726
11	44	252.20488428477282
11	45	37.03388096828561
11	46	81.65368931249807
11	47	420.1507297531479
11	48	731.6007045993158
11	49	562.1981104588592
11	50	467.15571229182683
11	51	324.49127697842835
11	52	213.4982996636694
11	53	278.62071715678917
11	54	167.8649648945819
11	55	173.87282461326916
11	56	34.79245704631898
11	57	346.2943434908817
11	58	205.5898156425635
11	59	103.02790568945684
11	60	253.16141986521487
11	61	77.92900998205795
11	62	196.76135901354385
11	63	194.00880241122576
11	64	194.35325906485352
11	65	353.59193851540334
11	66	413.74504476697933
11	67	189.0146864533924
11	68	218.23080281765363
11	70	389.03535952559315
11	71	335.7999601252459
11	72	202.59609524191436
11	73	40.70806916522983
11	74	120.94790953544558
11	75	50.482151896270516
11	76	59.89324809242303
11	77	166.95587626625797
11	79	88.35186923281869
12	13	7186.878485539872
12	14	3342.5232385964305
12	15	3829.073245246867
12	16	1772.4835312896769
12	17	679.1686332353441
12	18	135.60806446142794
12	19	322.50043073082
12	20	356.98399150406215
12	21	737.4531040054887
12	22	2540.380639296654
12	23	2275.223109257723
12	24	748.3106204151302
12	25	170.92609605848304
12	26	102.31839424690779
12	27	80.96571441744862
12	28	167.419009631479
12	29	347.69929208520665
12	30	312.8504391585022
12	31	171.87297011295178
12	32	75.488477287961
12	33	75.76964124596509
12	34	160.08264596516375
12	35	50.55438453610343
12	36	42.95873302609805
12	37	417.4342833633486
12	38	182.32222149675644
12	39	49.98191843608278
12	41	43.90296167254104
12	42	58.96036709103217
12	43	67.23951134478688
12	44	37.81581964005141
12	45	77.74049238321308
12	46	257.10772862944776
12	47	293.98957344084533
12	48	645.0174531237492
12	49	885.1129718502533
12	50	751.8242082692202
12	51	588.2771873032863
12	52	512.1939309897126
12	53	259.9434916665346
12	54	105.71323893359428
12	55	145.9955980208607
12	56	146.07071531708476
12	57	109.03971742344616
12	58	107.89210500726215
12	59	180.22776054645254
12	60	151.83697366673576
12	61	54.52880307206213
12	62	103.25899238593328
12	63	203.62893965990384
12	64	40.79809531418739
12	65	539.818442104893
12	66	501.0704334526099
12	67	429.8389009122807
12	68	458.10402854501683
12	69	343.6926901422934
12	70	181.4782668869535
12	71	220.28185373647662
12	72	159.48153205145815
12	74	169.26032404503363
12	75	211.9414569777884
12	76	62.86311987018364
12	77	116.82304318690048
12	78	86.33558184869716
12	79	92.73289265873208
13	14	6166.581692795256
13	15	4683.234298413879
13	16	2116.1057443972054
13	17	878.4051713705693
13	18	584.6305776079377
13	19	583.3665468688685
13	20	887.8971484363402
13	21	792.3773901733792
13	22	2396.6653747269197
13	23	1611.6765805721652
13	24	509.3843193745693
13	25	212.56526468352303
13	26	101.79527670319176
13	28	133.25044464388307
13	29	311.32946638818544
13	30	484.16813850049664
13	31	341.9884895423111
13	32	150.20506312652225
13	33	150.76451605997875
13	35	150.88775386741563
13	36	42.73910030934989
13	37	373.77008136041326
13	38	45.347518212649845
13	39	149.17913601379186
13	40	276.3770519990792
13	41	87.35700290138203
13	42	146.64730928219126
13	43	66.89573964787702
13	45	77.34303290662433
13	46	127.89661414743495
13	47	292.48650935673385
13	48	611.161627038667
13	49	807.2053954787322
13	50	520.3341903304986
13	51	308.03659755812316
13	52	350.3329951447483
13	53	258.61449308454553
13	54	175.2879412615338
13	55	181.561468093879
13	56	145.323907723319
13	57	36.16074538195099
13	58	214.6809821272384
13	59	251.02884818746128
13	60	151.06068524572947
13	61	244.1250751677018
13	62	171.2184431643468
13	63	303.8817860174329
13	64	162.35803667712105
13	65	234.96311233677525
13	66	365.5730016495512
13	67	460.5367712115372
13	68	358.0986401502553
13	69	151.9713385366361
13	70	361.1008661608551
13	72	211.554879631271
13	73	42.508176981339716
13	74	168.394956232973
13	76	312.7086155285635
13	77	116.22576853407622
13	79	184.5175647480081
14	15	11784.71388782897
14	16	3376.706952508301
14	17	777.4059566182606
14	18	636.8118505487726
14	19	335.58910863200725
14	20	667.9355625087104
14	21	831.1344214870049
14	22	2159.6616634393263
14	23	1714.8441106486925
14	24	554.8494784324848
14	25	112.87467901214897
14	26	240.24222395743158
14	27	142.57981254825546
14	28	58.96463998871742
14	29	214.30324040091648
14	30	306.07027302167774
14	31	211.86660583426914
14	32	132.93445279538204
14	33	100.07218478303909
14	34	176.1899606068235
14	35	133.53864760865986
14	36	151.29979760548196
14	37	220.5292782311387
14	38	160.53380342177815
14	39	88.01765800121295
14	40	40.76652656037205
14	42	77.87146215007047
14	43	59.204053174573936
14	44	99.8899197227709
14	45	102.67517162504214
14	46	150.92137874429415
14	47	226.49930437957644
14	48	540.8901322553006
14	49	746.865143763904
14	50	863.44885063955
14	51	436.18957374663745
14	52	366.42465638311876
14	53	200.26907536676683
14	54	62.05331849194251
14	55	96.41129496196405
14	56	96.4609002644608
14	57	320.0297513256057
14	58	94.99845840955692
14	59	412.5930667008034
14	60	66.8458476500273
14	61	120.0308454083721
14	62	121.22536791643299
14	63	209.1766391336518
14	64	251.45763097709175
14	65	297.0671476469582
14	66	147.0633361894349
14	67	436.69730851493983
14	68	403.3583041136791
14	69	134.49764148051725
14	70	199.7383820152815
14	71	77.5828278414115
14	72	46.80756356443043
14	73	112.8617330612311
14	74	111.77465107223067
14	76	166.05198716108106
14	78	76.01804766869913
15	16	4853.258936926796
15	17	938.6473950400956
15	18	560.0985800672977
15	19	558.887590000698
15	20	382.7878287753971
15	21	815.3597220666962
15	22	2588.3282174205506
15	23	2064.5138242963317
15	24	225.23527868008003
15	25	203.64569949112797
15	26	97.52379044609413
15	27	192.92922412150236
15	28	31.914762799331946
15	29	331.40622611557154
15	30	165.66132117965432
15	31	131.0552507710008
15	32	107.9266708734778
15	33	144.4382052598629
15	34	114.43592230461557
15	37	238.72407620571875
15	38	86.8893333099458
15	39	238.19891699490867
15	40	44.12997435669545
15	41	83.69136880283263
15	42	140.49376280610423
15	43	64.0886916018518
15	44	108.13135108114102
15	46	163.3731675422395
15	47	245.1866601702661
15	48	439.1372594167523
15	49	878.7884278528716
15	50	841.2190335262247
15	51	354.1330902129483
15	52	579.7288364325058
15	53	123.88131574826417
15	54	33.586517970103586
15	55	69.5771479421399
15	57	103.93015479351942
15	58	205.67263817931155
15	59	240.49529191751498
15	60	72.36097336570225
15	61	155.92080788260125
15	62	164.03385414779916
15	65	225.10369903415418
15	66	382.0723599930236
15	67	472.7270791114056
15	68	218.31871781786631
15	69	291.18877522132834
15	70	389.19208370601996
15	72	101.33885587425212
15	74	40.33221126685321
15	76	119.83475257075308
15	78	82.28992698943182
15	79	88.38746207536012
16	17	4453.9781647621785
16	18	1778.631487145156
16	19	4383.721185508578
16	20	1716.8036607049398
16	21	3353.1034429696174
16	22	1723.4254997266112
16	23	1066.3455965121366
16	24	792.0732455891143
16	25	149.4574518272295
16	26	298.2233614767324
16	27	35.39813299796739
16	28	292.7817243119843
16	29	425.63863537355115
16	30	455.9263771291068
16	31	390.7420313976079
16	33	463.7698067957649
16	35	132.61397175200258
16	36	150.2521363293775
16	37	328.50336585186324
16	38	119.56665160301854
16	39	43.70409398654619
16	40	121.45272769754759
16	41	230.33199484067418
16	42	103.10966467295478
16	43	58.79410025407407
16	44	33.0660804434823
16	45	135.95227602242463
16	46	149.87633779414728
16	47	192.79794099671477
16	48	456.5730708202209
16	49	322.475454798075
16	50	457.31732264185587
16	51	622.6807536085153
16	52	335.89604600620237
16	53	198.8823309138095
16	54	92.43545415096925
16	55	191.4874079618996
16	56	159.65494299362638
16	57	158.90686764504167
16	58	283.02195144872326
16	59	252.1452951744435
16	60	165.95744959874318
16	61	262.23934673807315
16	62	210.67541987031112
16	63	178.05275579123312
16	64	178.3688829754988
16	65	147.50506700483817
16	66	262.88101780843
16	67	202.3809381570831
16	68	286.118062371322
16	69	233.74106903109256
16	70	39.671062459745244
16	71	269.65964486051723
16	72	185.93379590017355
16	73	74.72015504168577
16	74	111.00067797093298
16	76	109.93478382016833
16	77	204.29969152799828
16	78	75.4916678183097
16	79	243.256392504278
17	18	6413.901540015727
17	19	4024.956468083721
17	20	2672.4489391556986
17	21	4647.590068826313
17	22	1210.6799795552902
17	23	586.9746247549105
17	24	1124.9346841927954
17	25	354.3465403845819
17	26	597.0674112188648
17	27	223.79980943165566
17	28	401.0656077201066
17	29	288.32587670499623
17	30	352.30941559808645
17	31	253.37564661446692
17	32	243.43667907296086
17	33	314.15577680428913
17	34	331.8670061589486
17	35	465.7964055740414
17	36	158.3247317927978
17	37	346.15286386020233
17	38	209.9843470767956
17	39	184.20873413735964
17	40	383.93405261269953
17	41	161.80469352975913
17	42	135.81179611985831
17	43	154.88232615407256
17	44	104.52786453918435
17	45	286.5131659850116
17	46	394.82185683082315
17	47	507.8909865147169
17	48	198.10138721861733
17	49	203.88065476317573
17	50	180.7078526975547
17	51	256.74868097350895
17	52	294.9522754073216
17	53	449.07360106483833
17	54	422.07417694371304
17	55	302.6631758580006
17	56	302.81890137127107
17	57	368.37780275231
17	58	298.22786982784595
17	59	166.0576897880026
17	60	524.621532950551
17	61	125.603944664198
17	62	190.28089428016304
17	63	156.3491624494999
17	64	150.36168534932276
17	65	248.6881131106125
17	66	123.11325528384036
17	67	30.464893912393663
17	68	241.19226038402735
17	69	175.92805270708484
17	70	292.61728545902247
17	71	243.55512573283013
17	72	342.866054360207
17	73	157.46928856382777
17	74	38.98813686979515
17	75	146.4584670918262
17	76	57.9206245855694
17	77	53.81902490160693
17	78	159.09521624003597
17	79	170.88388465326202
18	19	5429.608355862406
18	20	2626.9628730685718
18	21	2315.412196648252
18	22	859.4977155636993
18	23	491.1233710594099
18	24	1159.2937464026534
18	25	628.9028626919222
18	26	292.8090155937129
18	27	645.4586902038474
18	28	533.8657502102967
18	29	639.6597277735846
18	30	298.43258647774167
18	31	548.0685397207737
18	32	601.7941548017717
18	33	418.17848810303855
18	34	147.2514095804631
18	35	310.0150483117312
18	36	368.81064507826903
18	37	409.5736841387285
18	38	503.1251942027711
18	39	796.911725901525
18	40	397.4923746437707
18	41	430.7623612498624
18	42	253.0941846874837
18	43	329.86670571569744
18	44	463.79649402262737
18	45	286.0371782559991
18	46	578.1100373928344
18	47	450.70864104932565
18	48	263.69637203839886
18	49	45.23154342388347
18	50	240.54352079123777
18	51	417.71015625340414
18	52	353.35472122259154
18	53	518.0673908249294
18	54	475.395157030828
18	55	492.4094721750161
18	56	358.3002367172763
18	57	178.31069688676118
18	58	220.54253357189813
18	59	353.66787450388057
18	60	279.33331891233206
18	61	66.8774812467302
18	62	168.85758077176993
18	63	124.87153418166682
18	64	200.1491835917309
18	65	82.7583215305478
18	66	204.84787628190173
18	67	121.65712888775667
18	68	240.7915648143107
18	69	140.50862507320784
18	70	389.50820917834073
18	71	486.30100941363503
18	72	260.7972928820997
18	73	419.22048790021535
18	74	51.89782055264328
18	76	385.4960024221715
18	77	214.91845886272898
18	78	211.77454595441301
18	79	341.19998644809016
19	20	7063.811886957487
19	21	5185.7785571887725
19	22	871.0400096607391
19	23	521.2472450119192
19	24	971.2192831141905
19	25	917.7817995004389
19	26	352.698090230719
19	27	418.6410428845683
19	28	346.2624608211666
19	29	359.56255137398625
19	30	331.82018430332636
19	31	218.75342392885315
19	32	240.19720586466653
19	33	391.77424491871636
19	34	222.84843954647351
19	35	241.28891612408756
19	36	341.7265790444197
19	37	298.8532054440703
19	38	253.80778978403723
19	39	397.59436086868175
19	40	294.6416242501503
19	41	244.4663865019695
19	42	164.1555300651774
19	43	267.43721904593065
19	44	180.48955035296092
19	45	154.60181576587087
19	46	306.78469205683626
19	47	233.86176483751282
19	48	73.299450809493
19	49	117.34774539497168
19	50	182.01777627823202
19	51	221.66555390238926
19	52	280.1137485128813
19	53	232.62627440703122
19	54	168.18477155057656
19	55	319.37414134510306
19	56	290.4895135847809
19	57	202.38988205039433
19	58	171.65124459156755
19	59	172.0403141953748
19	60	211.36977367587033
19	61	151.8173141339804
19	62	383.32042274970036
19	63	215.97601866624677
19	64	129.81568646147525
19	65	134.19150814277162
19	66	106.290586661415
19	67	210.4164292665647
19	68	78.08805841612738
19	69	394.9102743830719
19	70	180.45209595832716
19	71	385.50383077134916
19	72	169.1517247047265
19	73	67.97603972056545
19	74	67.32129584538751
19	75	210.7430315935697
19	76	200.02451085553673
19	77	278.7899182983245
19	79	295.06730707267553
20	21	5857.154530899742
20	22	1378.7724076735851
20	23	815.3876629993858
20	24	1287.4800469429172
20	25	672.5741468805487
20	26	701.9882088979479
20	27	392.11149906570927
20	28	364.85954196739243
20	29	336.7768483846899
20	30	462.9513763973392
20	31	374.5661456845457
20	32	228.49100545631006
20	33	504.5524918947348
20	34	678.3607838640072
20	35	306.0393471394454
20	36	104.02312464000661
20	37	353.781068480956
20	38	331.115337361289
20	39	181.54429722349974
20	40	392.3948449965745
20	41	372.0833987291469
20	42	178.46317799354517
20	43	162.81821126108767
20	44	183.13946630554886
20	45	611.7994448878461
20	46	259.40737595855427
20	47	400.4357888663835
20	48	223.12686150786067
20	49	312.56038913133176
20	50	435.34101924360857
20	51	149.94667248277239
20	52	465.09763006886294
20	53	629.444406951182
20	54	426.63507724213224
20	55	353.5234216658582
20	56	265.2789867508374
20	57	88.01200064380694
20	58	304.7999466533522
20	59	261.8492699147804
20	60	413.6266304801969
20	61	264.0793188658296
20	62	250.03817101956696
20	63	451.99056525275654
20	64	345.76924626187497
20	65	245.09103183369595
20	66	161.7766896455336
20	67	80.06464740432084
20	68	198.0863340176675
20	69	138.7067115581642
20	70	439.443508828934
20	71	160.02152609975974
20	72	193.089578273753
20	73	51.730539018646816
20	74	102.46454297225166
20	75	256.60454862799736
20	76	228.33139013468283
20	77	70.72076575718091
20	78	104.52935129695842
21	22	4592.256910957474
21	23	1252.8425894175975
21	24	977.1789026326005
21	25	444.6065070416492
21	26	272.97101913694
21	27	388.8091553452891
21	28	401.9852365406408
21	29	528.7391730782468
21	30	417.3203842920775
21	31	385.1675520680315
21	32	211.46222110462656
21	33	181.92842751789783
21	34	160.15420542248677
21	35	283.2311055845535
21	36	309.4411410328038
21	37	300.687035792447
21	38	109.44223343620871
21	39	160.0136356439653
21	40	185.28100711937597
21	41	105.41420876648631
21	42	165.16282524355796
21	43	161.4469643101334
21	44	121.06471649741131
21	45	124.44038976712844
21	46	102.88906392911629
21	47	264.7088922583431
21	48	319.58000833310115
21	49	265.65258937560475
21	50	209.2967750956422
21	51	470.8321251573305
21	52	256.21144486120113
21	53	468.10744288289845
21	54	225.6223880788056
21	55	58.42434413858936
21	56	116.90880897704714
21	57	116.36102388259108
21	58	115.13635677116632
21	59	144.24666014914627
21	60	121.5238777432148
21	61	87.28508528571717
21	62	137.7402010366948
21	63	325.95194399125313
21	64	293.8775954662722
21	65	324.03584965678607
21	66	240.6213215074429
21	67	79.39034688976507
21	68	130.94537378333425
21	69	336.20529670298583
21	70	217.87126862749292
21	71	211.56511025787074
21	72	212.73709706855936
21	73	205.1794678740197
21	74	101.60159164117292
21	75	84.81447925529265
21	76	100.62595307555016
21	77	140.25031790671224
21	79	148.43895314943654
22	23	7354.5037826477865
22	24	1357.3341859691184
22	25	152.34567112911765
22	26	324.25219865659415
22	27	240.54794022703058
22	28	159.16780859241402
22	29	454.524160229557
22	30	537.0294386084877
22	31	245.10338523712304
22	32	179.42011976941856
22	33	90.04419346927943
22	34	95.12063477751373
22	36	153.15571266492267
22	37	148.82292995104163
22	38	216.6706495667487
22	39	178.19464865939506
22	40	220.08846989587116
22	41	156.52205987951012
22	42	140.1363029852636
22	43	159.8140751031263
22	44	44.940096374674326
22	45	92.38634130294047
22	46	101.84843462569891
22	47	436.71933761247874
22	48	949.0432416262834
22	49	569.7591359345298
22	50	1010.0021517896301
22	51	699.1051296540414
22	52	570.645223025148
22	53	347.52972138351515
22	54	83.75265856061792
22	55	43.37507627619133
22	57	86.38810346780498
22	58	170.95778585945766
22	59	128.5089627374523
22	60	90.22108068490765
22	61	194.40512107732107
22	62	368.1371272826356
22	63	40.331904566630634
22	64	242.42107572631696
22	65	641.5170435001436
22	66	516.0732539883732
22	67	353.6432358163895
22	68	427.74923539631186
22	69	453.8248444194342
22	70	323.50154835084277
22	74	201.14796789796827
22	76	74.70615981007772
22	78	205.2013895652668
22	79	220.40644221668276
23	24	3228.791892478732
23	25	527.5845254293171
23	26	538.996689031479
23	27	359.8713886462256
23	28	463.01648478408725
23	29	686.8587825479595
23	30	703.8526890836974
23	31	322.5483589048162
23	32	391.4475886636766
23	33	392.905572151143
23	34	237.17514059766188
23	35	224.7009946872288
23	36	360.6650369602434
23	37	494.76960728663255
23	38	225.1040301550518
23	39	296.20871046817894
23	40	297.2513451280539
23	41	173.45525568261186
23	42	262.06338488836116
23	43	166.0344511504005
23	44	354.83853445725583
23	45	95.98225601924602
23	46	190.46274915928353
23	47	598.9072066037537
23	48	697.7721972743709
23	49	947.0970099400517
23	50	1033.1707479258475
23	51	810.4158641455166
23	52	727.2369473740371
23	53	369.07995181441544
23	54	191.42756176235892
23	55	198.27872298042982
23	56	162.31151525039343
23	57	233.35143336691686
23	58	213.13428464980674
23	59	338.22751974987733
23	60	206.2119793197584
23	61	255.8310351589744
23	62	339.96975457339806
23	63	234.64966744511187
23	64	221.6339218056444
23	65	399.8919249851115
23	66	478.41983173701885
23	67	587.8527084569888
23	68	614.077704837867
23	69	358.3315472924396
23	70	425.71787991742275
23	71	152.30368672484437
23	72	157.52302842897942
23	73	126.60576362533394
23	74	83.59086626983635
23	75	157.00404173766339
23	76	186.27339901494392
23	77	230.7768092816206
23	78	85.27534278763183
23	79	137.39113769489327
24	25	4977.289122692489
24	26	1239.16565243191
24	27	1341.0681224428126
24	28	1359.6788736948113
24	29	1300.4385634349378
24	30	965.7964313334232
24	31	734.658592097318
24	32	524.3388178617245
24	33	607.2597314701844
24	34	598.7289905059266
24	35	378.1593618278455
24	36	459.0600008613497
24	37	669.1097559741321
24	38	438.3692786973458
24	39	320.46614838078443
24	40	346.33218047526077
24	41	422.23508430455183
24	42	346.5300148198817
24	43	395.18934518870367
24	44	242.4614830142457
24	45	332.29611756677104
24	46	686.8677554712236
24	47	667.5885069267747
24	48	459.513416292931
24	49	275.86937616113494
24	50	174.6531660502198
24	51	496.29243380244014
24	52	547.333987383827
24	53	381.9439500794629
24	54	489.5189016581639
24	55	351.026794605675
24	56	273.1613142604749
24	57	466.08239348138056
24	58	345.8827553466977
24	59	308.14821605257595
24	60	324.5080864926404
24	61	233.07942876268655
24	62	220.68655099688885
24	63	217.5992973509763
24	64	348.77702112293287
24	65	360.5335822332926
24	66	285.57191507190316
24	67	141.33194800132213
24	68	244.76657122395176
24	69	285.65630538663163
24	70	339.37563586885
24	71	470.7894336854544
24	72	227.2307618148627
24	73	45.6579657045314
24	74	135.65456723555116
24	75	283.1026387686753
24	76	134.35193186084885
24	77	499.3516570744647
24	78	184.5176032251706
24	79	198.19002463564792
25	26	9134.45212575013
25	27	2863.1167296125545
25	28	1397.5756583685827
25	29	564.377777655558
25	30	564.2354362905189
25	31	836.9411769262703
25	32	743.9395604428919
25	33	966.3311492951339
25	34	696.0069634957852
25	35	703.3607613912858
25	36	796.9104281631045
25	37	580.7743444440335
25	38	792.7001393353922
25	39	811.2954122151341
25	40	590.4832279208674
25	41	559.918177159722
25	42	444.33609954967255
25	43	350.81255312241404
25	44	350.75314025653597
25	45	450.66658094496177
25	46	645.8702737659886
25	47	724.317412066995
25	48	213.6689838849228
25	49	171.0352072411634
25	50	113.69668105147126
25	51	107.69306168407206
25	52	111.34578032483842
25	53	188.3636201626836
25	54	449.40600656841275
25	55	465.4901742557797
25	56	381.0515540040195
25	57	294.98475069540706
25	58	375.2744387176827
25	59	417.91671828605985
25	60	572.1355884906397
25	61	347.71763516248615
25	62	199.53298306455898
25	63	196.7416533407347
25	64	283.8109854053115
25	65	78.23404643336823
25	66	77.45965828415032
25	67	38.33543783204058
25	68	37.93797432099258
25	69	88.55148416874312
25	70	315.6123181620901
25	71	357.55661831825984
25	72	739.6196712437081
25	73	346.76453311207155
25	74	490.60643423119865
25	75	61.43190559293309
25	76	145.76860233803438
25	77	677.2306147625413
25	78	400.39428918305106
25	79	430.0627834425313
26	27	7230.204940828677
26	28	2788.684710340444
26	29	900.9153357700488
26	30	1093.6927128670218
26	31	731.6233465420296
26	32	558.8468328874
26	33	806.3344465716619
26	34	777.7243549074481
26	35	748.5157656260957
26	36	556.5467383663633
26	37	579.4307180477289
26	38	843.5906355265945
26	39	555.0298103064774
26	40	599.8283606660617
26	41	487.5253541971238
26	42	381.92699930724586
26	43	466.6679270539893
26	44	769.8716737289272
26	45	395.66908477230743
26	46	713.7703909465806
26	47	374.07334932528244
26	48	142.11643924628177
26	50	90.74691424858014
26	51	200.56197068675903
26	52	59.247029820246475
26	53	240.5476343319732
26	54	391.30149987625947
26	55	439.0816264733322
26	56	304.13599038864373
26	57	369.9800354929076
26	58	199.68332698929382
26	59	166.77994575841817
26	60	421.52266924051827
26	61	327.99064995239115
26	62	254.811343113536
26	63	125.62335350319017
26	64	339.78526352569685
26	65	218.54854364025033
26	66	123.6487275271286
26	67	214.18179143116365
26	68	90.84049078565606
26	69	141.3545912885106
26	70	209.9214309158598
26	71	774.6124288738753
26	72	344.3573255872765
26	73	355.84692727777514
26	74	274.1039907556995
26	75	245.15912942282998
26	76	290.8627308680315
26	77	378.37174813909877
26	78	159.78718943284983
26	79	171.62713181089845
27	28	9341.773178714138
27	29	1642.2266648641532
27	30	1030.9055106398082
27	31	1057.1982765715356
27	32	870.6243341818947
27	33	1498.0578114533328
27	34	703.3396205854049
27	35	832.9346403581121
27	36	707.7885958196083
27	37	641.9142065555517
27	38	951.248644510602
27	39	439.2014304488096
27	40	355.98827639928305
27	41	337.5613351687444
27	42	518.0969113717305
27	43	332.35169637855165
27	44	456.9061887555043
27	45	298.86576447035105
27	46	376.54311041136236
27	47	403.6479754591624
27	48	168.68754321355894
27	49	121.5260986838654
27	50	35.90453504180611
27	51	238.06046842047067
27	52	140.64855489037774
27	53	214.14160288122207
27	54	387.05168463726227
27	55	360.81378118013384
27	56	601.6657103331935
27	57	119.76931199968357
27	58	237.01754722520633
27	59	277.147240946089
27	60	83.38892608074902
27	61	209.6306817231341
27	62	264.6461044242456
27	63	335.49928295734463
27	64	224.06330106772
27	65	148.2342511136727
27	66	73.38348814062273
27	67	108.95432060363588
27	68	71.8831182665693
27	69	209.72906840402229
27	70	199.33587211655535
27	71	677.4817354268689
27	72	467.13237639288457
27	73	234.65478276880395
27	74	139.4367555149097
27	75	232.79666424540886
27	76	345.2445033293257
27	77	256.6370463684973
27	79	203.71576551955877
28	29	5243.68191806217
28	30	2400.1163574555417
28	31	2061.1327225877358
28	32	1337.333492966101
28	33	757.2030613082004
28	34	618.098413792505
28	35	1010.4293514872086
28	36	780.5593044290295
28	37	720.5533808120662
28	38	496.91865786756193
28	39	590.3107862170249
28	40	588.8833820980352
28	41	438.74375584053604
28	42	508.8716180551969
28	43	366.5221656342816
28	44	584.0457719786999
28	45	388.4493700391547
28	46	389.3035161993108
28	47	267.0892281843637
28	48	223.2372188661414
28	49	67.01035282209308
28	50	59.39404589931262
28	51	225.03125296351016
28	52	145.41489527549078
28	53	442.7969954098548
28	54	256.1076532085396
28	55	198.95527826373257
28	56	331.7627404074261
28	57	429.27071319087753
28	58	130.693156750673
28	59	98.24204218882088
28	60	344.8593400086858
28	61	123.84840519917887
28	62	187.6213789262381
28	63	246.66224584415963
28	64	444.7803367169816
28	65	153.25765784608302
28	66	182.088791477213
28	67	30.039092607316732
28	68	118.91058387858642
28	69	242.85680152919687
28	70	288.527436257682
28	71	320.20134378995465
28	72	289.7776190273947
28	73	194.08546750481068
28	74	76.88641604243779
28	75	192.54859790412635
28	76	114.2221608125626
28	77	530.6680790367571
28	78	313.7431528734986
28	79	336.9909543068578
29	30	7903.233064075768
29	31	3340.1678356898533
29	32	1637.95508410263
29	33	1501.0944282764212
29	34	641.8398406103781
29	35	620.0056784614263
29	36	445.79750829197644
29	37	1023.8938855438805
29	38	430.00459830375166
29	39	424.3741464930962
29	40	305.75132347030024
29	41	414.1782662226256
29	42	417.1717867194604
29	43	444.0338468896729
29	44	392.42773196574706
29	45	513.3798447018563
29	46	323.40546581024773
29	47	381.3538309664801
29	48	318.7413030754699
29	49	347.9212469635604
29	50	339.214682587904
29	51	204.4654504405053
29	52	483.2011013046356
29	53	337.19034733652717
29	54	465.4035027128968
29	55	275.46298181625923
29	56	344.50589044068994
29	57	377.1808501483067
29	58	339.2828432572183
29	59	476.0726199891205
29	60	393.9160896930048
29	61	205.76876142465045
29	62	292.24199558990097
29	63	352.1878925889715
29	64	230.93227069896037
29	65	222.8020908725062
29	66	157.56908378280832
29	67	280.73616406124023
29	68	123.4779907219435
29	69	360.2643372603612
29	70	556.4183849716086
29	71	207.812759743594
29	72	100.30270080983946
29	73	80.61614962817033
29	74	359.2784540854122
29	75	199.94447264513417
29	76	237.21896660527295
29	77	330.6307613793439
29	78	81.44854069328052
29	79	174.967461146133
30	31	7100.119084255865
30	32	1851.134408193544
30	33	1036.208554942649
30	34	868.1525376177295
30	35	667.5300231582731
30	36	486.2018988896809
30	37	1102.3768537488402
30	38	472.88576182528834
30	39	377.1263247608533
30	40	567.6806759388274
30	41	372.6664259238479
30	42	444.87101022396007
30	43	317.087040994171
30	44	320.99625655671974
30	45	403.26814431627264
30	46	363.73938741078297
30	47	277.27829087717936
30	48	521.4451312333207
30	49	208.7000987785384
30	50	431.61889204726884
30	51	321.2218151019096
30	52	392.5018771847456
30	53	306.4593679733248
30	54	166.17361556699274
30	55	206.54513060287866
30	56	413.30280339154154
30	57	342.8052014571108
30	58	440.95645482754543
30	59	509.9491607276056
30	60	179.00760925602648
30	61	334.2899049985278
30	62	486.94714903268994
30	63	480.1350920476721
30	64	115.4370137079541
30	65	159.10421292643227
30	66	346.56455544278276
30	67	187.11023984633434
30	68	185.17027262310353
30	69	252.12143265258186
30	70	470.69681241842846
30	71	166.20827793431124
30	72	100.27740352862143
30	73	241.78745243900954
30	74	239.45856046133505
30	75	449.7616007441544
30	76	59.28978443964794
30	77	55.09122886708851
30	78	81.42799860795203
30	79	349.84666542514515
31	32	7322.194533694182
31	33	2120.038482195768
31	34	1343.7362149155265
31	35	943.009529919254
31	36	681.1262911676112
31	37	622.9244184278908
31	38	595.161605544292
31	39	559.39866551293
31	40	431.82131618701766
31	41	450.4159509770257
31	42	384.93329505645386
31	43	250.84866749773343
31	44	317.4265770076601
31	45	290.0243998643904
31	46	519.5585452177864
31	47	274.1947825055872
31	48	200.52913011120881
31	49	137.58614858846732
31	50	60.97414563738023
31	51	317.6496272004641
31	52	208.9968517107655
31	53	303.0513477359334
31	54	394.38158596043417
31	55	306.3723289555881
31	56	238.41219336137235
31	57	101.69789783176903
31	58	201.25511201157423
31	59	403.42256517023327
31	60	495.6474108675144
31	61	203.42916415221106
31	62	321.021327702562
31	63	443.14264298432795
31	64	228.30656353668365
31	65	188.80184923705963
31	66	218.0885257000775
31	67	30.838242785452003
31	68	122.07404209388528
31	69	71.23362408881736
31	70	296.2033256427718
31	71	287.62989100460595
31	72	148.74338393264884
31	73	398.4977073896999
31	74	276.26156972692826
31	75	148.25332328912094
31	76	351.7826692699883
31	77	326.871479250453
31	79	432.4451890602705
32	33	5276.482400609791
32	34	4877.211333687114
32	35	1501.4026417415052
32	36	835.8828513770048
32	37	1154.2296562370254
32	38	980.255431817793
32	39	460.67620568298423
32	40	474.1515434057804
32	41	314.7257004593001
32	42	573.6198008021574
32	43	516.447479533794
32	44	464.7240135810003
32	45	517.4888465612568
32	46	526.6056053995278
32	47	602.1466492984813
32	48	188.73123073804535
32	49	113.30499837383917
32	50	66.95126937478837
32	51	190.2479592876221
32	52	196.70076373380127
32	53	199.6551706094514
32	54	433.04170188989247
32	55	635.4319411903936
32	56	523.5661381759771
32	57	297.77881674973776
32	58	810.2731403142827
32	59	147.65631427463103
32	60	310.9910459169505
32	61	251.29209607866503
32	62	211.4940864990845
32	63	104.26771456665738
32	64	417.8113547305975
32	65	345.5159377960815
32	66	102.62876980116329
32	67	237.0286019974549
32	68	201.0609248509052
32	69	78.21645559866727
32	70	325.2393032738106
32	71	406.0612786998386
32	72	326.64855772205374
32	73	262.53678906484475
32	74	303.3427131999115
32	75	162.7861789530763
32	76	193.13346669705805
32	77	239.27584639323317
32	78	176.8317179312761
32	79	284.9019436676387
33	34	8309.79955844786
33	35	3325.7815339694885
33	36	1103.9423367708418
33	37	1587.6133948312001
33	38	1030.7591754827329
33	39	924.7840753774201
33	40	571.101078694356
33	41	406.1544763291924
33	42	575.7563018872868
33	43	518.3710369125546
33	44	544.1974090341449
33	45	559.371381272085
33	46	352.37799845118514
33	47	302.1947006615701
33	48	126.28945201265974
33	49	189.54502255628722
33	50	100.80095354444407
33	51	63.652185255731574
33	52	131.62226286169061
33	53	200.39880513542502
33	54	253.54852050392358
33	55	450.21082406548237
33	56	300.29497695468257
33	57	112.08297077117484
33	58	369.67776322603345
33	59	370.5156853816057
33	60	312.14936141815497
33	61	252.22805720693435
33	62	35.38030269743692
33	63	139.54142601350733
33	64	377.4307792981113
33	65	138.72113780619097
33	66	206.02204068035385
33	67	67.97469639881712
33	68	100.90489762061179
33	69	157.01556033890128
33	70	139.90743760896913
33	71	181.1438632246994
33	72	273.22099258641623
33	73	263.51463211339194
33	74	260.9764643692094
33	75	599.1058019466936
33	76	387.7056210426106
33	77	240.16705186548052
33	78	177.49034435372008
33	79	476.6051464088005
34	35	5709.079758375078
34	36	1632.6513515200224
34	37	1178.515790207852
34	38	940.3881697351454
34	39	542.7337948235712
34	40	653.5730173610444
34	41	619.7422639930037
34	42	512.1817613532098
34	43	2263.394133676759
34	44	903.3793153114146
34	45	506.49187261449384
34	46	558.3661356095209
34	47	359.1355475194026
34	49	40.046208800002574
34	50	141.97844144325245
34	51	67.24071850978085
34	52	104.2820701026881
34	53	246.9795214458337
34	54	344.3694187302416
34	55	396.3270489643514
34	56	872.3681256034334
34	57	276.27109317927403
34	58	546.7268349571133
34	59	234.84259782229253
34	60	494.6212119772279
34	61	177.63198259186456
34	62	224.24967484568597
34	63	184.26047961532436
34	64	132.9030924638798
34	65	109.90638743713842
34	66	72.54566353347569
34	67	107.7103812220439
34	68	142.12484698221436
34	69	165.8676611334862
34	70	147.7950300039747
34	71	287.0343759903231
34	72	288.62443260440705
34	73	231.97571209269074
34	74	91.89653064187989
34	75	287.6735098040753
34	76	477.82395050835896
34	77	253.7070025943308
34	78	281.24513482790223
34	79	503.47481961903827
35	36	7954.881986985331
35	37	2118.5481873019357
35	38	2688.4166500413353
35	39	1302.6118682079318
35	40	1397.1659965313581
35	41	722.6426218483456
35	42	404.3697797428717
35	43	645.6112610483294
35	44	829.9310421882129
35	45	533.1701163523386
35	46	470.22138531604946
35	47	302.4417204071066
35	48	294.9162613446822
35	51	127.40843154608947
35	52	87.81990228290486
35	53	178.27787996723174
35	54	531.6787686122732
35	55	350.4502050231683
35	56	250.45036985801465
35	57	199.42149251848974
35	58	443.97593390578294
35	59	148.32742080428093
35	60	416.5393577258156
35	61	261.78364930621603
35	62	188.8491905897989
35	63	93.10365990136893
35	64	335.768265295673
35	65	231.39088520903317
35	67	45.35350681310699
35	68	44.88327965318105
35	69	209.5252104934179
35	71	362.5838673870213
35	72	510.42941351201137
35	73	234.4266969145513
35	74	174.12652769178814
35	75	145.3564903084311
35	76	86.22723090108524
35	77	480.726738041942
35	78	355.27085673223684
35	79	381.59578607882474
36	37	8903.901544568389
36	38	2762.6387636559975
36	39	1747.7339449630686
36	40	1079.3143694994915
36	41	767.5845465759417
36	42	481.0601295945342
36	43	548.6100178354579
36	44	308.54087235718026
36	45	317.1439832020613
36	46	399.57196868897347
36	47	556.8348889611494
36	48	250.60593759401777
36	49	85.97231172309216
36	51	324.797038651664
36	52	111.93782016635099
36	53	227.23820852275034
36	54	369.6509095634354
36	55	382.88065533520444
36	56	297.94928656020414
36	57	296.5532225723012
36	58	377.26982119714364
36	59	420.13883525302265
36	60	530.9332680320697
36	61	317.7877223377693
36	62	200.5939256106121
36	63	118.6726524164814
36	64	285.3200449343629
36	65	117.97504038764352
36	66	38.93576062722161
36	67	77.07854457568577
36	68	114.41908623648798
36	69	356.08929521806283
36	70	105.76348982315886
36	71	410.80890613348544
36	72	557.6642431552373
36	73	448.2107032562853
36	74	443.8935465941351
36	75	370.55128163868164
36	76	293.0873455071618
36	77	272.3326148338138
36	78	301.8924278548183
36	79	324.2621119506282
37	38	5368.967151777699
37	39	1698.2904648987999
37	40	1153.6585636475554
37	41	546.9709972090934
37	42	367.28286150870923
37	43	418.85628179741855
37	44	856.6063878901851
37	45	484.2702294156054
37	46	679.4691012535164
37	47	332.9735398830519
37	48	347.88040454123774
37	49	292.39052764808525
37	50	259.15781201392247
37	51	280.54090160407696
37	52	181.2851561283519
37	53	294.41283776406584
37	54	279.37269654126067
37	55	372.048942588754
37	56	289.52028645257394
37	57	452.8286984323021
37	58	203.66491068166278
37	59	449.0783954218329
37	60	214.96380813448945
37	61	370.556990276603
37	62	350.8544042949142
37	63	230.63079437690786
37	64	231.04027224939205
37	65	343.9125619156287
37	66	189.17133013111385
37	67	149.79597744659054
37	68	185.3036076780811
37	69	259.5116335344804
37	70	308.3143063372053
37	71	49.898387723191675
37	73	338.7461779419072
37	74	191.70478938895937
37	75	360.0683674861624
37	76	284.7958899532793
37	77	330.7853895512373
37	78	195.56791738947823
37	79	210.0591471376518
38	39	8901.121042951803
38	40	2004.0758562799024
38	41	1248.7944153154276
38	42	729.1711413894226
38	43	498.9362887586489
38	44	654.7429743392754
38	45	624.9279326775473
38	46	264.9739494431949
38	47	545.3715522788598
38	48	227.9148983413975
38	49	136.82895557327632
38	50	40.425719934401904
38	51	153.16434957490733
38	52	197.94919647881463
38	53	281.29129639706696
38	54	174.31606325012416
38	55	361.10961345386244
38	56	406.4573370201062
38	57	359.6025336259139
38	58	177.9089089536749
38	59	401.20236530526745
38	60	328.61310656328294
38	61	236.02787834822965
38	62	127.70184625974746
38	63	251.83076984999593
38	64	252.2778876260189
38	65	166.90026241057538
38	66	41.31205620582646
38	67	122.6741091407281
38	68	80.93481237599231
38	69	330.59411576127576
38	70	280.5459021291042
38	71	326.910795114439
38	72	788.9322030641359
38	73	158.52184441493463
38	74	261.658275221782
38	75	262.1109767746625
38	76	310.97481327597643
38	77	288.9533968119898
38	78	213.54485348416202
38	79	458.73628350997905
39	40	7095.089269514091
39	41	1428.9191695286374
39	42	879.5397387608205
39	43	1094.2294443246751
39	44	923.0997329657964
39	45	685.2724084452234
39	46	813.5692383762334
39	47	398.68925421675414
39	48	124.96144206402901
39	49	200.0552981717432
39	50	88.65864050558858
39	51	125.96568808114874
39	52	86.82545012167117
39	53	440.6477567302347
39	54	143.36131685892155
39	55	445.4765850311705
39	56	445.70579054868125
39	57	246.45411236161073
39	58	341.40435281926074
39	59	146.64779556723784
39	60	514.7782035703756
39	61	332.7676355681429
39	62	186.7107062502896
39	63	184.09875139396374
39	64	221.31073566866215
39	65	137.2624011646421
39	66	90.60248637853296
39	67	44.83993424359391
39	68	44.37503182673081
39	69	155.36444678272755
39	70	307.63605846155536
39	71	776.7024458896788
39	72	648.8349807521496
39	73	405.6011811024664
39	74	286.92459894151176
39	75	431.1315215933443
39	76	426.254068901952
39	77	158.4277000656578
39	78	468.33046950289275
39	79	754.5493681852225
40	41	6673.377426572895
40	42	1740.5822091536684
40	43	1562.6538134251366
40	44	950.1015196871156
40	45	781.2747221407574
40	46	1130.44561914503
40	47	415.4807909118963
40	48	385.8501473915823
40	49	324.3037742746519
40	50	164.25362387746907
40	51	194.47550584239076
40	52	201.0716996384853
40	53	367.36516280480623
40	54	575.4637560560451
40	55	458.5073154157489
40	56	366.9945803781011
40	57	228.2968746421722
40	58	316.2517597738871
40	59	181.12490572980465
40	60	524.5377294425219
40	61	411.0017909854983
40	62	345.9099975303429
40	63	85.26773841594631
40	64	256.2573859783234
40	65	127.14974358305349
40	66	83.92744708873006
40	67	124.60920309521542
40	68	205.52874896494484
40	69	383.7817086637686
40	70	56.99426152886503
40	71	498.10135913482264
40	72	400.6885145063429
40	73	536.7413668646341
40	74	159.47144537850897
40	75	332.8069811060432
40	76	710.7304781503371
40	77	660.4007048541727
40	78	433.82673335284045
40	79	698.9587670874846
41	42	7514.973540599381
41	43	3564.2491844958536
41	44	1982.0275816552185
41	45	694.5316632167338
41	46	867.7533560934532
41	47	612.8489920140072
41	48	292.7019782696284
41	49	43.93098725919323
41	50	116.81355031521572
41	51	147.527131115193
41	52	190.66367039149029
41	53	193.5274013097069
41	54	503.7010660109583
41	55	173.90948167383576
41	56	478.49714317037063
41	57	303.07143268306896
41	58	171.36096624713255
41	59	558.1854781677536
41	60	678.2539100647949
41	61	3312.6811791770656
41	62	287.00414398804907
41	63	444.69723988396424
41	64	388.7884679019579
41	65	80.37874663438943
41	66	119.37469423067982
41	67	39.38636163021892
41	68	38.9780020948578
41	69	90.97902555967924
41	70	270.2204018239175
41	71	472.31825030765145
41	72	569.9216473291609
41	73	508.95814399217926
41	74	403.24469534227023
41	75	315.57996805953445
41	76	74.88234399684929
41	77	347.8980730174313
41	78	308.5279931625861
41	79	220.92624044858093
42	43	9949.841005428632
42	44	1845.1140543730696
42	45	1212.5558809114548
42	46	1062.540368836991
42	47	764.2494819926561
42	48	122.84063128648216
42	49	176.99401385210777
42	50	104.584740913544
42	51	173.35896692800787
42	52	281.66118015352595
42	53	233.91137111996963
42	54	338.2277484791731
42	55	262.74964833009483
42	56	467.35082245918693
42	57	261.65307078121305
42	58	431.4987427710909
42	59	259.4860740726423
42	60	485.7998700754157
42	61	3227.5839602776155
42	62	330.375427498358
42	63	407.1921270288723
42	64	456.86489420294333
42	65	215.89251509851678
42	66	133.5972093355141
42	67	158.68412414301613
42	68	104.69258676115989
42	69	183.2731736160946
42	70	254.02855379320084
42	71	422.8728747980687
42	72	255.12925369573554
42	73	307.58201809718105
42	74	203.0795961063426
42	75	296.67013427249105
42	76	201.12950573224506
42	77	560.6600734144262
42	78	207.17194286801225
42	79	370.87168327169206
43	44	5622.7057460670585
43	45	1985.5898863223304
43	46	1524.4483762929935
43	47	737.4776373593965
43	48	252.16157855374652
43	49	168.2060847189802
43	50	238.5408103817407
43	51	310.6742976789014
43	52	292.010642105398
43	53	444.5948769794493
43	54	450.0081652905473
43	55	499.407733007552
43	56	333.1097913645012
43	57	364.70387818004053
43	58	164.0297601100441
43	59	263.0424874238074
43	60	415.5114802559837
43	61	1591.6961907343089
43	62	282.5747625225497
43	63	216.70579404433659
43	64	260.5086582091084
43	65	184.65591296030192
43	66	213.29947763779262
43	67	120.6442394213864
43	68	119.39339462346777
43	69	174.17347794453713
43	70	206.92781399980507
43	71	361.68913371708373
43	72	339.44656487767185
43	73	311.79761540678106
43	74	192.99649182430775
43	75	193.33039990145647
43	76	344.05780568441065
43	77	372.97591951481405
43	78	157.508519593529
43	79	169.1796166486708
44	45	9412.229173829535
44	46	3341.493897733555
44	47	1357.3993617555645
44	48	315.14859125802946
44	49	378.3995948139658
44	50	167.69560191938098
44	51	127.07250649454423
44	52	394.1476035376036
44	53	466.7455604059311
44	54	433.86295455043074
44	55	823.8832047247756
44	56	599.4960778807957
44	57	484.80826348783404
44	58	405.9049014394884
44	59	221.90451112318257
44	60	233.685624441138
44	61	391.64014586345417
44	62	211.8951796974244
44	63	417.8618226252346
44	64	251.16223405323663
44	65	69.23424001071693
44	66	137.09787023123027
44	68	235.01593712501668
44	69	117.54718669956972
44	70	372.4069844635312
44	71	406.8313636686038
44	72	654.5360769386672
44	73	350.7129112808293
44	74	390.75170785860917
44	75	489.2846965014577
44	76	257.9996525909908
44	77	419.5268472468243
44	78	265.7506122334124
44	79	285.44225301477195
45	46	8360.698874606775
45	47	1434.0049065709904
45	48	323.9359465358622
45	49	233.37035477557575
45	50	206.84579291618894
45	51	261.23139250393797
45	52	405.1377050968886
45	53	445.49136009448125
45	54	668.9406715484986
45	55	769.8688323272013
45	56	462.15896600784424
45	57	498.32627553380564
45	58	227.57609140351235
45	59	304.12256247894425
45	60	640.5374145826137
45	61	402.5603314464725
45	62	181.50291509493064
45	63	357.92762733754097
45	64	344.22059214381926
45	65	320.24120880458105
45	66	211.38089901079115
45	67	244.09977376989437
45	68	103.52954423322872
45	69	443.0241931017037
45	70	287.09316578379264
45	71	557.5668389500045
45	72	897.0488609986035
45	73	315.4304248085632
45	74	357.01966305382587
45	75	335.2850172549064
45	76	530.3870236853356
45	77	308.01757404479497
45	78	455.26765523881545
45	79	684.6030336546245
46	47	4528.990070094724
46	48	714.2261206207954
46	49	428.7864235242296
46	50	418.05624641546547
46	51	611.9710668904958
46	52	558.2892515537173
46	53	944.457744278923
46	54	573.574350993324
46	55	721.4101585098208
46	56	891.6122394421814
46	57	380.32908113430756
46	58	418.1402492462076
46	59	460.9968196393863
46	60	750.2742324115832
46	61	380.39147675361966
46	62	400.18443249633737
46	63	394.5861264705245
46	64	521.7784466210838
46	65	274.58659835439204
46	66	155.35351056107578
46	67	115.32864289672452
46	68	190.22151739688618
46	69	443.9983417091401
46	70	580.244294877857
46	71	768.3401700025092
46	72	618.0771758756146
46	73	447.0896747630926
46	74	196.7925848112441
46	75	308.02040719406165
46	76	292.3542990561939
46	77	67.91286961068629
46	78	301.1373588414149
46	79	323.4510936859624
47	48	3276.9330683227467
47	49	1287.0254361974378
47	50	1173.3365308600387
47	51	2377.1180700956074
47	52	1595.938206473158
47	53	1846.6961291136836
47	54	1264.8593844399618
47	55	655.0642477698915
47	56	728.2236553516113
47	57	616.089781938863
47	58	394.4506887802189
47	59	862.5703897199782
47	60	605.5766934041103
47	61	353.4035790237074
47	62	514.7892972248173
47	63	1082.8538616800672
47	64	650.865861217147
47	65	841.0065252523661
47	66	699.4528349964423
47	67	395.6172618133355
47	68	522.0206461142444
47	69	647.3040574180616
47	70	678.5588401091128
47	71	658.918345353691
47	72	212.0219173377398
47	73	170.40807948886317
47	74	210.95839028121745
47	75	475.477593052402
47	77	232.9647071397983
47	78	258.2514073308417
47	79	462.3122842705211
48	49	7991.0282143261775
48	50	5638.981466589685
48	51	3922.05650669026
48	52	2401.036748670088
48	53	1191.4710375410552
48	54	557.9606579372582
48	55	425.84314234321664
48	56	334.7631933721871
48	57	363.48505639724374
48	58	359.65947821641527
48	59	660.870269842969
48	60	94.90315588764948
48	61	431.70931775722426
48	62	717.1144751543271
48	63	452.5328223840749
48	64	306.00198931939707
48	65	815.3941379928394
48	66	1252.7427097175603
48	67	1102.2096480897264
48	68	709.008228384152
48	69	509.20143722411166
48	70	340.2898484474898
48	71	146.86237991199332
48	72	132.90834533008982
48	74	35.26444301964952
48	75	176.62727459049836
48	76	104.77743895183255
48	77	48.67885693933108
48	78	71.95014481625648
49	50	11121.01768446484
49	51	3996.6421229784332
49	52	2370.4091231968396
49	53	650.2735684101449
49	54	282.08192344707805
49	55	292.17758948621673
49	56	36.54098999767023
49	57	618.2861650827584
49	58	359.869927506437
49	59	504.9598665187997
49	60	189.91737406052698
49	61	190.97264093231576
49	62	998.8074446712834
49	63	305.63839019463364
49	64	367.4172500921037
49	65	573.9232266060119
49	66	969.3545669448376
49	67	1058.7404057779884
49	68	720.3372952410692
49	69	420.3369956972036
49	70	408.58675667083287
49	71	88.16898852400017
49	72	159.58333755962232
49	73	85.50779533683489
49	74	127.0262789055143
49	75	159.05756282576098
49	76	125.80649745774478
49	77	58.44880876119919
49	79	278.37626692594864
50	51	5849.0611280538515
50	52	2725.6107218270517
50	53	662.8189977235013
50	54	218.7682612107019
50	55	129.4845380590822
50	56	129.55116012532042
50	57	354.5963804222692
50	58	287.0708343225078
50	59	447.566804624125
50	60	168.33161977182596
50	61	435.2578622351742
50	62	1037.9195577740766
50	63	210.6999535297535
50	64	253.28885376976862
50	65	598.461037175741
50	66	1273.9551069023335
50	67	1114.3564003088904
50	68	841.6125898778978
50	69	541.9084449807925
50	70	281.6701481400772
50	71	117.2217291227799
50	72	47.148436406251804
50	73	151.57818776053546
50	74	37.52954741068661
50	75	46.99309777890789
50	76	111.50749950940815
50	77	103.61119093159652
50	78	76.57164383917444
50	79	246.73639338939512
51	52	6212.186887212488
51	53	1665.086820932472
51	54	562.4446792424889
51	55	490.5890379712594
51	56	398.808681892698
51	57	702.2785209061603
51	58	513.6123053261185
51	59	817.5861639808669
51	60	318.8861335950509
51	61	549.6994444385538
51	62	636.1322243677524
51	63	712.764966354968
51	64	514.1019301927955
51	65	510.1740061072526
51	66	982.1857968379952
51	67	1055.5141227271579
51	68	934.6157156501773
51	69	545.3744581089816
51	70	419.25225198932316
51	71	296.08526331502804
51	72	178.63527495335407
51	73	143.57428003669705
51	74	106.6435315502953
51	75	133.5350477529082
51	76	158.42921594412752
51	77	49.070061997474774
51	78	145.05673669622985
51	79	155.80517910971187
52	53	4318.01869620995
52	54	1285.4688032959236
52	55	855.9485499443662
52	56	570.9259669921928
52	57	947.084750095164
52	58	655.9818642766458
52	59	1189.705323609822
52	60	362.672277185281
52	61	473.6200629532063
52	62	1016.458545727418
52	63	471.6418762801501
52	64	921.3345607165652
52	65	1054.9560375258445
52	66	1044.5137110624958
52	67	775.4079605204704
52	68	852.6316628553568
52	69	762.8861813559904
52	70	1261.0105976329435
52	71	229.59588230002262
52	72	184.6942019499052
52	73	259.7770226958809
52	74	73.50710158056043
52	75	230.1071189467479
52	76	109.20186438350652
52	77	152.20324108923958
52	79	402.7243950396195
53	54	7207.335710959832
53	55	2381.1685171215718
53	56	1159.0023259916215
53	57	1185.6153918989758
53	58	1173.1371227259347
53	59	985.1265365352506
53	60	903.5661525443295
53	61	576.8804920445006
53	62	758.6217306222804
53	63	777.9294976727124
53	64	935.1728250447318
53	65	535.4006351089993
53	66	589.0011678111368
53	67	524.7029572971669
53	68	605.8066161964244
53	69	942.6803608357753
53	70	439.9830632272012
53	71	388.4072790057904
53	72	374.93654524919117
53	73	414.35243552415153
53	74	447.66698294143424
53	75	93.42531308972967
53	77	360.4750424492224
53	78	76.11468638572038
54	55	8061.011771266958
54	56	2164.674791342812
54	57	1285.7691226573793
54	58	1203.4672087950366
54	59	792.6424429461694
54	60	1270.2330180574327
54	61	599.5447586282047
54	62	394.898677736793
54	63	778.7486315971025
54	64	819.1378395991582
54	65	451.5996284429247
54	66	127.75129607042535
54	67	189.67557991948317
54	68	312.84835856195764
54	69	474.64503648542666
54	70	694.0366739564029
54	71	716.0699436044983
54	72	406.60895272715726
54	73	245.10243424564808
54	74	323.65548323804086
54	75	253.29331852923545
54	76	480.82132783869383
54	77	670.1585627226181
54	78	165.08880401554077
54	79	177.3215864666421
55	56	7341.227004376083
55	57	1871.7000722637667
55	58	1460.2315217605446
55	59	928.099376290748
55	60	864.5992104139768
55	61	540.0020589291425
55	62	579.4620524375447
55	63	571.3557753401195
55	64	888.8572516446765
55	65	267.2927460000643
55	66	99.24262059277025
55	67	196.46403799338282
55	68	388.85418035642743
55	69	453.8146199430615
55	70	404.3678250020642
55	71	567.1808006744326
55	72	684.3873088606929
55	73	465.4367857280627
55	74	419.0488252536087
55	75	367.30210313088696
55	76	186.7611917819685
55	77	404.916999897721
55	78	341.99461077867267
55	79	183.66789712949662
56	57	5329.887269774345
56	58	3171.4017670254343
56	59	1250.007364982383
56	60	1730.0881237502424
56	61	729.3778642730839
56	62	647.9672776910561
56	63	638.9026594284243
56	64	808.4678039032574
56	65	434.57419331123197
56	66	99.29368266204659
56	67	131.0434147916238
56	68	324.21187721147027
56	69	681.072173289219
56	70	584.3873812713767
56	71	829.3830675214425
56	72	684.7394381370879
56	73	465.67626111932776
56	74	419.2644332254402
56	75	314.9923598626375
56	76	436.0003286133409
56	77	463.0003849114253
56	78	171.08528650270972
56	79	459.40599371149165
57	58	8795.757269754771
57	59	3305.8852439625775
57	60	1909.1535846410811
57	61	618.4106335495213
57	62	916.4811474678742
57	63	1037.5357899365656
57	64	683.9777166666344
57	65	798.5316239182553
57	66	527.0849844168259
57	67	358.6808525543909
57	68	580.8469641509569
57	69	527.2407450689623
57	70	671.1336806039988
57	71	391.0248616879947
57	72	366.97825206322244
57	73	505.63014508939017
57	74	333.83995032993647
57	75	52.25273987681105
57	76	309.9695828519046
57	77	345.6232211087793
57	78	85.14182670596402
57	79	457.2534120711252
58	59	5909.068931252411
58	60	2259.4642553962103
58	61	957.7597073198184
58	62	940.4219384684902
58	63	1026.6160170053029
58	64	636.96851125219
58	65	790.1273027409079
58	66	456.3453675545874
58	67	516.2266723933259
58	68	415.0854593232098
58	69	708.0101428897143
58	70	531.2561496134309
58	71	472.8893091847452
58	72	414.9896102613318
58	73	166.76950991773157
58	74	330.3263785685133
58	75	155.10838337410726
58	76	184.02434400436843
58	77	284.9880281085142
58	78	252.7371986428826
58	79	361.95275861567615
59	60	6051.269775430685
59	61	1679.8785373509318
59	62	2120.745432689025
59	63	1394.0517714041384
59	64	718.2138175151008
59	65	923.9045991078365
59	66	686.0695994582098
59	67	549.7340643884578
59	68	640.0404674718653
59	69	373.4815467686188
59	70	665.5753874310241
59	71	473.9611735719575
59	72	207.9651187703092
59	73	292.5081502742534
59	74	372.4594939728495
59	75	362.7398983996646
59	76	245.9219451037756
59	77	457.01438415390294
59	78	422.1834333020475
59	79	181.3865855276426
60	61	4942.14935049725
60	62	1205.2933867810705
60	63	1258.3399321080965
60	64	1344.612347630285
60	65	729.7166540498164
60	66	378.4490608215148
60	67	272.4329168609955
60	68	471.81456062561233
60	69	707.9580422147985
60	70	560.7291144741695
60	71	544.4991332535711
60	72	657.0185310244577
60	73	484.05920408665304
60	74	610.1413250174695
60	75	381.99809115382334
60	76	517.9563318892107
60	77	661.7568313463743
60	78	266.75852259371743
60	79	573.0496954277137
61	62	6085.414697468865
61	63	2887.1659006430796
61	64	2172.9915358355984
61	65	823.6208357042972
61	66	864.8906705891142
61	67	513.6500201782875
61	68	435.70669208875313
61	69	451.99477934128225
61	70	839.0547309156685
61	71	325.907510020642
61	72	235.95329403459215
61	73	284.4636171843693
61	74	375.63155897168707
61	75	352.7638580296392
61	76	279.01839195792274
61	77	259.259942243976
61	78	383.20107665545174
61	79	205.79779244712861
62	63	7384.829611042425
62	64	2209.857098459943
62	65	1732.952796628891
62	66	1778.1921255831908
62	67	1173.3896963269024
62	68	886.1972175041898
62	69	1105.5688372577047
62	70	847.404832572479
62	71	411.43859391294177
62	72	148.93840820141088
62	73	199.51009800008288
62	74	316.14147306771923
62	75	296.8954100338195
62	76	234.8292717684368
62	77	327.30005543000823
62	78	241.88413478882168
62	79	259.8073126620225
63	64	7250.619713168275
63	65	1801.9123365676237
63	66	1168.8776240461223
63	67	578.4873892098269
63	68	783.4068298542138
63	69	984.6088783111047
63	70	1587.5454171670817
63	71	811.36569975999
63	72	146.85486191536842
63	73	236.06290610735508
63	74	233.7891528471493
63	75	341.5323877751675
63	76	173.65812836171574
63	77	322.7213519031753
63	78	159.00022764620127
63	79	426.9546439401119
64	65	6124.9303144922405
64	66	1811.8955868362125
64	67	1024.8255992263653
64	68	833.0929903717589
64	69	1268.173312779054
64	70	954.2184330970417
64	71	1072.9042560341413
64	72	765.0011106391431
64	73	236.4820285268382
64	74	46.84084765754934
64	75	410.56652161329964
64	76	139.17316241621268
64	77	258.63546697939654
64	78	191.13903318416143
64	79	205.30209060527872
65	66	7033.1967994525285
65	67	3238.646581954586
65	68	2935.482979679778
65	69	2027.5575740425018
65	70	1204.4257871711231
65	71	604.947091318514
65	72	145.99158199229407
65	73	156.45014704914152
65	74	154.94322231548222
65	75	242.5176460553709
65	76	115.09152440118429
65	77	481.2363726934859
65	78	316.1311034370947
65	79	84.88896192445438
66	67	8271.202351114274
66	68	3825.806357465813
66	69	2249.7711409165
66	70	1315.8664347290448
66	71	559.0285044561238
66	72	144.54650588850004
66	73	387.2538709610164
66	74	421.87623423707413
66	75	144.07027258102391
66	76	227.90461590381736
66	77	264.7071808678018
66	78	78.25048160468594
66	79	420.24350538682
67	68	10685.368511962508
67	69	3802.794090297475
67	70	1750.1897373995912
67	71	276.66791919324993
67	72	143.07456844167024
67	73	306.6483281600887
67	74	189.80918594093606
67	75	285.20636937020134
67	76	56.39595776783401
67	77	209.60930426245625
67	78	154.9072918383706
67	79	249.57846391671615
68	69	7255.499481271871
68	70	2134.844551805968
68	71	704.0556359974555
68	72	188.78822000381922
68	73	417.26985404883305
68	74	187.84123592572053
68	75	141.12466857388293
68	76	167.43372596763234
68	77	207.43606574679794
68	79	164.66054892674185
69	70	6017.1670438428
69	71	1552.0478338634668
69	72	275.4080405945627
69	73	575.5186314854006
69	74	394.59824817718334
69	75	658.8015875262377
69	76	325.67423537520716
69	77	302.61189185858507
69	78	268.3666480026319
69	79	768.6723528359424
70	71	6236.786410530909
70	72	719.8402755467271
70	73	894.1323388525198
70	74	833.4306576779444
70	75	782.6930596766281
70	76	1315.5251795654688
70	77	431.4237828527931
70	78	106.27818593509133
70	79	456.612830874543
71	72	8451.604862348364
71	73	1685.4307282866557
71	74	1466.8698208767246
71	75	950.0480749078043
71	76	826.5840394946175
71	77	698.2274499586152
71	78	1032.0202506361104
71	79	332.54732663385784
72	73	8751.162296441675
72	74	2075.1663612932766
72	75	1604.9224203412934
72	76	816.0509329665641
72	77	1348.023078029191
72	78	1867.9270204144311
72	79	1337.5580277897573
73	74	9222.343102907258
73	75	3439.792147454584
73	76	2842.1617318017898
73	77	1760.5976467818732
73	78	1401.2192834939049
73	79	967.5302809496264
74	75	11314.978313087595
74	76	3680.8741124716807
74	77	2146.017975313002
74	78	1288.5997121838716
74	79	638.8073655662301
75	76	6868.392864606706
75	77	2267.294261031712
75	78	2358.245564155166
75	79	1599.7814555787447
76	77	11955.434859305265
76	78	2945.136497831094
76	79	1107.1780290895467
77	78	6567.789998099041
77	79	2204.516057636913
78	79	16943.686638584248
