1	2	2006.4197166680556
1	3	1335.7173618509432
1	4	1888.8511763272977
1	5	2145.0774940700185
1	6	585.986550205675
1	7	604.950132922654
1	8	451.2053890891839
1	9	686.8552348573604
1	10	493.0443091745497
1	11	460.18631262644203
1	12	355.1513496734852
1	13	523.4241028375103
1	14	537.1619863872675
1	15	869.4603941907154
1	16	334.45327759996394
1	17	576.4383408838955
1	18	321.2137022134088
1	19	188.37303942184764
1	20	90.00645106709868
1	21	244.44103184980153
1	22	350.77077619446936
1	23	188.91982261010972
1	24	392.22217991635654
1	25	232.33858852984122
1	33	295.0356102049761
1	34	126.75948790931034
1	35	74.71212183201422
1	36	208.10563992037578
1	38	136.33033910455262
1	39	118.35485975698425
1	40	269.15618517921484
1	41	274.7804761720602
1	42	298.3860316553194
1	43	237.78571587248345
1	45	181.54646827659025
1	46	552.1113091070354
1	47	300.51493943868087
1	48	429.4526318808354
1	49	199.23289946518193
1	50	717.3645487562806
1	51	308.2204939293726
1	52	326.3338476718191
1	53	264.52924139244436
1	54	119.36717706983626
1	55	371.1403739785203
1	56	551.6671273036626
1	57	501.3342196059067
1	58	292.65281427684596
1	59	211.15534499376068
1	60	675.1626102574669
1	61	415.76608749848054
1	62	414.92311889482676
1	63	584.2221168844507
1	64	1077.22744054276
2	3	8492.1425223361
2	4	2026.8055716872757
2	5	739.8468225504266
2	6	943.1771172147133
2	7	389.4800126237576
2	8	817.0194738325451
2	9	394.83240463041085
2	10	170.0531876017404
2	11	864.1439514855566
2	12	428.72651178049324
2	13	210.61986671097796
2	14	648.4435013315325
2	15	388.73434317132825
2	16	336.4504250343152
2	17	231.9521891825321
2	18	517.0108657906436
2	19	757.9915452859452
2	20	144.8702619853597
2	22	235.24357440324772
2	23	101.35889843181403
2	33	118.7189519158516
2	35	240.5064200390968
2	37	56.45501691829078
2	39	95.24928122903437
2	40	54.15268377933291
2	41	221.13703573220675
2	42	60.033561575564995
2	44	242.2966092758429
2	45	438.3133227107172
2	46	444.3265401931506
2	47	483.6950850838556
2	48	276.49091616554614
2	49	106.89205051204905
2	50	209.93402318332804
2	51	620.12199091593
2	53	425.7741533964383
2	54	288.1919130719052
2	55	199.12351679299758
2	56	355.1752582783779
2	57	201.73115058827847
2	59	113.28865796538109
2	62	55.65343763828734
2	63	156.72286102321777
2	64	86.69279794895408
3	4	5768.209064992692
3	5	1182.077194903647
3	6	1073.6980149275046
3	7	933.4272178251106
3	8	380.73537705201915
3	9	94.62547525317666
3	10	135.84973866059167
3	11	295.8580151893667
3	12	214.05944150341725
3	13	294.44990089655784
3	14	129.50489407813077
3	15	465.82007376333195
3	16	322.5346348945868
3	17	277.94813546214806
3	18	619.5337352349599
3	19	181.66014078229446
3	21	88.39878120648014
3	22	56.378439983922185
3	23	91.09371934872065
3	24	31.52040610492299
3	34	30.56056547392809
3	36	66.89651548430001
3	39	114.13714272334877
3	40	64.8911206218114
3	41	132.4941725706764
3	42	107.9072581544982
3	43	28.663992173449536
3	44	96.78128211733052
3	45	306.38447466808867
3	46	159.7308486092968
3	47	181.12858126209724
3	48	207.0742867616306
3	49	64.04433223988562
3	50	125.7818917758844
3	51	297.23668785642667
3	52	104.90151685548626
3	53	255.1024253782439
3	54	287.7834622439146
3	55	417.56673314913024
3	56	159.60234275328685
3	57	80.57809581111773
3	58	112.88951243773477
3	59	33.938428606193625
3	60	46.507313059975154
3	61	150.3561620719871
3	62	100.03420927910247
3	63	93.90044379235643
3	64	103.88391518454841
4	5	4266.029556544198
4	6	1065.4926439642816
4	7	1031.22554023648
4	8	512.763499886246
4	9	223.01803927069932
4	10	240.13307941487724
4	11	871.6161566628211
4	12	302.70358042848835
4	13	346.98710566950433
4	14	381.52949134454616
4	15	219.5735962766397
4	16	617.634641875068
4	17	382.1311827558814
4	19	749.2549393214941
4	20	204.5721260318696
4	21	69.44755206721115
4	22	99.65663930918831
4	23	35.78237013635685
4	24	111.43329765680812
4	33	41.91092785515122
4	34	36.01333241795511
4	35	42.45256151732164
4	36	39.41626099481531
4	39	134.50205512847185
4	40	114.70397201520787
4	41	156.13443685459325
4	42	169.5474717374308
4	43	67.55672629479116
4	44	342.1484286049103
4	45	309.47237571809603
4	46	125.48721005127152
4	47	170.75714944998546
4	48	146.4129018958045
4	49	75.4714381318842
4	50	111.16838834057272
4	51	262.7033436861069
4	52	370.8556899139178
4	53	225.46429450751697
4	54	610.4361746263992
4	55	351.4793220416314
4	56	188.07938057174107
4	57	142.43285611946314
4	58	33.25795412219561
4	59	159.97556225595437
4	60	109.61075484834684
4	61	59.0611502308525
4	62	78.58853778974384
4	64	306.048490301293
5	6	5509.952495108354
5	7	1003.8113833470105
5	8	1247.8304164980052
5	9	651.2679460799284
5	10	584.3734208220557
5	11	933.2895709151453
5	12	392.87532223627625
5	13	289.5109553399984
5	14	668.4964023792168
5	15	480.9069891658923
5	16	138.74201730917147
5	17	371.9725862241997
5	18	444.1660466721505
5	19	312.57287336029447
5	20	248.9172116256925
5	21	169.00338623950407
5	22	97.0073616890154
5	24	36.156982899572924
5	25	128.50873003932412
5	34	35.055951993889956
5	35	82.64800054031721
5	36	153.4736677157901
5	37	38.80057977668977
5	39	65.4632225218966
5	40	74.4364501791907
5	41	151.98375033571685
5	42	82.5201061780869
5	43	197.28238362139078
5	44	166.5263679122709
5	45	100.41511497928616
5	46	305.378127768823
5	47	124.66329894705312
5	48	95.01376880055064
5	49	36.73255061981013
5	50	216.42616349284324
5	51	426.1993724071964
5	52	421.1629819933508
5	53	219.47053921206017
5	54	330.11572530177386
5	55	136.8542305092916
5	56	305.1324464990039
5	57	92.43094212125965
5	58	32.37382282738736
5	59	38.9306907616544
5	60	213.39371293848578
5	61	172.47319602373938
5	62	38.24966787374713
6	7	5016.3707402767795
6	8	1908.9223214211486
6	9	622.69074340002
6	10	476.7842178140988
6	11	973.4590337655217
6	12	338.0725938462275
6	13	295.26123509394205
6	14	511.3305812310516
6	15	449.5872201728457
6	16	601.3652996433032
6	17	284.52054197913594
6	18	271.7928557277514
6	19	398.4765124727223
6	20	114.23754746860403
6	21	51.70804175358307
6	22	24.733531579026085
6	23	159.85326197780893
6	24	82.969052709032
6	25	98.29588220730096
6	33	124.82121790949363
6	34	26.814176179328495
6	35	31.608584581350993
6	36	117.39147650978585
6	37	89.03528697554003
6	38	115.35501733653115
6	39	100.14518403463492
6	40	28.468091375988173
6	41	193.75307311614705
6	42	63.11934320830242
6	43	50.300203822961386
6	44	169.833922200775
6	45	230.42152025351373
6	46	93.43306860682507
6	47	286.06357587823044
6	48	327.0406610083792
6	49	140.48300328676896
6	50	82.77181117096366
6	51	195.59905367118833
6	52	368.1669773867915
6	53	279.7870912967034
6	54	202.00349930537087
6	55	104.67932659201983
6	56	280.0737009183447
6	57	212.10032181348996
6	58	99.05049950356313
6	59	89.33385129987926
6	61	219.8735831031143
6	62	87.77111516009197
6	63	82.38928187743868
6	64	45.57444472572556
7	8	5320.88593403353
7	9	1114.2597094276575
7	10	522.9771793754168
7	11	1138.9568489779408
7	12	387.7924814834072
7	13	647.7348961602535
7	14	410.57190376956186
7	15	337.55394494305904
7	16	401.71130769456056
7	17	293.72814038735976
7	18	631.3242672685737
7	19	658.1950909132531
7	20	314.4919486605543
7	21	53.38140733777198
7	22	178.73767320169392
7	23	82.51320106623162
7	24	228.4108827892589
7	25	152.21537162650282
7	34	55.36386266093057
7	35	130.5259817765655
7	36	60.595238313362934
7	37	61.2777530701645
7	38	89.31608546852017
7	39	51.69303149542062
7	40	88.16811062653913
7	41	40.00465447230549
7	42	228.0669968828479
7	43	51.9280092300227
7	44	219.16256817400233
7	45	198.23198054084034
7	46	289.3701941694578
7	47	196.88073976613538
7	48	150.05523877052136
7	49	203.04100165910643
7	50	142.4174273593909
7	51	201.92899218003961
7	52	237.5509534118881
7	53	288.8415066951322
7	54	156.4055229280869
7	55	162.10040788089987
7	56	337.32695677516585
7	57	145.976180767071
7	58	76.69196436901076
7	59	92.22485601014581
7	60	84.25316917574742
7	61	181.59127136744817
7	63	85.05554778355739
7	64	235.2465801828736
8	9	3116.5377836079374
8	10	803.075844350097
8	11	1249.2606468762722
8	12	397.7010929523173
8	13	603.8958005226331
8	14	656.2013916552639
8	15	354.0465974359738
8	16	170.2378362009707
8	17	547.6968788520052
8	18	196.1986176914758
8	19	843.7660589457911
8	20	219.90520530095938
8	21	99.53704180017813
8	22	95.22319868077196
8	23	128.21442822509505
8	24	53.23797348567367
8	25	189.2177890371473
8	33	30.034822348850273
8	35	60.84595157774241
8	36	56.49411536421935
8	37	57.130437103051946
8	38	55.51407862825763
8	39	192.7776614872725
8	40	191.80195706663642
8	41	223.78268931066432
8	42	121.50358996894778
8	43	72.6202345035139
8	44	204.32951094129515
8	45	406.59414033826766
8	46	179.8569611233056
8	47	275.3335955497365
8	49	108.17089254323353
8	50	292.112762473506
8	51	439.2787325644135
8	52	310.06270255992666
8	53	377.00955054509114
8	54	486.06633688529826
8	55	352.63515631578036
8	56	314.49646114049
8	57	306.2169521733673
8	58	47.66760340876518
8	59	85.98302110706808
8	60	78.55086293416065
8	61	296.276859515786
8	62	84.47890175547911
8	63	105.73191475325339
8	64	219.32494713794242
9	10	4865.035668818034
9	11	978.0216182469675
9	12	597.5449576796459
9	13	556.2095982004599
9	14	570.8079757835939
9	15	273.75419827639564
9	16	503.48657306413816
9	17	204.1814889253731
9	18	284.4445248064066
9	19	400.3441645145303
9	20	414.45797156146614
9	21	346.3359759242644
9	22	559.1127866387801
9	23	289.9767203292533
9	24	416.7896356204087
9	25	576.08012693379
9	33	287.38932898623193
9	34	336.74817158745174
9	35	238.17550074373733
9	36	270.2830354316258
9	37	248.47942699546246
9	38	217.30440781616656
9	39	209.61367220715596
9	40	262.1806072745176
9	41	324.43531697541215
9	42	264.2299266756612
9	43	252.67979973841733
9	44	248.83531553425306
9	45	128.61194536441644
9	46	195.56455764748884
9	47	133.05756970646027
9	48	273.81124544666426
9	49	235.23574087353327
9	50	485.098606525013
9	51	218.35091424110874
9	52	77.06095191633409
9	53	140.549224108657
9	54	42.28130957695415
9	55	131.462445823876
9	56	351.73300146618635
9	57	147.98224451235754
9	58	373.18030260831904
9	59	249.31265946713955
9	60	375.8084454060711
9	61	331.35618977890755
9	62	244.95137986946554
9	63	206.9385972933175
9	64	152.62683768329768
10	11	1989.1469281134036
10	12	948.1717534536602
10	13	909.4327054447028
10	14	546.3230285875057
10	15	393.0171678634869
10	16	340.15721918136364
10	17	293.13461131499724
10	18	204.1824057083847
10	19	383.1713040355858
10	20	640.7902779769242
10	21	605.9865273889006
10	22	639.1824672087012
10	23	416.3071473887675
10	24	548.5030961458276
10	25	443.06439872912495
10	33	375.08412777030344
10	34	322.30327671999834
10	35	341.93835691338336
10	36	246.9305797383549
10	37	303.2215728278062
10	38	207.9830822976299
10	39	361.12003679948674
10	40	342.18314488135366
10	41	302.75562038135206
10	42	265.5405055720725
10	43	362.76155724647504
10	44	178.62109803508648
10	45	69.24099635565489
10	46	196.53455671369392
10	47	76.41001970100629
10	48	196.54953402024373
10	49	236.40250877734087
10	50	397.9630145194135
10	51	274.2924168790276
10	52	138.29138176560232
10	53	168.1504136203955
10	54	242.8058550059745
10	55	94.36749913501095
10	56	224.43021911339787
10	57	403.6583537245156
10	58	505.9945770226129
10	59	501.0984976102655
10	60	245.24185266566215
10	61	290.7140365111255
10	62	404.41612554140255
10	63	280.58771396888494
10	64	246.50978449615147
11	12	3244.936410941563
11	13	1159.3711406450338
11	14	817.9876409518785
11	15	427.96283739832984
11	16	694.505198750695
11	17	478.7986260752777
11	18	533.6101656961459
11	19	521.5518935728993
11	20	448.56452514339617
11	21	203.0365121560878
11	22	226.60994759304552
11	23	104.61315644549843
11	24	36.19842507974465
11	25	64.32801167816116
11	35	82.74272949872434
11	36	268.8867565753451
11	38	113.23809404410173
11	39	196.61476422294436
11	40	186.30441818787688
11	41	304.3159002036664
11	42	619.6101641051195
11	43	197.50850348624368
11	44	333.43447208619426
11	45	351.8557284748162
11	46	366.87377294955627
11	47	291.2144310421624
11	48	95.12267107639477
11	49	220.6479150031344
11	50	252.78659636215335
11	51	341.3502967095923
11	52	60.235101127897856
11	53	219.7220905556466
11	54	264.3952761915425
11	55	616.5499014846843
11	56	610.964362522839
11	57	185.07376805857047
11	58	194.4655730955834
11	59	77.95062418524408
11	60	53.40957479601786
11	61	402.8987205882371
11	62	114.88052590272724
11	63	179.72738931185654
11	64	477.2063035331393
12	13	8332.36994142807
12	14	1119.098826482714
12	15	557.3520616585538
12	16	428.79060402126106
12	17	369.5155062350117
12	18	360.3395400482296
12	19	724.5190413558407
12	20	317.3336562538973
12	21	274.2154782897528
12	22	187.37945261586674
12	23	161.4715722125869
12	24	167.61801692575034
12	25	297.873007638208
12	33	47.281827530364545
12	34	142.19958630420882
12	35	47.892871730767126
12	36	22.23373413122409
12	37	134.9049834122413
12	38	87.39212973266848
12	39	37.934634822707395
12	40	237.2394293232308
12	41	205.50030445108544
12	42	239.09379746388922
12	43	171.481823487856
12	44	160.83119426307985
12	45	407.3199270478456
12	46	389.3132065554924
12	47	144.4798022208169
12	48	220.23435350268298
12	49	149.0004750960922
12	50	209.02442526500127
12	51	197.57924441958178
12	52	278.92064856793723
12	53	296.7505573885242
12	54	76.51819758410025
12	55	277.56506178742376
12	56	141.454544821741
12	57	214.2475668389815
12	58	281.3997920040962
12	59	180.47648503037058
12	60	30.91435260109385
12	61	66.62985674312363
12	62	110.8246070833975
12	63	145.64089433539343
12	64	138.10748341688767
13	14	1733.9155358813418
13	15	760.5821071361936
13	16	526.6283830377904
13	17	695.8702126107485
13	18	809.250266919785
13	19	711.8668882220137
13	20	623.5842248751273
13	21	346.40601415965136
13	22	276.1609155242793
13	23	237.97773230124616
13	24	226.45003139797137
13	25	73.1678254569845
13	33	116.14038248913184
13	34	59.87844816299597
13	35	94.11305326964525
13	36	109.22735101572424
13	37	88.36610704539396
13	39	186.36094364437997
13	40	84.76238451165057
13	41	230.75621427345874
13	42	234.91854303137586
13	43	224.64968731899688
13	44	126.41810111693991
13	45	142.9310600882753
13	46	139.0962531129684
13	47	70.97838796989672
13	48	108.19421917066101
13	49	146.39850507139715
13	50	184.8368404612291
13	51	291.1934273784233
13	52	171.28119036850592
13	53	249.91581663135935
13	54	187.95493319477106
13	55	350.6374159600161
13	56	277.9686961951299
13	57	131.56637369857037
13	58	294.9181388420577
13	59	177.32485478282598
13	60	151.8725025249566
13	61	294.5983988514622
13	62	87.11143661345211
13	63	122.65507894260462
13	64	67.84786792916537
14	15	4589.601557161192
14	16	2229.3577626717197
14	17	1630.0888158856212
14	18	1012.1596821460485
14	19	456.59417197547987
14	20	349.06414313696786
14	21	236.99856598767016
14	22	170.04545087903324
14	23	122.11186942556766
14	24	221.83013983544438
14	25	394.21305745943914
14	33	178.78293592102736
14	34	122.90005745965505
14	35	144.87474219928419
14	36	235.39771878238162
14	37	204.04210466973905
14	38	165.2243826654527
14	39	286.87830995281234
14	40	163.1007625629053
14	41	266.41426900129596
14	42	144.65055452824885
14	43	86.45470634727226
14	44	291.9062102283351
14	45	396.0426271775041
14	46	588.831368805457
14	47	291.3651982479012
14	48	124.9131422149223
14	49	193.1668800180291
14	50	284.53215234690157
14	51	149.41807133705242
14	52	158.19900068778622
14	53	320.59394037381645
14	54	57.86640969698247
14	55	179.92015445893796
14	56	374.4094105595562
14	57	81.0116931051594
14	58	56.748490047682445
14	59	68.24210810742365
14	60	93.51514539613729
14	61	201.5536544289959
14	62	100.57250150378688
14	63	188.81145945111953
14	64	52.22146149507223
15	16	5365.335904066044
15	17	2311.821660874759
15	18	1176.2157507615532
15	19	459.8544716700759
15	20	470.8347686369617
15	21	191.80514615099415
15	22	183.49248892283202
15	23	197.65254582308916
15	24	91.18943371812404
15	25	121.53916111450133
15	33	128.61395083685582
15	34	44.20629370060531
15	35	130.27608643640013
15	36	120.95845435063012
15	37	97.85669638417254
15	38	237.72023341837405
15	39	206.37625544268636
15	40	164.26537963208867
15	41	223.59716139700643
15	42	78.04469374878441
15	43	82.92574675899759
15	44	139.9955045219894
15	45	189.93836191617592
15	46	231.05295000818896
15	47	262.00507538635696
15	48	329.4894991671941
15	49	115.80129968761777
15	50	136.45897491997056
15	51	268.72319192658057
15	52	303.4830797034051
15	53	276.7569717327756
15	54	249.76972886810302
15	55	431.4401666454902
15	56	153.9113763034615
15	57	87.4180233747799
15	58	40.82407233922166
15	59	73.63863132616208
15	60	33.63674572889051
15	61	144.99488817640952
15	62	48.2336366809317
15	63	113.19027567414709
15	64	112.70217339404451
16	17	4813.727443738163
16	18	1308.879395052578
16	19	568.5786456382581
16	20	461.84299274439076
16	21	166.00777389473004
16	22	229.39677347258157
16	23	133.05344197607178
16	24	217.0427999176907
16	25	140.2565466918725
16	33	89.0525248094216
16	34	76.5212879491456
16	35	112.75423801194012
16	36	83.7518456347895
16	37	42.34759247450135
16	38	61.724214732674334
16	39	214.342921063025
16	40	121.86175344204442
16	41	276.46261812776424
16	42	112.57975549252029
16	43	107.65862304222583
16	44	90.87481173212215
16	45	219.18942407029124
16	46	333.2947234244554
16	47	408.1787393941207
16	48	233.32408596794517
16	49	120.27153407108864
16	50	196.8425692168154
16	51	186.06440872237926
16	52	295.4984286041808
16	53	239.53376491283763
16	54	216.17624713282018
16	55	186.7062043716125
16	56	199.8159497016127
16	57	302.64196242785624
16	58	35.333323981914795
16	59	127.46879324590554
16	60	203.7887394629249
16	61	188.2400897106191
16	62	41.746318140730146
16	63	156.74629022855163
16	64	65.02931853390618
17	18	4901.676924900526
17	19	1567.9345516054796
17	20	437.018293815825
17	21	84.77583028064053
17	22	162.20344876928797
17	23	43.680159306163226
17	24	181.37141000301006
17	25	120.8677810746119
17	33	127.9034897916147
17	34	87.92419793141465
17	35	25.9112887570742
17	36	24.058056424796305
17	37	97.31613783399514
17	38	141.84424279224103
17	39	41.0472473778966
17	40	186.6948351597402
17	41	127.06400850470295
17	42	103.48476843801096
17	43	123.70149974055569
17	44	243.63880097947964
17	45	157.40762164801842
17	46	268.0727208347596
17	47	312.6693171337707
17	48	119.152511044135
17	49	207.29090787538217
17	50	158.3227077941321
17	51	587.9252941517186
17	52	75.45166121988231
17	53	412.8422571399318
17	54	124.1950027919565
17	55	343.24551942413757
17	56	153.06117275577768
17	57	86.93512785795869
17	58	121.79568279451686
17	59	244.1061763727737
17	60	167.25468489089505
17	61	180.24242392677985
17	63	45.026005888156284
17	64	37.35986956936746
18	19	4805.425221181148
18	20	782.7540055523118
18	21	425.16329559340744
18	22	338.9475937455338
18	23	219.06244292949552
18	24	75.80036486424558
18	25	134.70438963723174
18	33	128.2909741082628
18	34	73.49213730528719
18	35	86.63262382341085
18	37	81.34246466820349
18	39	137.23866745550995
18	40	156.05035681360835
18	41	424.82983202745055
18	42	129.7478451322016
18	43	137.862504561704
18	44	290.9248881543343
18	45	263.1408148204811
18	46	128.0404040941722
18	47	130.67356271973063
18	48	149.3918552789537
18	49	192.51749704265703
18	50	37.81008268972607
18	51	536.0967427471867
18	52	252.26747479045815
18	53	536.787176850623
18	54	484.4437586609736
18	55	215.1783647428386
18	56	255.87478734922408
18	57	96.88722033303539
18	58	67.8692574870617
18	59	204.0380811326883
18	60	167.7613838667143
18	61	301.3141155475207
18	62	80.18751976123775
18	63	150.5413747247274
18	64	124.91017165678666
19	20	2387.0049771704976
19	21	457.11122042362774
19	22	516.8096154932305
19	23	214.11217263052197
19	24	266.71486962726965
19	25	157.99248365387055
19	33	100.31353189664507
19	34	172.39535152734626
19	35	152.41489279049853
19	36	188.68512614253237
19	37	95.40519098202114
19	38	92.70594699225438
19	39	241.44734239585563
19	40	274.54320732737494
19	41	560.5601312040473
19	42	253.63172841384997
19	43	242.54487426621816
19	44	477.70918278176856
19	45	185.1800271519886
19	46	225.2646128165838
19	47	357.6178560157488
19	48	525.6574856263876
19	49	90.32019694832323
19	50	88.6936036367583
19	51	419.1858240773453
19	52	517.7903907994287
19	53	359.7648768645992
19	54	405.8541650646328
19	55	420.6317300405564
19	56	150.05558937827
19	57	56.818685033056845
19	58	119.40404373237861
19	60	393.5289379906993
19	61	212.04371559171912
19	62	47.02528788868851
19	63	132.42556023683093
19	64	146.50501224818586
20	21	4646.22189027549
20	22	2032.4782335509683
20	23	1227.658279168882
20	24	1125.7105611062796
20	25	754.9032913495013
20	33	239.65385455162883
20	34	308.8955925423857
20	35	291.301210177311
20	36	405.7000608939532
20	37	250.72035112168524
20	38	310.07055541839725
20	39	346.0975913161861
20	40	327.94846633833316
20	41	327.36125309012436
20	42	412.03811427202555
20	43	347.67082518555014
20	44	293.46948614693326
20	45	176.9615981168882
20	46	179.3893330735507
20	47	73.23139420708597
20	48	83.7214017706514
20	49	172.62343720350518
20	50	190.70395813369774
20	51	200.29102079077833
20	52	212.06162716664915
20	53	85.94956018668202
20	54	116.35261549014439
20	55	120.58913314483057
20	56	107.54700700371289
20	57	162.89108703009288
20	58	266.24453885642384
20	59	251.56109814203586
20	60	282.04787056321635
20	61	439.0382876464527
20	62	269.62962122882584
20	63	232.00542596835507
20	64	455.00978085750415
21	22	4526.783467620282
21	23	2333.8664846148818
21	24	1643.9787566326195
21	25	1460.7525662005678
21	33	585.770367726812
21	34	433.4336503408835
21	35	362.59699674642775
21	36	321.3603868821249
21	37	526.1581456521117
21	38	225.56111338027173
21	39	417.75006782062763
21	40	400.79157934233126
21	41	343.4978235984001
21	42	312.6673620432834
21	43	314.73675585587216
21	44	110.6957445107267
21	45	80.09921349117401
21	46	73.078284648887
21	47	49.720762650791535
21	48	113.68599468306529
21	49	102.55298170723208
21	50	402.8243435524451
21	52	119.98344364300625
21	53	58.35581485581527
21	54	52.66539795964987
21	56	97.359322768289
21	57	202.758577343092
21	58	309.8877391171146
21	59	341.59692815686844
21	60	148.9425670839243
21	61	275.15712853907246
21	62	244.08821828209932
21	63	286.40192423106913
21	64	356.45861727999085
22	23	3628.1681713622206
22	24	2096.9736550687007
22	25	1642.6106767616604
22	33	498.1187760029472
22	34	668.7887705347523
22	35	315.3476173070308
22	36	336.71225186764536
22	37	355.30936896870304
22	38	374.02820662707853
22	39	199.8225835694565
22	40	269.81523084376397
22	41	270.62077934611716
22	42	251.8877039304889
22	43	363.82476424983304
22	44	254.15590454271901
22	45	114.94168174661043
22	46	93.21485271513943
22	47	79.27651814841353
22	48	108.75894906132145
22	49	84.09294046925939
22	50	289.0247324431866
22	51	97.57111294238621
22	52	45.91338896844944
22	53	83.74009190440228
22	54	50.382928433320856
22	55	78.32613353139675
22	56	69.85489497928266
22	57	176.33746232714017
22	58	247.04790981014537
22	59	297.0840308669234
22	60	223.90898246742125
22	61	285.1680797994524
22	62	379.4531994068898
22	63	424.6837720142177
22	64	454.68004166272766
23	24	3655.6837181170517
23	25	3142.613132572201
23	33	1324.6286566356966
23	34	835.6628247003765
23	35	526.5084832692698
23	36	567.6984454420661
23	37	877.0860993885502
23	38	449.379364604166
23	39	295.9588894062314
23	40	137.6700566288895
23	41	166.57399922290983
23	42	373.07297192682313
23	43	472.9839719792816
23	44	205.3267760216638
23	45	41.270564898173554
23	46	100.40821319113753
23	47	68.3154094304903
23	48	19.52530708306247
23	49	181.16473176888186
23	50	177.90210224698976
23	51	35.033548210586495
23	52	49.45651056232322
23	53	30.067429369429433
23	54	27.13548148161736
23	55	56.24702419539538
23	56	50.163716641158295
23	57	113.96722085718869
23	58	186.27876279237267
23	59	304.00941530445164
23	60	328.89268265937943
23	61	118.14400370504434
23	62	628.8238182638927
23	63	265.6198935590875
23	64	465.27917779063455
24	25	4907.0627874068305
24	33	992.1253235073692
24	34	702.9518387452042
24	35	528.9194751137906
24	36	540.1989906922662
24	37	562.8375708100646
24	38	386.05661107253815
24	39	335.1541290211683
24	40	285.82098466306337
24	41	367.4436710906635
24	42	369.67069587278763
24	43	308.6211497307351
24	44	165.77755991422515
24	45	85.68307288922455
24	46	104.23027005760444
24	47	35.45792394732262
24	48	263.4910387516343
24	49	250.74773357087258
24	50	307.78996345184726
24	51	36.36710658434304
24	52	25.66954080840423
24	53	124.8478061111516
24	54	56.336797022531734
24	55	58.38807738429242
24	56	78.10981143516511
24	57	177.4581057186052
24	58	262.43003262152035
24	59	348.80070351850196
24	60	182.0864225827181
24	61	294.33882397860157
24	62	620.1221055289168
24	63	291.04913876087494
24	64	432.1490495250244
25	33	1824.9633334140626
25	34	983.4219322394274
25	35	657.9578163326385
25	36	669.0801056856503
25	37	764.8705917012668
25	38	485.95843629015945
25	39	198.53348755718173
25	40	338.62054492905696
25	41	422.51777827981766
25	42	250.26272526752933
25	43	199.4359486394451
25	44	210.43024438133338
25	45	38.066723215514024
25	46	138.92025719329956
25	47	220.5422499053378
25	48	288.152861396573
25	49	139.25073309258383
25	50	300.83446933843385
25	51	193.88332380913667
25	52	91.2343847691999
25	53	55.46657839223042
25	57	175.199873594976
25	58	294.54498436872774
25	59	413.2344741457927
25	60	283.1366366320994
25	61	217.94492514017492
25	62	609.0085128528325
25	63	517.2217397780687
25	64	180.69872340043958
33	34	4995.201041564164
33	35	2367.2755494946064
33	36	1311.3895687042277
33	37	1625.0134618425222
33	38	980.0924859983984
33	39	661.7838589201252
33	40	501.6642866654215
33	41	317.0434241857334
33	42	278.07203394122735
33	43	633.135321746203
33	44	240.493730947443
33	45	145.01730835567903
33	46	29.40135996383053
33	47	160.03200375003522
33	48	297.30307225718263
33	49	212.1933782985728
33	50	295.1935931143836
33	51	123.10155860922096
33	52	202.7447827959828
33	53	70.43434284761662
33	54	31.783059711028038
33	55	32.940313400758136
33	56	205.64394291090287
33	57	266.9734817904585
33	58	405.1975669966775
33	59	356.07805248938575
33	60	205.45234899312507
33	61	193.73045204749926
33	62	699.6982061394534
33	63	553.0905565685339
33	64	344.1909399777221
34	35	3999.942447408489
34	36	1618.861079474992
34	37	1942.0442216484043
34	38	1216.4770965368427
34	39	758.2125019062906
34	40	662.0025207648612
34	41	209.5614678051808
34	42	375.4810232576723
34	43	353.6274208935218
34	44	298.49745788045624
34	45	62.305427239960665
34	46	50.52815597678546
34	47	103.13454109827072
34	48	78.60534356165148
34	49	395.05718351780183
34	50	298.4173268051392
34	51	70.51935422991836
34	52	124.4393362026868
34	53	121.04601507906179
34	54	54.62126243391231
34	55	28.30503921392175
34	56	50.48750531980257
34	57	210.2885365504863
34	58	334.78772312104036
34	59	402.5943240968622
34	60	264.81245293990844
34	61	261.5944773013063
34	62	601.2385165173358
34	63	475.26110945143085
34	64	295.7572969819342
35	36	3386.32451967221
35	37	2213.605353849655
35	38	1783.2887031209689
35	39	893.7818502176285
35	40	635.1843982181758
35	41	395.2501146226382
35	42	342.0226152938407
35	43	561.1529110533899
35	44	162.40115931710108
35	45	146.8914318799098
35	46	208.46928820370812
35	47	202.6252111213351
35	48	162.15513612681733
35	49	358.2260803570731
35	50	334.185983912684
35	51	166.25660679902307
35	52	29.33784918382608
35	53	142.68919471365612
35	54	193.16283842589002
35	55	100.09804740292286
35	56	119.02946945388848
35	57	135.21184973996833
35	58	284.14669593451555
35	59	607.460729922505
35	60	260.1343769658137
35	61	196.23411731103866
35	62	559.5321465363755
35	63	297.6266463663759
35	64	348.63907340919695
36	37	2828.2105357975474
36	38	2714.054556842378
36	39	1452.2490631580633
36	40	1145.8089638623758
36	41	573.4077461867696
36	42	448.32057316374727
36	43	491.2455629314294
36	44	351.83369993713274
36	45	68.19271688263366
36	46	82.95390276009262
36	47	150.50640847809328
36	48	322.6230949944391
36	49	415.7562045166928
36	50	359.27652051004355
36	51	154.3655688043402
36	52	190.6767920244063
36	53	33.12093745969585
36	54	179.34740759817166
36	55	92.9388150104287
36	56	193.40338524497957
36	57	397.54713654691386
36	58	219.85324967580536
36	59	334.88319562479796
36	60	313.9876928245138
36	61	286.3127486465138
36	62	380.97633010435175
36	63	406.38196228736655
36	64	377.65424722338975
37	38	4315.447049160857
37	39	1168.8908697640095
37	40	732.7167045448742
37	41	556.6716739835678
37	42	321.13724913592625
37	43	572.0482111335002
37	44	152.48424878212535
37	45	114.9346764565663
37	46	139.8137573980246
37	47	190.2520476582752
37	48	239.25510529145427
37	49	336.3512612047068
37	50	313.779156040021
37	51	117.07819959268282
37	52	110.18541770244452
37	53	33.493995296478
37	54	60.45582932587123
37	55	62.65708786388361
37	56	55.88051005587819
37	57	275.06967568211667
37	58	296.4394237338088
37	59	320.83119861466685
37	60	415.2240776815951
37	61	289.5376336541676
37	62	858.0957037187405
37	63	378.08250765820634
37	64	327.3496779730161
38	39	3349.213160269596
38	40	1357.7414570954254
38	41	563.460503848919
38	42	440.5432917859482
38	43	453.4676584751629
38	44	345.73023325191394
38	45	156.35605441518885
38	46	190.20132247014843
38	47	184.86935631214692
38	48	274.7561803133244
38	49	506.59435719367315
38	50	320.9490352972502
38	51	113.76577368439638
38	52	26.767001323191717
38	53	32.54636902465227
38	54	146.86346862433737
38	55	30.442183525392313
38	56	190.04830266232136
38	57	308.40840940857026
38	58	374.4681645400313
38	59	381.03279712401013
38	60	261.0729534297053
38	61	383.65351710549834
38	62	493.48418008088964
38	63	335.4390603694666
38	64	212.0587750153372
39	40	4513.635190606399
39	41	900.0670900781674
39	42	350.58522708591084
39	43	457.17313886690687
39	44	385.9005600249824
39	45	155.13158503080194
39	46	283.0677015364983
39	47	353.08656273669277
39	48	440.361091758549
39	49	624.2303941150554
39	50	501.53605547888986
39	51	790.1238875557755
39	52	185.90166847862406
39	53	282.55052889327567
39	54	152.9990053396472
39	55	369.99632951223526
39	56	235.6999744484747
39	57	249.89442555743292
39	58	300.08644314682783
39	59	330.79271691267707
39	60	535.7178599277512
39	61	177.63620732469855
39	62	354.55209738375424
39	63	166.40607014224832
39	64	230.12290169626618
40	41	3070.325437507298
40	42	761.0417720486138
40	43	837.5186212837033
40	44	511.92987179500255
40	45	418.9402787162931
40	46	348.69096808580434
40	47	328.4878327898265
40	48	542.4495078708641
40	49	435.5562720974476
40	50	380.18867357251327
40	51	262.0416127618542
40	52	369.9215309686694
40	53	192.7683137857699
40	54	173.97100845258
40	55	300.50911781187597
40	56	241.20722837653938
40	57	446.5185306908564
40	58	341.22013421791195
40	59	290.6500842274745
40	60	328.00395960118925
40	61	454.46692695205877
40	62	403.151548560069
40	63	268.0557411180485
40	64	313.9997925131004
41	42	2565.150129678749
41	43	1415.2045586719923
41	44	829.5669282475379
41	45	480.2183410725635
41	46	292.08387192952057
41	47	422.2950086708871
41	48	425.9881073606107
41	49	285.4592394200603
41	50	409.69605089556796
41	51	662.4236359075585
41	52	467.5684196911422
41	53	306.12773781417366
41	54	434.1487548936081
41	55	409.05141345933725
41	56	328.32999684821345
41	57	442.03538180882134
41	58	348.3502744083104
41	59	418.9037816768026
41	60	478.3684777736774
41	61	618.6179647189205
41	62	182.9225814928001
41	63	407.8026437235853
41	64	641.122272205878
42	43	5090.585342038134
42	44	1972.8231782418288
42	45	684.4325762794699
42	46	535.2343473509903
42	47	283.23631982904215
42	48	254.4208979507474
42	49	500.74043652131076
42	50	737.5837625851683
42	51	248.99899740522795
42	52	263.6320507237037
42	53	213.70258366459365
42	54	96.43196347706947
42	55	233.20068293887005
42	56	237.69055258475385
42	57	292.5056658699631
42	58	488.60648401984093
42	59	511.75184878117784
42	60	493.4904766561674
42	61	279.9006473753449
42	62	391.0664056411696
42	63	664.2535939176929
42	64	493.14105596951634
43	44	2498.2193307908046
43	45	720.7450004084707
43	46	616.10125296924
43	47	306.3245342272098
43	48	276.47675829032096
43	49	399.04322096267
43	50	825.6982086744484
43	51	363.78627249965774
43	52	116.71669369444048
43	53	141.9174504626056
43	54	102.46298881438325
43	55	53.09688548256806
43	56	189.41710470746122
43	57	519.9914492494646
43	58	678.2636859138211
43	59	725.0102845117942
43	60	413.9638758856456
43	61	401.4982731920702
43	62	296.80313531860094
43	63	626.8593437585521
43	64	554.805496286322
44	45	3354.322266791202
44	46	1280.128071933517
44	47	1061.4938610817276
44	48	840.148067481039
44	49	866.142014474127
44	50	567.0290006775551
44	51	558.3137461877279
44	52	315.26637860882926
44	53	191.66838629731873
44	54	172.9783375585282
44	55	448.1916390780167
44	56	559.6054580196096
44	57	575.1438816593693
44	58	445.2960056943241
44	59	254.99263030411964
44	60	314.48479836330387
44	61	564.842198412387
44	62	175.37239283446772
44	63	329.2382802794669
44	64	507.3382007833004
45	46	6766.317751042613
45	47	1575.5790336256612
45	48	928.781053767737
45	49	652.8526913506439
45	50	384.6572071115477
45	51	403.9946806604223
45	52	570.3152609922308
45	53	390.06801809046567
45	54	312.91692493825457
45	55	324.31055000947856
45	56	289.2352576360035
45	57	492.8363670073815
45	58	249.3332490048704
45	59	207.5761618321599
45	60	284.4506931695281
45	61	340.5988794073971
45	62	226.60554189029267
45	63	127.62650558833022
45	64	141.19572332540594
46	47	3593.6873812055846
46	48	1164.0647934629592
46	49	555.9197052970289
46	50	571.9036645133162
46	51	675.7361835349766
46	52	433.6045591273715
46	53	369.0580680000443
46	54	380.6517961179166
46	55	246.56982317562571
46	56	131.94147337368125
46	57	399.6780686132719
46	58	93.3244985162632
46	59	168.33911822499698
46	60	153.7883041546469
46	61	290.02810461412645
46	62	82.69716303888109
46	63	103.5019301987525
46	64	257.63901568406516
47	48	4356.0141389207665
47	49	1440.8945461020885
47	50	813.593493942364
47	51	668.7347770753165
47	52	826.0404376153388
47	53	538.0682420032437
47	54	582.7198848560221
47	55	436.1769471691946
47	56	628.3893360378203
47	57	679.8291202880058
47	58	238.10930612639936
47	59	152.71201985141312
47	60	313.90193978904574
47	61	366.4669667387018
47	62	168.79567035768844
47	63	70.42030241915744
47	64	175.2915850420012
48	49	4735.973190921493
48	50	687.4921460372268
48	51	860.0934100489151
48	52	1045.548442319971
48	53	246.05746185825768
48	54	592.1701402210895
48	55	383.58228767944354
48	56	342.0965546706043
48	57	336.7914439260349
48	58	381.10407617178896
48	59	109.11700257802767
48	60	388.77228261400614
48	61	290.0502067695133
48	62	214.41639109570258
48	63	161.01527207811273
48	64	133.60078125643477
49	50	3455.219436563754
49	51	1293.1106713310235
49	52	651.9540844363964
49	53	317.0880139018295
49	54	143.08399669883704
49	55	296.5876625312663
49	56	423.21711202492145
49	57	721.1319451524399
49	58	308.70347359314417
49	59	371.2270723041179
49	60	531.8318156941884
49	61	548.2111787057514
49	62	298.41800550992986
49	63	311.24444943995894
49	64	232.4267192994039
50	51	2575.9262504471812
50	52	819.4725394600106
50	53	373.6530198994404
50	54	309.1157745589943
50	55	349.4956318469798
50	56	363.6459014457756
50	57	531.1087088575458
50	58	606.2879500560227
50	59	447.3919324165142
50	60	522.2539571044257
50	61	391.5187935313065
50	62	634.9281030349364
50	63	733.5340559178946
50	64	481.8419064633029
51	52	2602.179032922162
51	53	1545.2218347903074
51	54	1261.7298421830114
51	55	619.422970432907
51	56	797.9548243485185
51	57	790.2288318544449
51	58	358.1815705647188
51	59	195.78466829550902
51	60	321.95075263210975
51	61	346.95102308982666
51	62	230.831718335225
51	63	252.7908646529142
51	64	179.7862662851797
52	53	5920.872967633384
52	54	2015.5360952180986
52	55	1457.3887147927267
52	56	736.5347202520843
52	57	623.4001480830406
52	58	206.85327973166395
52	59	110.55490534510689
52	60	265.1218885973803
52	61	163.2624328682925
52	62	244.39712574314999
52	63	76.4705018887717
52	64	211.5020656851165
53	54	4445.489115038157
53	55	1831.1278389973363
53	56	579.4818154583426
53	57	638.3165529295056
53	58	195.6233832883168
53	59	302.4568042889357
53	60	276.31319150347264
53	61	297.76959271436004
53	62	165.09214600884337
53	63	154.9692439074579
53	64	51.433660396415796
54	55	5384.180090559529
54	56	2424.702920035389
54	57	504.06366437529437
54	58	201.76876938400548
54	59	212.30495104374168
54	60	249.36922272501297
54	61	89.57778608914813
54	62	119.1948886818521
54	63	139.8578174614586
54	64	92.83647910668277
55	56	4385.41188262556
55	57	1007.5187653585042
55	58	365.9519088802256
55	59	282.9023888218357
55	60	301.5238461690653
55	61	371.35761934861836
55	62	61.76744820329196
55	63	231.92029366786429
55	64	240.54187549533273
56	57	3694.047825130222
56	58	582.8088597681009
56	59	308.37342596375646
56	60	345.74530312414527
56	61	745.1865582963736
56	62	165.26126387136577
56	63	413.67464539816535
56	64	643.5793531167564
57	58	2506.9373345638837
57	59	1316.2698913093188
57	60	1192.7972618332392
57	61	721.0897803630207
57	62	625.7632746703331
57	63	391.5956992709673
57	64	617.3528280868467
58	59	5487.647738137429
58	60	1936.0340161705037
58	61	966.3195868783658
58	62	993.5834086981773
58	63	960.0913554779315
58	64	887.668992431228
59	60	2818.2878132130677
59	61	1214.853926772081
59	62	1177.2490396960868
59	63	1072.0770521545921
59	64	821.1184703339432
60	61	4089.537478425169
60	62	1637.3139946135097
60	63	858.8666889887894
60	64	1050.2002490906511
61	62	2958.0576945432767
61	63	1144.7713401532515
61	64	1212.590239453256
62	63	3629.9130362901365
62	64	2474.0470399155447
63	64	5805.866730248396
