19	20	22128.036983545004
19	21	3678.662060297
19	22	1295.3352363944525
19	23	785.8663279228508
19	24	1141.9271071136293
19	25	2246.3916246260997
19	26	3432.0508208148703
19	27	2641.075517235257
19	28	2672.028641068454
19	29	1644.6629248933796
19	30	1990.1823123255208
19	31	868.5083259895085
19	32	795.7362899387934
19	33	912.5497491175394
19	34	771.7225996763799
19	35	289.7698686004097
19	36	919.8480245748945
19	37	1411.2604214889316
19	38	1672.1248634478113
19	39	765.9924766425
19	40	495.6657235772794
19	41	748.791926848226
19	42	909.8790231763545
19	43	1236.6281105329756
19	44	1043.339389544606
19	45	734.9038023510818
19	46	1621.4429282294734
19	47	1547.774008815101
19	48	1241.208279912846
19	49	1085.285387761636
19	50	316.476943194825
19	51	321.0801346406219
19	52	271.7218523462894
19	53	266.94859590839224
19	54	580.1250713542366
19	55	147.83615577280094
19	56	286.54304016597484
19	57	650.3789640836004
19	58	265.78681386390343
19	59	318.4475892164513
19	60	348.1483917118297
19	61	148.04142408931244
19	62	261.81239411309133
19	63	173.30766920959135
19	64	292.0872554939177
19	65	157.51579826306502
19	66	420.55136729241906
19	67	177.7017543625951
19	68	98.64934954148895
19	69	261.98358458537643
19	70	167.44360201179876
19	71	148.7800574795555
19	72	180.5208865404743
19	73	175.074961709219
19	74	134.3210597615822
19	75	109.57033366257772
19	76	53.20099067766487
19	77	128.70069004110033
19	78	298.7155286251394
19	79	613.8967094922151
19	80	748.5410514064089
19	81	272.5276062426615
19	82	748.5085978097985
19	83	277.2121271621846
19	84	512.2403033889098
19	85	236.7191144376277
19	86	549.984433135253
19	87	499.8985178019954
19	88	170.44559369773384
19	89	400.66745675121274
19	90	101.64921012777539
19	91	221.28254870237367
19	92	392.31553847596274
19	93	273.1254268982507
19	94	195.7005052427782
19	95	321.23234553089316
19	96	359.84390585428235
19	97	655.8268857259987
19	98	1036.0821739340483
19	99	444.51700465877207
19	100	422.4134944956203
19	101	427.8885932247638
19	102	296.47130986594016
19	104	80.98569857251164
19	105	113.01755964854605
19	107	189.8832715337511
20	21	6830.578543106451
20	22	1726.1429754330447
20	23	994.1835533208127
20	24	1517.5898755236078
20	25	2673.1452579769225
20	26	2839.285758326389
20	27	2012.2962145836852
20	28	2035.880111943913
20	29	2005.9659653099004
20	30	1771.136939737045
20	31	496.4859718275192
20	32	1115.3444273208788
20	33	933.5011600749806
20	34	865.3484948415129
20	35	812.312350801116
20	36	977.1580364762902
20	37	1382.3923622571854
20	38	1499.9905244484667
20	39	890.7351594804637
20	40	707.3820935030691
20	41	858.2944322650063
20	42	930.7691164064033
20	43	850.4827448023341
20	44	1028.109768943864
20	45	763.0211265950102
20	46	855.6035080043063
20	47	1229.3486059929749
20	48	1113.4339901491205
20	49	842.5058727760118
20	50	433.7326092397872
20	51	308.60039014531895
20	52	406.2497690958074
20	53	199.55665050822952
20	54	325.253113960075
20	55	257.8671445308259
20	56	285.6058941604363
20	57	411.3906185717249
20	58	430.49102135489477
20	59	510.1169441860579
20	60	227.72515755981445
20	61	110.66793824931591
20	62	228.336614002862
20	63	453.44476340129967
20	64	174.67918619811033
20	65	157.0006390008965
20	66	69.86265729712187
20	67	221.4007205479914
20	68	73.74503582731232
20	69	78.3380282635959
20	70	208.61996703149515
20	71	74.14673433540143
20	72	101.21089982382448
20	73	43.62559369362338
20	74	100.41131959328808
20	75	40.95449295465979
20	76	238.6214799271153
20	77	48.10491423508628
20	78	223.303929149282
20	79	458.9167089919081
20	80	629.5159093759056
20	81	305.5908353127704
20	82	404.11614867778553
20	83	414.4582472029989
20	84	452.54625795615954
20	85	283.13390255647914
20	86	598.0207588637397
20	87	475.61524261383795
20	88	382.2483312541417
20	89	224.63834853160583
20	90	189.96893232271472
20	91	165.41912904506722
20	92	41.89633510001507
20	93	245.0089471719082
20	94	475.4598760386846
20	95	200.1135920660096
20	96	269.00027068403006
20	97	326.84099394585456
20	98	606.1462680717893
20	99	415.37175088802775
20	100	405.99512439441867
20	101	639.7337597079134
20	103	173.65067273203402
20	104	121.08124930348404
20	105	337.94379888504807
20	106	81.04245567954742
21	22	9710.748594271374
21	23	4810.7367652111125
21	24	4919.162077316673
21	25	3040.2857944929106
21	26	1587.3877563089097
21	27	932.7422370861759
21	28	471.836938391966
21	29	971.4660973884406
21	30	821.8719444674911
21	31	1720.0880042308145
21	32	913.3418327817026
21	33	882.0376360484478
21	34	787.3591540307342
21	35	1773.8469136486965
21	36	1086.667860141822
21	37	595.8021589515133
21	38	292.4580453731782
21	39	1085.4346220895586
21	40	689.6029709053067
21	41	662.1020142126602
21	42	439.72810439574886
21	43	656.0759539132996
21	44	193.54171126993774
21	45	583.1733743720241
21	46	340.5904389854852
21	47	493.479633550667
21	48	151.96289988002553
21	49	553.6376575911194
21	50	1345.3723438998875
21	51	842.3635456702596
21	52	877.8869224533844
21	53	762.6009372413617
21	54	690.5260817888122
21	55	804.4351729027372
21	56	584.6978844291641
21	57	357.29985182847656
21	58	632.7350298449855
21	59	603.385598325944
21	60	488.403484651369
21	61	302.0820447174831
21	62	400.67580999329834
21	63	530.4576276752471
21	64	715.2131851065365
21	65	428.55297389291917
21	66	381.3978049932966
21	67	664.7751983580699
21	68	452.9167708054467
21	69	160.37511946565974
21	70	341.6726499474163
21	71	505.98207284530633
21	72	552.5357398020611
21	73	178.62231040161296
21	74	411.12797277185166
21	75	614.8473932289351
21	76	379.9526011262374
21	77	787.8504515204804
21	78	609.5361364634456
21	79	357.90595077316044
21	80	286.39046396323835
21	81	648.7822347643996
21	82	381.83739636716314
21	83	188.5526448847529
21	84	380.08673263105345
21	85	241.51548984657754
21	86	51.011650392727994
21	87	139.09838289379647
21	88	260.8487140036937
21	89	613.1786018594746
21	90	362.980851470216
21	91	451.5323003916903
21	92	686.1678697584109
21	93	222.92757025083358
21	94	399.3315326412802
21	95	436.98815771466167
21	96	734.2700431874234
21	97	669.1151744841645
21	98	321.71852437199226
21	99	283.4523481034316
21	100	923.512260058701
21	101	363.79868547987115
21	102	604.9567547414538
21	103	395.0011110962968
21	104	247.87986438409504
21	105	691.8450504843049
21	106	442.43113421795425
21	107	581.1919934783468
22	23	17094.483458263494
22	24	5898.001960338602
22	25	2663.8418884802195
22	26	1152.215191581123
22	27	639.4235543124827
22	28	597.1546433367608
22	29	670.6270867182517
22	30	780.1179940567766
22	31	1236.8951190085043
22	32	1059.5944262790376
22	33	930.2522882855164
22	34	996.47809772064
22	35	982.175440821682
22	36	797.0383214490013
22	37	706.9166739185602
22	38	508.93362760043544
22	39	659.38609401282
22	40	567.2929114026779
22	41	338.40419382368367
22	42	556.5178517826363
22	43	383.22770208523764
22	44	459.2727996696806
22	45	790.7802009875545
22	46	369.4711557576242
22	47	515.2500689035398
22	48	240.40442760675776
22	49	687.2066150833043
22	50	970.5372932466126
22	51	710.7276006394983
22	52	657.8583288429284
22	53	517.0415428125483
22	54	468.17496969242717
22	55	524.9523613622574
22	56	462.4943336171212
22	57	387.5974604581337
22	58	257.3956679408479
22	59	837.0691350277654
22	60	295.01238495958177
22	61	238.94602270659647
22	62	464.83566149675033
22	63	503.50853708998756
22	64	565.7315585517579
22	65	355.9333695681712
22	66	226.26341957216914
22	67	860.4576933948593
22	68	620.9768141321869
22	69	659.6525267197495
22	70	162.15724608639727
22	71	432.24878293816124
22	72	262.2325022046733
22	73	169.54767640180086
22	74	390.24124327204396
22	75	583.6110093374374
22	76	515.2138411804074
22	77	498.54994077380775
22	78	289.28479143491995
22	79	169.86154245662124
22	80	226.53402776425304
22	81	395.88547050947375
22	82	161.08387996451756
22	83	223.71689423724354
22	84	360.7770059846107
22	85	275.09479656686995
22	86	290.52048786275077
22	87	220.05283623180077
22	88	330.1289240019804
22	89	291.0134991839185
22	90	393.76018631075743
22	91	1071.482226655263
22	92	488.4811183897123
22	93	581.9057065525653
22	94	521.1856420201443
22	95	311.0907307255201
22	96	348.4832868692802
22	97	381.0730792494035
22	98	305.3741055081263
22	99	161.4311903709559
22	100	935.0342703594825
22	101	483.44302751118533
22	102	574.2228496505976
22	103	524.9071550843787
22	104	627.4312160091343
22	105	109.44948634539048
22	106	419.95409535241396
22	107	367.77694722093923
23	24	14178.26614828266
23	25	1524.9589628240362
23	26	570.8111923406886
23	27	475.1587951383102
23	28	480.727605621149
23	29	674.8439396311937
23	30	640.3327453346147
23	31	1433.8628615960904
23	32	1033.946256195905
23	33	549.1796317499702
23	34	1114.1598637722582
23	35	1807.2709238131235
23	36	754.8706246981701
23	37	354.1000527126958
23	38	347.6301914217203
23	39	663.5322644052177
23	40	374.7183634101383
23	41	363.23419099614483
23	42	398.23444932935513
23	43	154.25496367382118
23	44	98.59427683184667
23	45	509.2816433199545
23	46	297.43549017884243
23	47	150.83343207598287
23	48	464.47885948609917
23	49	260.33984708869036
23	50	822.4336497554549
23	51	619.8370555708432
23	52	706.1278856131399
23	53	610.4767226201785
23	54	552.7794141180915
23	55	870.8174334685573
23	56	496.42929425172775
23	57	364.0323346528811
23	58	736.7513674815283
23	59	189.15538258623693
23	60	316.6585607992468
23	61	307.7740766822707
23	62	272.1504077585696
23	63	405.3396488597258
23	64	1093.034565574813
23	65	818.6776044527644
23	66	291.438268178695
23	67	615.7284884980578
23	68	512.7232573114358
23	69	490.191044249399
23	70	406.1291203434954
23	71	257.7580627696485
23	72	516.0347388450778
23	73	667.2894487007942
23	74	488.68717456938276
23	75	626.4327591152077
23	76	387.1119222064997
23	77	535.1304378411528
23	78	362.26249738978225
23	79	136.74369529474936
23	80	340.41796211097363
23	81	141.64436220763804
23	82	129.6774106733972
23	83	96.05273997611788
23	84	96.81214527671419
23	85	196.85302901472232
23	86	103.94569206749017
23	87	47.2397892247819
23	88	310.05776662942156
23	89	416.48834884161505
23	90	581.1463106274316
23	91	747.5656078293913
23	92	582.5809198111566
23	93	965.2945127931865
23	94	254.28500282044587
23	95	612.1804987459991
23	96	534.3611789515488
23	97	363.5856481105914
23	98	327.78056002228124
23	99	115.51733874490179
23	100	752.730956678071
23	101	148.26144947013583
23	102	986.1692073615822
23	103	563.4215807753925
23	104	252.55058260841412
23	105	117.48020962271283
23	106	450.7677176138362
23	107	1381.6674708869439
24	25	6301.432264320376
24	26	1397.7510076836008
24	27	443.2480142386551
24	28	728.719604871855
24	29	1369.2118199434774
24	30	982.1470321742718
24	31	1783.4230650072066
24	32	1030.8182977162962
24	33	628.7290557628809
24	34	1122.4817563971008
24	35	2449.820487717726
24	36	1214.7017328277693
24	37	477.78334812269514
24	38	469.0536346820709
24	39	835.6104067664983
24	40	688.1824197064742
24	41	599.0208174120688
24	42	313.4444887269581
24	43	53.960807708748376
24	44	569.0821243534035
24	45	935.3122447015196
24	46	468.21421554746047
24	47	474.8751202173187
24	48	541.6066540005882
24	49	455.35482596797294
24	50	1323.4209238083215
24	51	900.6731941468619
24	52	889.2526277607238
24	53	524.1788358325576
24	54	685.587794180998
24	55	806.3619031976511
24	56	520.9762794684054
24	57	218.30438580902603
24	58	338.26694145794187
24	59	645.1528404093301
24	60	379.7901782124152
24	61	376.8247115630957
24	62	428.41118120430764
24	63	283.5883439718866
24	64	892.1748475184881
24	65	286.38627722053377
24	66	458.77356476105047
24	67	581.5570248035893
24	68	538.075931626196
24	69	342.9530440942491
24	70	243.54915686346186
24	71	649.2082788810857
24	72	689.2469261916491
24	73	509.298161289896
24	74	146.5289527080654
24	75	418.35056943282063
24	76	580.3621160275729
24	77	561.5910820835121
24	78	597.4183672221205
24	79	47.83509114680059
24	80	153.1074173833864
24	81	545.0436349720513
24	82	544.3583263598895
24	83	403.2090747660783
24	84	253.99806094058778
24	85	206.58683894301478
24	86	109.08550431479925
24	87	99.1513189014949
24	88	325.3892216863608
24	89	327.8118650539661
24	90	332.6630759926089
24	91	724.1820494451784
24	92	366.8327114538829
24	93	476.717891682871
24	94	373.6021196153793
24	95	584.0464040678037
24	96	448.6270284627703
24	97	286.17292595455876
24	98	147.4235810069608
24	99	545.53200873964
24	100	526.6342092642934
24	101	388.98136767880465
24	102	582.1494791327215
24	103	337.87493701625567
24	104	618.4231074454854
24	105	123.28926441108453
24	106	354.79265297119946
24	107	414.281974308539
25	26	6421.1867212501775
25	27	3363.2535681801487
25	28	2835.5587848924683
25	29	3309.5419465441705
25	30	2689.545637814405
25	31	2658.1032730904763
25	32	2195.533453892082
25	33	1363.039054747547
25	34	1351.9217487574829
25	35	1199.2656018447651
25	36	1602.930229645539
25	37	1342.7033062766056
25	38	1355.8324092767266
25	39	1174.1481367370634
25	40	923.5754924414682
25	41	1023.1659814902737
25	42	981.536037623944
25	43	896.8706080663811
25	44	747.7144409774041
25	45	1094.3084587009487
25	46	827.081450206737
25	47	800.7182290755196
25	48	900.1923983942768
25	49	658.1175212365755
25	50	665.2940774285314
25	51	470.0689861478166
25	52	464.10849559779996
25	53	294.6174908430907
25	54	685.9867760413042
25	55	427.32169388003626
25	56	414.127574723461
25	57	552.1461130383954
25	58	558.733888596109
25	59	430.3521939398741
25	60	583.2116323304928
25	61	466.8163895279731
25	62	722.3723200598079
25	63	307.3994948713196
25	64	92.10335477085496
25	65	289.7368629747725
25	66	405.2024614581804
25	67	280.17189072123347
25	68	155.53461966989232
25	69	123.91622664811707
25	70	219.99872170223915
25	71	390.95459088346036
25	72	177.88540649941146
25	73	184.0202542961665
25	74	370.6081826323073
25	75	129.56481912340092
25	76	167.75773767534162
25	77	355.1008972406742
25	78	313.978121161099
25	79	276.5413679034755
25	80	590.0902959772304
25	81	465.4847457059095
25	82	426.15784765665774
25	83	728.440058423275
25	84	330.38963959324786
25	85	373.2210866445254
25	86	512.3938568941996
25	87	214.95287795866662
25	88	604.645941459881
25	89	355.33619019406524
25	90	480.79296955686283
25	91	174.44158127739752
25	92	220.90743031851005
25	93	172.2483101702781
25	94	231.41209592572983
25	95	253.23406043747943
25	96	283.67234704388886
25	97	241.2675129988175
25	98	710.2303242156662
25	99	219.01368197606746
25	100	523.2813768209575
25	101	281.09447721324176
25	102	280.45731251562256
25	103	183.1220978863155
25	104	191.52807217768725
25	105	178.18813035926962
25	106	85.46275271158075
26	27	11150.326497940376
26	28	7318.502838098579
26	29	3712.1516434778273
26	30	3579.4863463093466
26	31	804.0091029886742
26	32	900.0837549703477
26	33	1814.0535030742342
26	34	877.1380820974475
26	35	570.0318706845923
26	36	799.9957488774888
26	37	2106.094039305257
26	38	1616.4974402194634
26	39	937.5964099445947
26	40	780.054216153484
26	41	1021.2901602951075
26	42	1205.8295860676644
26	43	934.1492144083845
26	44	1343.418513879187
26	45	963.7960662847988
26	46	1388.4504300275344
26	47	1446.2623253551487
26	48	1328.2795237895443
26	49	1116.7486346860014
26	50	332.03718031688175
26	51	216.55716242039622
26	52	178.17600859946563
26	53	168.04420223512042
26	54	304.3240543514264
26	55	116.32861737767213
26	56	300.63151563482694
26	57	314.93362059815973
26	58	174.28422934599521
26	59	143.1877359370499
26	60	239.70569468334992
26	61	349.47041382889654
26	62	309.0205538047155
26	63	375.0216849555805
26	64	91.93449709951844
26	65	165.26038510942635
26	66	147.0762122136881
26	67	233.04853135697545
26	68	77.62473514939316
26	69	82.45936323533735
26	70	219.59538707956378
26	71	195.11891717212686
26	72	177.55928031670098
26	73	137.76216059339217
26	74	52.84696116822088
26	75	86.2181876547612
26	77	101.27139230434459
26	78	195.87655588802903
26	79	345.04296353632907
26	80	662.6345107766023
26	81	393.1496032697502
26	82	294.49145854526375
26	83	945.2359448401226
26	84	512.9972085749712
26	85	447.0442101871136
26	86	511.4544596952862
26	87	643.6763823985332
26	88	335.2985632866028
26	89	236.4564897628648
26	90	439.91888218657573
26	91	43.53044220778237
26	92	88.200971886013
26	93	85.96625937862895
26	94	230.98783659517346
26	95	126.38489690581669
26	96	242.7019511913974
26	97	378.4395768071006
26	98	602.588990025784
26	99	568.3915985171399
26	100	284.9029194485764
26	101	841.7373980897253
26	102	139.97156807237832
26	104	63.72564473864965
26	105	88.93072458890862
26	107	298.828907248064
27	28	12027.171220601147
27	29	5102.9111730618515
27	30	3227.967167669531
27	31	1070.8465475975581
27	32	1172.7457845967326
27	33	1971.4771205735517
27	34	898.6506433713904
27	35	442.8760621116171
27	36	1268.453841703061
27	37	2082.5535546120127
27	38	1627.2571993104677
27	39	929.143818756208
27	40	826.4306801000508
27	41	1220.7278702656893
27	42	752.8240611049588
27	43	1425.6206584225347
27	44	1408.2273485897263
27	45	427.88806176975254
27	46	1707.6448037490584
27	47	1562.9685150065545
27	48	1777.7858550679575
27	49	1093.6611797553933
27	50	368.52906566880927
27	51	520.7744669380404
27	52	118.65485288923291
27	53	373.0255315484066
27	54	295.54891078970974
27	55	86.07565500510971
27	56	333.67182392576143
27	57	174.7728866327116
27	58	232.12630877201565
27	59	198.6556237834306
27	60	304.0572250298391
27	61	387.87826400749464
27	62	266.76443316176375
27	63	378.3979061138016
27	64	153.05756249864842
27	65	91.71149938437793
27	66	40.81008263704845
27	67	258.6612662910501
27	68	344.62370858701337
27	69	137.28284311306146
27	70	194.9836647772489
27	71	86.62522934465227
27	72	236.48829548603354
27	75	95.69382594365987
27	77	112.40142308545585
27	78	304.36557039343523
27	79	497.8534906849046
27	80	735.4600376480616
27	81	436.35792781636763
27	82	508.4441539086362
27	83	282.4554437863765
27	84	569.3771456148871
27	85	578.8716665955656
27	86	436.66526460812685
27	87	436.5889940552023
27	88	334.9339959975595
27	89	393.6656543725228
27	90	177.5517422668947
27	91	193.2582752289869
27	92	97.89452412893132
27	93	95.41420999182569
27	95	280.5499548387858
27	96	179.58375067756486
27	97	496.4005388455601
27	98	550.7890981478956
27	99	242.63828681383802
27	100	210.8097384565938
27	101	498.2649980108942
27	102	207.13981951331533
27	103	67.62504775652455
27	104	70.7292848718455
27	106	94.68146335532865
28	29	6921.864677824313
28	30	4856.828685932514
28	31	1038.255223648944
28	32	1186.4902403185422
28	33	1358.0137004284645
28	34	1288.008872066793
28	35	320.0475160015988
28	36	727.2146585424741
28	37	1418.973640759924
28	38	1941.823335875832
28	39	1278.4452681127743
28	40	517.5958417021485
28	41	926.2760031918136
28	42	1015.5294385874679
28	43	1398.621847989851
28	44	1257.1161380889878
28	45	865.8057285845712
28	46	1474.8301869678023
28	47	2094.1359632248573
28	48	1316.0643775545245
28	49	1585.9529070054325
28	50	233.0301169234811
28	51	162.11627330419233
28	52	240.09095026151422
28	53	235.87334441155798
28	54	598.0254251083884
28	55	130.62667877468454
28	56	253.1868166296622
28	57	221.02650781784493
28	58	430.55247472247095
28	59	321.57415446619757
28	60	230.71555749844146
28	61	348.8214719648766
28	62	347.0025650315304
28	63	574.249033922619
28	64	51.61712694453444
28	65	231.965870979366
28	66	206.44186230053887
28	67	104.67709951591904
28	68	87.16566543905275
28	69	231.48630569417574
28	70	147.95163942497157
28	71	131.46070171310987
28	72	518.3964784438233
28	73	103.12975949684385
28	74	118.68486321516966
28	75	193.6306947885323
28	76	188.0316403905002
28	77	227.43751159108635
28	78	175.96154426838868
28	79	581.1787852897186
28	80	413.37752832094714
28	81	481.60581410956144
28	82	698.1184457011035
28	83	326.5894760134529
28	84	946.3681612921697
28	85	669.3211210171003
28	86	795.2092830239957
28	87	803.101401050269
28	88	301.20834379285947
28	89	132.75979130811783
28	90	179.63262978059993
28	91	97.76162081829014
28	92	49.52091876396955
28	93	289.59736311974973
28	94	172.91918137859935
28	95	189.22531362440722
28	96	136.26633983510638
28	97	231.79306167887592
28	98	437.83479750238666
28	99	490.9639633984707
28	100	53.32010153608484
28	101	378.0784580493417
28	102	52.39186903545446
28	103	205.25281834660117
28	104	71.55822455930785
28	105	99.86128483209322
28	107	167.77912673436091
29	30	10861.781263676634
29	31	3536.02052934831
29	32	2072.7359190170614
29	33	2573.606886098646
29	34	1595.3849185163294
29	35	808.7070999854217
29	36	1261.064464300911
29	37	1629.777967050056
29	38	1493.3331813015
29	39	1108.4773101259675
29	40	737.7779096447956
29	41	1040.24273185124
29	42	926.6381240451055
29	43	920.3348738868011
29	44	811.7784598860766
29	45	1185.0300429090094
29	46	1277.7091798735796
29	47	1331.8829506972982
29	48	1108.4922841695816
29	49	869.83204555443
29	50	549.573299592416
29	51	375.5042406681913
29	52	370.7428342705137
29	53	158.936773477499
29	54	323.80955711490907
29	55	183.37333137342068
29	56	213.2537263936481
29	57	260.63212086600953
29	58	65.93544486945889
29	59	270.85488756751107
29	60	259.1022340919492
29	61	293.8047080525302
29	62	357.22216745723495
29	63	419.1870977321262
29	64	260.8558726678906
29	65	117.22787238528588
29	66	69.55258888321846
29	67	573.087026964958
29	68	183.5443410512303
29	69	155.98068795371464
29	70	249.23286965272547
29	71	184.54413021861433
29	72	268.6978662915183
29	73	173.72788842281383
29	74	199.93133674235824
29	75	122.31817919328425
29	76	435.53109695498523
29	78	259.36499046148384
29	79	424.24563887365304
29	80	487.4504103074773
29	81	405.6460596127191
29	82	371.37468686069116
29	83	378.2338771461339
29	84	277.2539947377839
29	85	528.5199029771048
29	86	595.3665891634158
29	87	507.32607860198766
29	88	443.97711749787754
29	89	410.0091340645854
29	90	226.9509617001653
29	91	370.5411520586781
29	92	250.26233043485576
29	93	162.61435636383447
29	94	72.82302507848117
29	95	199.22543655499717
29	96	459.09664869107075
29	97	292.8513507133879
29	98	636.9813705680111
29	99	744.3508039012731
29	100	134.73107125743158
29	101	424.59630466526056
29	102	132.3855813655706
29	103	172.87996645273694
29	104	60.27192981262858
29	105	252.33293814090072
29	107	141.31669438187828
30	31	5203.458655760006
30	32	2715.069900629582
30	33	3052.4923356573663
30	34	1432.285517652065
30	35	1239.5657207658544
30	36	1301.7675737972497
30	37	2061.909208223072
30	38	1751.7422486077824
30	39	1178.9298024555947
30	40	1174.9062418085557
30	41	1057.5484491159968
30	42	1131.5795233939457
30	43	967.3137873521205
30	44	1120.6189215888899
30	45	1097.8144921674088
30	46	1010.3064561077297
30	47	1064.0900094010162
30	48	1051.8045222337123
30	49	782.2678362918026
30	50	601.6942910084703
30	51	224.245469276307
30	52	369.00338197637274
30	53	391.52290683188755
30	54	433.30141207929506
30	55	281.06998897033026
30	56	389.13083357125254
30	57	529.936113509089
30	58	288.75479054371897
30	59	222.40687410848358
30	60	460.9722572566157
30	61	442.2946793482718
30	62	391.10076661310944
30	63	353.032607656896
30	64	190.3967914461469
30	65	128.34564854880614
30	66	304.59555212692317
30	67	337.85125078240236
30	68	200.95150590347387
30	69	128.0803072842081
30	70	227.39155831278637
30	71	80.81844563701677
30	72	147.0904538790979
30	73	95.10203527944998
30	74	164.16947111620883
30	75	89.27914336660008
30	76	130.04630127119708
30	77	209.73354690958837
30	78	486.79356198879515
30	79	393.02211229262394
30	80	952.99951425063
30	81	481.12689418331547
30	82	372.71253895574364
30	83	451.7511340266298
30	84	455.3227365214207
30	85	540.0679302265092
30	86	529.6123390515363
30	87	259.2055130536647
30	88	451.3632229059554
30	89	163.23418081293894
30	90	207.0623064826622
30	91	180.30351583088435
30	92	182.664642537286
30	93	222.54567755725415
30	94	239.18846754119176
30	95	174.4958248702609
30	96	293.20487203494
30	97	249.37506603018213
30	98	550.5726769732588
30	99	407.4721511644757
30	100	295.01766718715845
30	101	639.1888260374843
30	102	338.1954327415087
30	103	126.18382166854823
30	104	65.98806037923875
30	105	92.08798197036035
30	106	88.33464288528577
30	107	154.7190307404415
31	32	9655.615855683693
31	33	2869.131048625849
31	34	3239.1099355600472
31	35	3182.0116131845634
31	36	2381.710819426539
31	37	940.5250528858561
31	38	755.4603731608498
31	39	1495.3763707185756
31	40	1029.219660760655
31	41	526.2470373137277
31	42	588.9746610234555
31	43	304.18351164403674
31	44	416.62127762521686
31	45	1147.7478584165688
31	46	502.7389333794091
31	47	467.40007715994756
31	48	523.3887999375819
31	49	770.0668460409719
31	50	695.0572973063505
31	51	846.2003772503036
31	52	636.5489737249643
31	53	703.5377720174325
31	54	509.63607032428257
31	55	649.3654661745605
31	56	713.2241807434971
31	57	703.204497616659
31	58	856.1372334759275
31	59	559.5082370553656
31	60	688.153677123423
31	61	563.564820453597
31	62	460.0009421641204
31	63	494.811364870472
31	64	1129.0256482634375
31	65	553.5063827073445
31	66	410.50179766712057
31	67	312.21965143369596
31	68	346.6512262468441
31	69	184.1206886313421
31	70	245.1635102611884
31	71	392.10691408061285
31	72	792.9320742265076
31	73	358.871813064743
31	74	354.00051009113776
31	75	240.6420487118499
31	76	233.68360690765647
31	77	452.2508483727914
31	78	437.3660545244681
31	79	500.7825020071686
31	80	369.89347736921496
31	81	558.6320008736473
31	82	328.7799469700844
31	83	324.70538075148784
31	84	286.36347530119724
31	85	166.3649515729633
31	86	263.5405730901834
31	87	319.38732306161506
31	88	374.3383404091864
31	89	263.9877996767706
31	90	446.4908220580416
31	91	583.1858031342911
31	92	393.88185997165186
31	93	671.8289093184189
31	94	644.70603868824
31	95	705.5012717139182
31	96	361.28058421533245
31	97	614.5489255948312
31	98	197.86769444770195
31	99	439.3184322865128
31	100	530.1249777647224
31	101	626.4955379323065
31	102	468.80658225694674
31	103	748.2519530797147
31	104	711.4540503587265
31	105	99.28518490412696
31	106	285.71550265251096
32	33	7434.369881013326
32	34	5793.065530354629
32	35	2973.699710899655
32	36	2111.5204693728033
32	37	1664.6839647351053
32	38	1103.1309388317675
32	39	1128.174641331769
32	40	1078.988645229429
32	41	896.5031704890613
32	42	941.9341193694445
32	43	761.4374826224622
32	44	608.3546370553872
32	45	907.807942267111
32	46	652.5373475198857
32	47	413.63779262270396
32	48	509.5051077561031
32	49	928.1252681131468
32	50	721.7278234010794
32	51	784.5272494605636
32	52	309.831767023342
32	53	502.24192445269205
32	54	413.4309920240579
32	55	337.1413596478115
32	56	857.6706518179371
32	57	727.3353501000563
32	58	530.3625585862573
32	59	622.4759100589279
32	60	707.1159735776523
32	61	379.81065987112356
32	62	671.69806547214
32	63	666.9494765550554
32	64	449.62220783081204
32	65	269.4118876814225
32	66	679.3414313699221
32	67	354.5938029765143
32	68	168.72788489527017
32	69	268.85490665570444
32	70	143.19610285323822
32	71	212.0587086973511
32	72	347.3542496259045
32	73	499.07455252054615
32	75	234.25864858820532
32	76	363.97566423284485
32	77	165.09532487639783
32	78	510.91709742186197
32	79	449.99859379953625
32	80	520.1176998142456
32	81	699.1886939541786
32	82	320.0585536584206
32	83	474.1381073549048
32	84	557.5344881592764
32	85	404.879663971269
32	86	513.0995088409705
32	87	388.6438544153228
32	88	473.730972915775
32	89	513.9702352692692
32	90	565.0410569761921
32	91	378.47726903747514
32	92	335.50434608166665
32	93	513.8631261780984
32	94	251.04168813091613
32	95	549.4294131009844
32	96	439.6213269484686
32	97	448.68530324961125
32	98	462.28547951985723
32	99	522.7014659696448
32	100	412.8500784922087
32	101	487.9014248695956
32	102	202.83145212132237
32	103	331.0924637391592
32	104	138.51632768403476
32	105	96.65149280839537
32	106	185.42430660077488
32	107	162.38628501756907
33	34	12959.439144775906
33	35	2811.9493789676803
33	36	2838.8159425565536
33	37	2853.5397098282847
33	38	1578.2545837495404
33	39	1089.507189930963
33	40	818.719795005688
33	41	948.2309753579182
33	42	790.9999483635738
33	43	735.3397085940552
33	44	940.0058846453301
33	45	876.6934160201448
33	46	1142.186849196637
33	47	918.7594410760063
33	48	779.0667404619219
33	49	1103.1561584605436
33	50	566.3052460746514
33	51	416.7009487877482
33	52	336.61404551938205
33	53	440.93446313339837
33	54	519.0391880856424
33	55	244.1895442662491
33	56	236.64987101777797
33	57	371.86221412783834
33	58	548.7693505196124
33	59	488.42702469233444
33	60	610.9979250764522
33	61	448.30242936982256
33	62	144.1502336771251
33	63	787.2213768513427
33	64	434.21169935714374
33	65	260.1779706156894
33	66	347.3245302641239
33	67	195.680189266657
33	68	366.6259045816089
33	69	129.82003987601945
33	70	276.5762992944581
33	71	204.7905345049292
33	72	298.1768078615572
33	73	96.39381942512765
33	74	221.86587710619392
33	75	316.72142027116035
33	76	219.68789705370023
33	77	318.8735801834558
33	78	534.5228920523314
33	79	434.57518494181386
33	80	463.6532346874458
33	81	600.1995170080123
33	82	480.80473013505076
33	83	267.10094389105365
33	84	576.8843105648642
33	85	312.8021416491368
33	86	495.51335719829115
33	87	487.92034110124337
33	88	387.11043648825654
33	89	372.2656800338208
33	90	377.7747525585874
33	91	319.81705614799324
33	92	277.71870259698886
33	93	225.5685463855897
33	94	323.2498635946046
33	95	309.51554529012355
33	96	254.73215529393946
33	97	324.98017992791137
33	98	223.22047282635748
33	99	688.3448365870394
33	100	348.86242196165364
33	101	412.2815560074101
33	102	195.8795361411886
33	103	319.74448508250896
33	104	133.7687707254616
34	35	5233.852514157482
34	36	3676.2232378777635
34	37	2044.966471915813
34	38	1303.1804510326472
34	39	1286.2874369321446
34	40	1162.6966438300033
34	41	625.6349299133631
34	42	917.9215627020784
34	43	765.8091882147386
34	44	629.3287904135666
34	45	1083.5841959907575
34	46	914.109600204283
34	47	499.21517563178304
34	48	732.0433894850994
34	49	553.9177537461858
34	50	972.1493846776496
34	51	710.1283700603728
34	52	701.1239184505566
34	53	708.4876983043905
34	54	534.605989422032
34	55	581.2748878749419
34	56	422.4954460729068
34	57	553.2438117682202
34	58	489.86409868253304
34	59	402.460575293625
34	60	577.4961371142936
34	61	691.222350611745
34	62	675.5545425384286
34	63	415.24395104220025
34	64	344.5361233848382
34	65	387.0838357135685
34	66	344.49165980220033
34	67	480.3583208492424
34	68	363.63560702077876
34	69	38.6283580187689
34	70	123.44421152761527
34	71	219.36982561212318
34	72	399.25547889882444
34	73	301.1639589436086
34	74	198.0506524537597
34	75	444.28110753750093
34	76	235.32774980185593
34	77	379.5273158078419
34	78	477.1468641469583
34	79	387.9276076182912
34	80	655.3169682050979
34	81	636.2312905068987
34	82	306.5677456904122
34	83	374.6759631054694
34	84	411.96894479820503
34	85	418.8386406051042
34	86	405.4642511575907
34	87	368.5394821448152
34	88	408.38643833577964
34	89	553.8440744657031
34	90	337.22416984823127
34	91	285.4876895090711
34	92	371.86230008875356
34	93	281.89822479398765
34	94	396.7590236726875
34	95	276.2919493922433
34	96	416.87991288874304
34	97	483.4943338196509
34	98	398.51969001196767
34	99	491.56597049482497
34	100	533.8548124192088
34	101	525.7528443175902
34	102	262.28055283508405
34	103	228.3383266144064
34	104	238.81989123937683
34	105	83.31977676045777
34	106	79.92381381303029
34	107	139.9873775715617
35	36	10915.603329670135
35	37	1394.259753660275
35	38	654.63622925801
35	39	1749.3335688097231
35	40	841.9652211513853
35	41	124.36740745509091
35	42	656.1897286682424
35	43	184.85323348287423
35	44	531.682203187638
35	45	762.8794908687149
35	46	475.24704815666394
35	47	421.75700283819083
35	48	309.22980807425773
35	49	467.9719348339076
35	50	1445.5069922139166
35	51	857.0641839620636
35	52	1015.4358975496604
35	53	1064.1045750579876
35	54	782.8714084166828
35	55	920.7831355924664
35	56	654.3920134415073
35	57	747.8440985928565
35	58	496.6282055754636
35	59	736.6988110087843
35	60	379.4714768307207
35	61	1229.4155058164315
35	62	543.5576881903189
35	63	647.6579896555544
35	64	1309.8507104270468
35	65	457.8335293342799
35	66	291.0403710325022
35	67	368.93270509941175
35	68	798.7562582115363
35	69	130.53914462386675
35	70	625.7437259080313
35	71	432.44232998560267
35	72	618.3962434214501
35	73	799.6540877749432
35	74	334.64226917114576
35	75	887.1826335813988
35	76	331.35720255124784
35	77	721.4397714722301
35	78	1240.3471021000896
35	79	382.35960218341773
35	80	116.55538065615787
35	81	396.06273523980155
35	82	414.40116374865215
35	83	172.65888059544326
35	84	232.03192517884045
35	85	58.975280385815495
35	86	435.9758603342171
35	87	226.44140789441255
35	88	371.5613382083605
35	89	748.6555001962174
35	90	886.3571236667567
35	91	689.1184297270223
35	92	628.3283714501072
35	93	476.31785329464117
35	94	609.450793388487
35	95	333.460743331546
35	96	704.3937411593729
35	97	490.1704861747185
35	98	280.571181586411
35	99	346.0788729542129
35	100	676.5329359781244
35	101	355.3416717709633
35	102	517.0319712906202
35	103	1253.9109471916008
35	104	605.2938680387116
35	105	281.56755674877417
35	106	270.09137393727246
35	107	236.53390233997217
36	37	6846.550351761681
36	38	1829.5084919438343
36	39	2727.8385460317463
36	40	1162.8771418913511
36	41	831.1431457789806
36	42	1076.390245993377
36	43	823.5785732412877
36	44	789.6031211154088
36	45	1121.6254807463695
36	46	913.1172003106989
36	47	805.3107649028395
36	48	661.3031261761134
36	49	1146.7281806771837
36	50	966.0273968386948
36	51	610.9579449636873
36	52	565.5102915737033
36	53	622.2452785606296
36	54	603.6811088580627
36	55	246.1424926536019
36	56	636.1133854823038
36	57	749.6724938338368
36	58	626.9126594505343
36	59	871.051231648532
36	60	724.5699851072771
36	61	534.0492253750313
36	62	508.56085092324724
36	63	577.1035031618845
36	64	486.3159811197535
36	65	611.9371748605342
36	66	661.3043796819085
36	67	690.358114751118
36	68	287.43404594612315
36	69	305.33602923422393
36	70	139.39413319642262
36	71	165.14270596269378
36	72	413.272102082537
36	73	437.24135599042773
36	74	167.73021605959548
36	75	273.64667568238775
36	76	265.73386710284086
36	77	482.1357407229229
36	78	455.9058577853402
36	79	438.05077563168453
36	80	389.4678184515776
36	81	529.3747524839329
36	82	276.9428855199842
36	83	269.23713018518765
36	84	387.6653621728287
36	85	433.5427679381391
36	86	332.98420768569565
36	87	226.9950318293128
36	88	390.20641958998516
36	89	458.63025952543194
36	90	803.9028184618626
36	91	368.42839854447254
36	92	233.28317188720908
36	93	181.89805608076617
36	94	122.18816649305352
36	95	401.13122109715533
36	96	171.17961336545451
36	97	473.1700501486518
36	98	300.0076232195954
36	99	508.82332910982853
36	100	602.8328741300844
36	101	296.8420353708099
36	102	493.61529207259605
36	103	193.38101835672035
36	104	269.67721951004285
36	105	188.1706386377663
36	106	180.50114477384503
36	107	474.22440259168195
37	38	9314.92160172854
37	39	3739.0727989873294
37	40	1395.1488618874992
37	41	1587.3624905703477
37	42	2043.7268498523024
37	43	2359.372886319225
37	44	2301.725553634191
37	45	1674.0818660964699
37	46	1795.7996658417544
37	47	971.3850955515685
37	48	1329.4660653696783
37	49	1362.253202453793
37	50	397.2427291766189
37	51	345.4462866298021
37	52	416.85846412222713
37	53	446.7661486616218
37	54	889.99115880945
37	55	288.65565425907914
37	56	399.63290199846915
37	57	376.7803678988366
37	58	444.82178597323866
37	59	266.47752632052624
37	60	473.4132199640106
37	61	536.8191183962327
37	62	584.226910012414
37	63	580.0967009608256
37	64	97.76766029887047
37	65	351.49202316838614
37	66	156.40806886871798
37	67	49.56705124996826
37	68	123.82493475752234
37	69	350.7653500090058
37	70	140.11711306118332
37	71	207.49904131544864
37	72	151.06020872337902
37	73	48.83434961435439
37	74	56.20005449890341
37	75	91.68865603398322
37	76	133.5560595242822
37	77	107.69697331445647
37	78	249.96570185196177
37	79	954.0326559751361
37	80	1096.1659166054744
37	81	722.1634012792484
37	82	347.97409252523937
37	83	579.9290402385454
37	84	623.4816359731147
37	85	515.0261709585303
37	86	502.06688910795435
37	87	532.4021766405232
37	88	463.544851919991
37	89	209.54953885603902
37	90	212.6506133547263
37	91	324.0468740777683
37	92	93.79724618548116
37	94	163.76254147531316
37	95	403.2117232627054
37	96	172.06745140341815
37	97	439.03771200219876
37	98	791.604552373363
37	99	278.9794831710098
37	100	201.9865065207085
37	101	179.02897953138952
37	102	198.470188384772
37	103	129.5893372824327
37	104	271.0759239979546
37	105	94.573301057263
38	39	7865.903897310726
38	40	2776.333187979755
38	41	3280.7565172194927
38	42	2596.498680297168
38	43	2560.0813992680505
38	44	2727.1880288319976
38	45	2213.6861288733007
38	46	2037.2307013194086
38	47	1509.9246899115674
38	48	2039.3359661462973
38	49	1508.81989917228
38	50	346.6529741801612
38	51	226.08969381502084
38	52	372.03811482562736
38	53	219.30157958117422
38	54	595.7249188261503
38	55	283.3815459102673
38	56	313.8648778056855
38	57	287.69697305374945
38	58	691.4326772433951
38	59	224.23597779621136
38	60	286.00821806626124
38	61	364.8535932817626
38	62	537.7053153955623
38	63	427.12319368300007
38	64	191.96263996032476
38	65	258.80236043596864
38	66	153.55029321225499
38	67	97.3227955328552
38	68	121.56249467516187
38	69	258.2673135031315
38	70	320.9663193881364
38	71	325.9324290947374
38	72	74.15007265912985
38	74	165.51962266271394
38	75	90.01338690571555
38	76	87.41054622290636
38	77	52.86460586757683
38	78	204.49875705470683
38	79	756.485631437043
38	80	730.236202762028
38	81	485.0837456967557
38	82	478.2626245153221
38	83	721.1551260260516
38	84	650.3454425520374
38	85	544.509520652887
38	86	780.4146834482174
38	87	634.6761874069381
38	88	490.08108588017984
38	89	329.1532808154036
38	90	167.01217152570908
38	91	45.446588976283344
38	92	276.2503512469987
38	93	269.2511073395876
38	94	200.96298773614313
38	95	131.94817629171078
38	96	211.1544484755523
38	97	323.26194820114966
38	98	888.161055732528
38	99	456.4702847594952
38	100	247.86994307185077
38	101	292.92981812860205
38	102	146.13291296668652
38	104	199.59226487032788
38	105	185.6906515428243
39	40	5968.156939514838
39	41	4200.811482374364
39	42	2733.3176900526946
39	43	2280.368918658476
39	44	2325.1082831656945
39	45	3166.8632644133604
39	46	1256.292330115404
39	47	707.8692134706532
39	48	1126.242227690037
39	49	1038.5202817354887
39	50	1042.125556969018
39	51	436.3391752425319
39	52	563.362189007062
39	53	664.1589288961015
39	54	955.1456687392113
39	55	252.41950103614778
39	56	559.144496117396
39	57	402.6996725766021
39	58	551.0570459263464
39	59	665.7871039538944
39	60	350.2938794544949
39	61	469.42996616522964
39	62	255.44322957357352
39	63	538.9794033193843
39	64	427.47238216166477
39	65	268.94678771259316
39	66	307.74039506420587
39	67	390.10222539442805
39	68	252.65490155606935
39	69	268.3907682326332
39	70	122.52762502197533
39	71	290.32130818301255
39	72	396.2909641619014
39	73	170.8158767195521
39	74	147.43507884399583
39	75	200.4464875820552
39	76	272.5104853671172
39	77	470.88660599627525
39	78	692.1904579188994
39	79	513.3962713868552
39	80	273.87417661325986
39	81	565.0327623339463
39	82	669.4411840821301
39	83	371.8939539086002
39	84	272.60668747593843
39	85	485.016838591725
39	86	256.1068590315292
39	87	565.3319662371829
39	88	685.9839042625683
39	89	439.7853782660069
39	90	260.33796773575415
39	91	283.3679128059585
39	92	328.08994012573305
39	93	399.72157178746926
39	94	107.40355783185687
39	95	274.2404520454179
39	96	413.78453483984487
39	97	351.9298468057446
39	98	395.56063858641716
39	99	487.91604046075037
39	100	529.8908831998551
39	101	574.0339803880463
39	102	173.55539440661636
39	103	339.96433508706696
39	104	177.78497095642163
39	105	82.70111848489748
39	106	396.65185463226055
40	41	10520.792601148582
40	42	7012.962504303163
40	43	3909.389467307347
40	44	3784.8599025063604
40	45	4365.6281049629515
40	46	1256.351978152372
40	47	1199.270664327987
40	48	923.2632691497593
40	49	1034.9759236792397
40	50	735.6529669347007
40	51	639.7312449306035
40	52	561.4394944306439
40	53	455.05090529556554
40	54	412.04318445355784
40	55	496.37787957901514
40	56	629.0674244733848
40	57	581.4656362665395
40	58	411.88226061012864
40	59	669.7352958198069
40	60	741.8340237310591
40	61	802.954534726279
40	62	236.6718756747254
40	63	637.8536604254459
40	64	407.3753757959608
40	65	81.3659164491397
40	66	217.23882804782863
40	67	321.2759094782803
40	68	267.52965613985486
40	69	243.59310266691415
40	70	172.98838950086034
40	71	76.85340683073755
40	72	244.779569894293
40	73	135.65434258516126
40	74	312.23028489184753
40	75	297.1465480930546
40	76	206.110152611214
40	77	398.88759254517026
40	78	385.7591272143661
40	79	543.6218616844379
40	80	326.2479644136458
40	81	598.2983891622891
40	82	515.5299866420711
40	83	465.3867220608216
40	84	432.984119322604
40	85	330.1531867217115
40	86	387.406919250503
40	87	598.6152083368049
40	88	264.1346853241784
40	89	388.0643461965143
40	90	354.42649753018185
40	91	514.3729013571805
40	92	86.85146055369917
40	93	211.62735017878188
40	94	265.36256507184044
40	95	290.3860300492417
40	96	199.15709250391546
40	97	440.40371207687167
40	98	383.9447307668169
40	99	301.3742157384038
40	100	280.543787001578
40	101	165.77169358460668
40	102	459.4331507211513
40	103	419.97588260939597
40	104	313.7530801491985
40	105	262.7101432156781
40	107	147.12835071535105
41	42	8180.2482030527035
41	43	5647.212104187517
41	44	5373.536548588438
41	45	3119.1147247352305
41	46	1719.3147668079664
41	47	1287.0713347046785
41	48	1108.055098256949
41	49	1325.731833809306
41	50	588.5963031328494
41	51	354.35719790158254
41	52	388.73770746359577
41	53	412.46157801083865
41	54	497.9720732795473
41	55	84.60046592367418
41	56	327.9532612101049
41	57	815.943500930746
41	58	570.3701550133255
41	59	429.55221571959095
41	60	410.913532894442
41	61	296.5127634692268
41	62	561.8411750522674
41	63	520.6779410951681
41	64	150.43441841666925
41	65	135.20958239614708
41	66	481.3280138649647
41	67	355.9195582149675
41	68	169.35872467700142
41	69	89.95336710867679
41	70	143.73148441346322
41	71	212.85155375430116
41	72	271.17450704070404
41	73	100.18809847120207
41	75	235.1344947759048
41	77	110.47505549564627
41	78	512.8273141617952
41	79	677.521572675773
41	80	481.9036760903372
41	81	311.91236466708295
41	82	464.0352722976341
41	83	674.2069876535288
41	84	559.6189979902174
41	85	772.1475131555068
41	86	300.4270996884928
41	87	780.193831958341
41	88	621.8105145443419
41	89	300.93692246354607
41	90	261.7632149377381
41	91	94.97307994349501
41	92	144.32516985538442
41	93	140.66846114447634
41	94	209.98356895287043
41	95	183.82787322631535
41	96	308.8854881533786
41	97	375.3023731417915
41	98	541.34951777278
41	99	429.2637889944331
41	100	258.9960264260698
41	101	489.72559061767146
41	102	50.89744957831561
41	104	139.03421250180912
41	107	488.980244480902
42	43	10631.220443253262
42	44	6170.260791808105
42	45	3664.6119851234785
42	46	2238.4176209015955
42	47	1314.362081194489
42	48	1512.6898395038654
42	49	1099.9275916977012
42	50	564.6478612329162
42	51	264.3972579618611
42	52	522.089383681552
42	53	395.6795967371346
42	54	398.0924116048372
42	55	446.3706200475573
42	56	275.28348924958107
42	57	164.7883993745519
42	58	401.2530773839375
42	59	374.6135101472605
42	60	358.35867047438467
42	61	446.9903990538388
42	62	431.18506338868116
42	63	428.136788101807
42	64	144.31363595502899
42	65	86.472172423129
42	66	307.8293584626853
42	67	48.77687480423986
42	68	243.7019426413711
42	69	86.29340021041506
42	70	137.88342677982573
42	71	122.51470892471013
42	72	74.32603617718047
42	73	144.16756074151397
42	74	55.30413759051736
42	75	180.4539904455774
42	76	262.8539334289201
42	77	158.97017227219567
42	78	368.97128547448807
42	79	722.1722160829949
42	80	577.8703471640589
42	81	336.62415096212516
42	82	445.1548924872442
42	83	380.4560419031265
42	84	268.4247833690216
42	85	818.702522051054
42	86	411.7192969894584
42	87	711.0272990277534
42	88	596.5106733780418
42	89	288.69258731430494
42	90	125.55637767120484
42	91	182.21774815562665
42	92	415.3588701483579
42	93	89.96335326990868
42	94	201.43988752938475
42	95	132.2612989154387
42	96	211.65553334672424
42	97	324.0290723268246
42	98	445.1343632730116
42	99	91.51070439218161
42	100	248.4581564833523
42	101	352.34995428294735
42	102	97.65313133514381
42	103	127.52348023917767
42	104	133.37727455897758
42	106	89.27246724232263
43	44	9963.511826915303
43	45	3403.271755603276
43	46	2190.428462999258
43	47	1727.903267844054
43	48	1224.659110690767
43	49	1420.1792519236585
43	50	314.0519029144422
43	51	429.16139274505434
43	52	423.719611854867
43	53	681.1793284541199
43	54	370.07986985262687
43	55	293.4066891022931
43	56	284.34737179452594
43	57	297.87478241501776
43	58	414.46458808557793
43	59	270.8635274045237
43	60	333.1420701918982
43	61	545.6547199109525
43	62	519.6124542139903
43	63	552.791827422882
43	64	149.06525345848334
43	65	267.9579697522734
43	66	238.47362571216962
43	67	503.82884177850644
43	68	167.81732189410533
43	69	445.6733242508121
43	70	237.3722093161944
43	71	168.73144400524296
43	72	191.93316951643394
43	73	198.55249150188303
43	74	228.50024483624762
43	75	46.598887979904966
43	76	226.25713750611476
43	77	328.408730959811
43	78	423.4665531251999
43	79	559.4626439075673
43	80	756.0696509958387
43	81	463.61028465392985
43	82	495.1820441576955
43	83	589.4741956377608
43	84	712.9615852184498
43	85	684.5809487665325
43	86	680.4406633186877
43	87	811.7476183858798
43	88	688.6395357940467
43	89	298.19797287210264
43	90	216.1506676878812
43	91	141.16303684869862
43	92	143.0116076584483
43	93	185.85090685862767
43	94	41.61448458075484
43	95	273.2321712373995
43	96	262.34931036497477
43	97	260.32061529096643
43	98	536.4224751606807
43	99	330.8331322219959
43	100	102.65551920972933
43	101	303.2927490051357
43	102	100.86842228841031
43	104	137.7688054643106
43	105	192.25979973897
43	107	161.50994532347897
44	45	6658.928727694742
44	46	2372.296491070594
44	47	2445.4885975784587
44	48	1902.9128326949512
44	49	1838.1491560119819
44	50	344.1099205557706
44	51	486.26737248065484
44	52	443.1706023205676
44	53	261.23133420991695
44	54	315.3891563171878
44	55	281.302652835379
44	56	428.3982427405645
44	57	407.9806027330612
44	58	577.9876314539339
44	59	445.1819557451567
44	60	532.3313543781017
44	61	321.9351284682745
44	62	284.67237211435855
44	63	388.6573247417584
44	64	285.8315968988025
44	65	128.45189039541154
44	66	419.16557369731214
44	67	241.52208356411754
44	68	160.89427948959317
44	69	85.45755299123856
44	70	182.06383063546448
44	71	161.7706909158809
44	72	147.2122122839588
44	73	47.59037937874105
44	74	273.8422786245693
44	75	134.02957016452837
44	76	43.38465029419924
44	77	157.4303699686393
44	78	202.99854980409432
44	79	429.1063066762604
44	80	1106.394529313768
44	81	555.6059549712915
44	82	576.487096759626
44	83	489.8021745260191
44	84	531.6495836990163
44	85	656.3396272858906
44	86	856.2358125165846
44	87	704.1402116120095
44	88	521.2348291759241
44	89	163.3693026576978
44	90	165.78696666739123
44	91	135.33957548593222
44	92	45.70396212808481
44	93	178.183916975955
44	94	279.28420655070437
44	95	87.32013443435187
44	96	293.44758090268044
44	97	285.23599257160936
44	98	661.2341154399214
44	99	498.43376989844364
44	100	246.0515638740457
44	101	348.9370544696794
44	102	96.7072525301446
44	103	63.14413700001238
44	104	66.04268391706701
44	105	184.32842095605884
44	106	176.81552891454206
45	46	4653.813746368691
45	47	2478.8593129752862
45	48	2265.632468936189
45	49	2578.84195948615
45	50	1888.5672264476018
45	51	772.8551158921036
45	52	572.2914652770058
45	53	712.1683770740103
45	54	882.4399974974198
45	55	622.735120326743
45	56	536.4509819484266
45	57	561.971853355764
45	58	466.49273832796194
45	59	351.320958161273
45	60	336.07680466988506
45	61	588.9553466766381
45	62	336.9791921345646
45	63	547.5222130605396
45	64	656.1966883588846
45	65	147.4464439995935
45	66	328.05600194926757
45	67	374.2694836956227
45	68	311.6579342638204
45	69	73.57080691461974
45	70	78.36980150362506
45	71	243.72100225377275
45	72	158.4196022809055
45	73	163.8831204364495
45	74	188.60167838237265
45	75	153.84891145408673
45	76	298.80038621560567
45	77	225.88756924831375
45	78	454.3822416036372
45	79	769.6242200879884
45	80	919.6553877958339
45	81	733.429771911772
45	82	496.30043688262924
45	83	518.9821317524516
45	84	490.39244170438457
45	85	365.617905368733
45	86	456.3231611730154
45	87	574.2924634257837
45	88	448.73350139581316
45	89	281.2907929352438
45	90	428.1803241510193
45	91	271.86710435850614
45	92	275.4272827484551
45	93	115.04952539835166
45	94	274.7852333400284
45	95	150.34862397445372
45	96	541.3508450806171
45	97	368.3414993769585
45	98	537.6340114043485
45	99	429.10396286076616
45	100	296.5577184048669
45	101	550.736159595992
45	102	208.1393146100287
45	103	108.72216552923031
45	104	113.71291071449099
45	105	238.0337991030228
45	106	228.33197327704542
45	107	133.30859573162826
46	47	9043.335157716972
46	48	6269.914011158745
46	49	5237.189000917434
46	50	1124.605961266097
46	51	601.8268889054743
46	52	631.3329352006358
46	53	919.4182919280667
46	54	792.8784114191873
46	55	40.41062940645891
46	56	783.2579618035262
46	57	574.3642201868362
46	58	544.8910170197559
46	59	447.66936946775473
46	60	570.9927546090804
46	61	323.73391174330214
46	62	429.39442968666856
46	63	923.7774288959305
46	64	95.80955165734362
46	65	215.28267276692665
46	66	344.86987356769976
46	67	437.1688192646466
46	68	283.13820789669853
46	69	85.93503930277203
46	70	137.31082180830697
46	71	325.34913990149204
46	72	148.03474714244425
46	75	44.926149402707004
46	76	87.25411617042853
46	77	105.53999856975389
46	78	326.61245720638135
46	79	1006.8424313979085
46	80	1112.5764082046503
46	81	558.7103527549793
46	82	682.0096070888454
46	83	909.3025839992696
46	84	725.5558872335035
46	85	737.654731816655
46	86	656.0152017600727
46	87	1043.47825629436
46	88	559.0903268454886
46	89	369.6347560283984
46	90	291.74825098658044
46	91	226.82628844202281
46	92	137.8779865896248
46	93	134.38462756493095
46	94	120.36200643229068
46	95	263.42408325132
46	96	84.31062645555457
46	97	717.074306899459
46	98	591.0477341968475
46	99	774.6107541807991
46	100	98.97054185107525
46	101	526.330062828731
46	102	340.3665843044428
46	103	63.49694912738744
46	104	66.4116914119408
47	48	9827.717004526296
47	49	5242.260338091307
47	50	1008.9965715572735
47	51	1106.3293246954295
47	52	903.9732675798014
47	53	666.0700798502916
47	54	804.1580508228737
47	55	204.92759361335985
47	56	516.3604802572589
47	57	790.5835332918983
47	58	368.42849365616803
47	59	529.7109991176555
47	60	542.9210684695505
47	61	861.8909566982718
47	62	435.50307668608446
47	63	828.8131939018255
47	64	194.34511320109428
47	65	262.01439012317286
47	66	310.91205166343445
47	67	394.122725521777
47	68	164.09496343340302
47	70	278.5284634616627
47	71	41.24720234717044
47	72	187.67589708844397
47	73	97.07419789827141
47	74	167.573908183572
47	75	45.56527736704597
47	76	265.48622957318054
47	77	160.56214605803868
47	78	207.0368176718879
47	79	692.9340468177447
47	80	1128.4041322451299
47	81	642.2131624200957
47	82	726.2976060380292
47	83	806.9586838884894
47	84	619.6865545906805
47	85	1299.416247618215
47	86	665.3477990569844
47	87	755.944983468313
47	88	673.3648122225751
47	89	416.5480561334908
47	90	464.983698476645
47	91	184.04252996364045
47	92	46.6131550354766
47	93	227.160681484026
47	94	122.07429927682712
47	95	356.22880595780566
47	96	299.28515923998737
47	97	472.72910273157794
47	98	861.7181321312459
47	99	600.7762757258998
47	100	301.1355469297815
47	101	474.50465299660743
47	102	246.5776458619429
47	103	193.20080648462738
47	104	336.782383960266
47	105	93.99764116062866
47	106	90.16646783133848
47	107	315.8549817486765
48	49	8873.359331617059
48	50	1125.7681238970051
48	51	665.7059395208942
48	52	966.5658320940939
48	53	546.9618006555726
48	54	1238.1685185868946
48	55	378.6343663296399
48	56	489.2580432360575
48	57	683.3783727463723
48	58	415.99966399766976
48	59	466.05726849382046
48	60	557.2932454995915
48	61	463.41789333781867
48	62	707.8001765825268
48	63	1146.6677497433461
48	64	349.1071613397352
48	65	224.1253506870317
48	66	598.3921848836272
48	67	252.84745056303515
48	68	168.4388763908631
48	69	44.732398972232936
48	70	428.85248072281206
48	71	127.01728814078368
48	72	308.23046918491667
48	73	149.46591118713798
48	75	233.85739457073868
48	76	45.41902776995948
48	77	274.6875641097674
48	78	552.5454611609648
48	79	711.2773592610811
48	80	1118.3346615074825
48	81	814.3229224534742
48	82	497.01607787236844
48	83	749.4327883937294
48	84	1033.6476530233638
48	85	687.1164699052207
48	86	597.5907436172068
48	87	1086.338845204985
48	88	509.2979602795507
48	89	470.3323830108809
48	90	303.7317319795971
48	91	236.14311727328283
48	93	186.53925336291388
48	94	292.38030148957
48	95	91.41471888919884
48	96	219.43415694039845
48	97	373.2639706598617
48	98	769.1560762710556
48	99	853.864605220728
48	100	206.07146051250194
48	101	669.7153572903858
48	102	151.86302154464062
48	103	132.2101384920991
48	104	69.13953378651487
48	105	96.4859416109594
48	106	277.66004900828045
48	107	486.32441649979813
49	50	2990.900617930831
49	51	1679.0732351576016
49	52	1527.760370856583
49	53	1149.642889866334
49	54	867.4899734884875
49	55	672.0430181718143
49	56	856.9642188937837
49	57	790.0050744056613
49	58	890.275205803644
49	59	489.79601898363956
49	60	687.1968395992564
49	61	814.6553273276177
49	62	939.6027362083327
49	63	964.0588603821611
49	64	335.4413962298441
49	65	226.11958543121588
49	66	301.8582957179828
49	67	212.5810419756673
49	68	106.2110131206968
49	69	338.4781600989921
49	70	200.3094202165047
49	71	142.38607720064732
49	72	161.9651349115623
49	73	125.66319758910588
49	74	48.20567632404338
49	75	157.2921490831288
49	76	152.74386555782516
49	77	415.6975411028659
49	78	536.0210867688353
49	79	849.7968177578479
49	80	839.4980956310218
49	81	684.6405410628171
49	82	686.4931223443731
49	83	596.921946512303
49	84	735.3393521202131
49	85	883.5288548028991
49	86	610.0854954792264
49	87	1109.0526078492126
49	88	672.8721206309772
49	89	395.43111007332743
49	90	364.80272942394555
49	91	476.48856871021786
49	92	201.13680182428226
49	93	274.45695153999344
49	94	561.8702073333901
49	95	268.9986651056573
49	96	627.2621753556637
49	97	596.2599302959022
49	98	581.999936302972
49	99	678.0026323637012
49	100	389.8219769438291
49	101	409.4996285140541
49	102	212.7976063936667
49	103	55.57771877433078
49	104	116.2578788223537
49	107	272.5842557571737
50	51	11191.07895715764
50	52	3573.52522629397
50	53	2469.631159984354
50	54	1271.577018305685
50	55	2145.383454900119
50	56	1299.4636999389156
50	57	998.2747765545247
50	58	843.7344052640598
50	59	1361.6269818358855
50	60	1184.131527744285
50	61	805.6358580402904
50	62	672.8095642570814
50	63	550.1613909376639
50	64	1642.5121127754664
50	65	1000.0608866565759
50	66	550.9652085553053
50	67	537.247921698835
50	68	715.794729769032
50	69	570.2819228017627
50	70	658.104618926621
50	71	404.8277365749782
50	72	532.1267630606908
50	73	582.2369375185966
50	74	548.2276138228992
50	75	844.7266451623176
50	76	868.5533668063708
50	77	817.1150298261612
50	78	632.1772582159945
50	79	397.7146175891393
50	80	509.1915286024665
50	81	823.9360977870452
50	82	150.86502287290523
50	83	335.2395472330713
50	84	253.41749561723228
50	85	171.76220151232127
50	86	317.43881965181913
50	87	412.1861998689252
50	88	541.0757950621118
50	89	772.2310986325956
50	90	1152.4399494400266
50	91	652.2811216995269
50	92	1118.315730586892
50	93	792.7137565462118
50	94	621.2469572905178
50	95	582.7114447056075
50	96	373.00133184162723
50	97	317.2431314383723
50	98	245.14435632146325
50	99	201.58706741753966
50	100	711.520438142801
50	101	129.364089990679
50	102	968.0314259774223
50	103	491.60803660428223
50	104	587.628164750211
50	105	717.5435236097833
50	106	688.297751308317
50	107	344.4458723420124
51	52	13394.713810733694
51	53	3705.6906678649566
51	54	2783.5056296625144
51	55	1749.0441614673523
51	56	1243.0294237353535
51	57	986.4884331812309
51	58	1083.1104091148288
51	59	1255.8472671786053
51	60	789.4617580347845
51	61	817.3539189319832
51	62	550.66540017996
51	63	820.1586827904241
51	64	1290.118164786157
51	65	579.7753603808629
51	66	663.4037162874228
51	67	513.9158366206859
51	68	583.5584263746048
51	69	578.5767351914174
51	70	704.3623616196903
51	71	704.08457123929
51	72	747.5076062524081
51	73	690.435160005172
51	74	476.7442661979565
51	75	518.5290468647863
51	76	587.457713122506
51	77	710.5714770136293
51	78	746.0861972089898
51	79	449.61363922464193
51	80	110.69952312554368
51	81	537.3773599176811
51	82	393.5812396767503
51	83	218.64577036491036
51	84	183.64534325942378
51	85	298.7322880346192
51	86	197.17714389564313
51	87	179.22063978422236
51	88	436.91604581935155
51	89	671.5399574377678
51	90	721.5648562926042
51	91	916.2950141442873
51	92	663.067258902137
51	93	689.3518834892803
51	94	617.4201420066355
51	95	548.9593997074566
51	96	283.82000748688984
51	97	551.7556580168427
51	98	213.1800064795731
51	99	306.77875974983914
51	100	713.9369473015283
51	101	449.98527326933157
51	102	374.1377325750712
51	103	244.28989165244133
51	104	383.255537213223
51	106	427.53619390856994
51	107	299.5336070533205
52	53	8107.3518771858435
52	54	4028.1992227647324
52	55	2455.9875167185055
52	56	1896.6865518569648
52	57	1129.816482949124
52	58	1379.840687368214
52	59	779.3802227238021
52	60	1050.5648716685164
52	61	691.7055803643756
52	62	815.524416586391
52	63	1045.9387640259326
52	64	1046.302383244007
52	65	981.2979245446842
52	66	473.04958628749034
52	67	553.5265816725779
52	68	384.10592393831877
52	69	693.6490118937027
52	70	825.8243400404108
52	71	617.9171157359007
52	72	351.4424688914515
52	73	590.7896964338596
52	74	627.5988438309734
52	75	597.2797613023437
52	76	828.5838993833028
52	77	801.7844649073169
52	78	736.6257991430928
52	79	478.05964032845463
52	80	182.15974908386065
52	81	565.9342900543481
52	82	356.2080649640902
52	83	251.85222375280864
52	84	290.10674261164405
52	85	442.4165288673183
52	86	233.61231729774806
52	87	389.2858553010045
52	88	464.5586999503147
52	89	507.0189709754002
52	90	870.7299206882154
52	91	689.2772286147057
52	92	523.7276350122197
52	93	595.5345186252857
52	94	419.09397326966
52	95	500.3063779031772
52	96	680.5371034623817
52	97	408.56953329133574
52	98	280.6358357730215
52	99	259.61896693846313
52	100	281.95368112215795
52	101	333.2095836559829
52	102	461.74206693321383
52	103	723.576862837951
52	104	315.32987009612316
52	105	616.070963676473
52	106	168.84600823798846
52	107	295.73551084481386
53	54	11273.147791804593
53	55	4478.84152507995
53	56	2016.8218645081583
53	57	1883.1203890586025
53	58	1586.053683725176
53	59	1545.2997870348627
53	60	1118.6739702890136
53	61	906.0727940034749
53	62	1081.6177634482876
53	63	715.9808235737789
53	64	1126.2453053455242
53	65	578.4358545989146
53	66	857.9809215082461
53	67	870.0847134650575
53	68	815.0942523416494
53	69	673.4466651479001
53	70	717.375324320813
53	71	865.0638498087717
53	72	497.1870493171248
53	73	535.7644344876835
53	74	369.94440169136294
53	75	502.960737031535
53	76	488.4170484402745
53	77	531.6973361328946
53	78	959.8357894201102
53	79	483.08061573092476
53	80	300.6524695489019
53	81	625.491778273482
53	82	305.4114890365606
53	83	212.08115239923944
53	84	299.26105052585024
53	85	608.5026222046855
53	86	459.017039307592
53	87	750.9875967175473
53	88	625.9171698353149
53	89	459.7959881474901
53	90	559.9204814176861
53	91	507.87667641087995
53	92	463.0747215876238
53	93	300.8946558936271
53	94	583.9106589503756
53	95	540.6694100873054
53	96	519.1345009976882
53	97	602.0884719136383
53	98	330.8471880683296
53	99	306.0699819187259
53	100	720.2017815494806
53	101	196.41371438956944
53	102	598.7926325966315
53	103	568.6928037583449
53	104	520.4481486373185
53	105	103.756907911566
53	106	199.05592914827125
53	107	348.64849638837023
54	55	7291.774944648022
54	56	3136.314116031744
54	57	2121.0316896792838
54	58	1804.397049078443
54	59	1172.3450842567154
54	60	1374.712401031424
54	61	984.5257707436467
54	62	1015.6658036933839
54	63	1044.5028650691195
54	64	485.6198731343916
54	65	785.6501836051332
54	66	504.97949029229875
54	67	886.332783640939
54	68	779.0613852992866
54	69	696.9119410267052
54	70	835.1676347052567
54	71	453.4923863052005
54	72	450.1969618889364
54	73	485.12832549798213
54	74	334.9802573056194
54	75	182.16998698740517
54	76	398.03024732868823
54	77	962.8912325863574
54	78	869.1198954250794
54	79	838.39552848851
54	80	544.474473183586
54	81	679.6504421874878
54	82	518.5246352922507
54	83	614.5182783191443
54	84	348.39941555518857
54	85	432.9221990190119
54	86	457.1979188092188
54	87	415.56187445523534
54	88	495.9154860547584
54	89	374.70582050221776
54	90	802.7521197533853
54	91	321.91340449017525
54	92	605.6680567972779
54	93	317.8659556887339
54	94	569.3952484963789
54	95	489.5697225861043
54	96	427.3364713119317
54	97	363.45596855504715
54	98	599.1563904266379
54	99	646.6663691403221
54	100	702.2983158246337
54	101	177.8502831337924
54	102	591.490483109076
54	103	321.8403577332603
54	104	403.9368092248247
54	105	563.703879024208
54	106	90.12138859169256
55	56	9429.038302100804
55	57	4154.531672872237
55	58	2927.8555628059585
55	59	2390.036205039505
55	60	1401.29917978247
55	61	1129.012183370506
55	62	1146.2345909589305
55	63	807.706050046892
55	64	1633.538627436387
55	65	1290.2495805513968
55	66	1148.278947747502
55	67	903.4743571080725
55	68	919.5170279682175
55	69	932.3870552297418
55	70	472.95537784051334
55	71	546.3106723184541
55	72	535.3876722063727
55	73	692.3149116421159
55	74	910.5566312459165
55	75	974.8889506366966
55	76	946.6989145857677
55	77	1036.0419619074946
55	78	717.1802738877406
55	79	520.1973919059863
55	80	317.1454551354913
55	81	538.8404024022991
55	82	352.36856115595396
55	83	352.35168227345224
55	84	355.1374199344388
55	85	200.5885746587637
55	86	169.46911769126794
55	87	231.05388710040893
55	88	433.29122928563015
55	89	721.4659990057088
55	90	387.60501450935453
55	91	843.786443521158
55	92	474.9089284049439
55	93	555.4516225501189
55	94	580.4072867105616
55	95	861.9746311789795
55	96	696.9617747435815
55	97	259.33961544885506
55	98	76.3430007102155
55	99	188.33509196736176
55	100	767.0150185511734
55	101	362.5797740567072
55	102	854.150607521989
55	103	721.742368616963
55	104	548.9985338276405
55	105	287.30292340570884
55	106	183.72865163600008
55	107	482.70391952484937
56	57	11709.007018371736
56	58	3965.1603181663286
56	59	2017.37092762939
56	60	1643.9337461951318
56	61	1053.6282830038158
56	62	967.5084984771154
56	63	1209.7309166964023
56	64	815.5368656344218
56	65	948.5879800712481
56	66	652.3452942168888
56	67	1070.151375828421
56	68	486.0685803866237
56	69	344.22795388821544
56	70	641.6931621624075
56	71	610.8953215357434
56	72	1037.7137477521164
56	73	431.31778615252193
56	74	661.8314985126216
56	75	404.90913105406867
56	76	699.0234977806625
56	77	581.2937286898631
56	78	817.6898705314263
56	79	540.145300127984
56	80	691.5446374760481
56	81	1156.3066350792105
56	82	443.9353340770266
56	83	569.1206013266296
56	84	458.89611352516374
56	85	427.6693050819477
56	86	287.41393775010084
56	87	373.1996575608457
56	88	349.92732739277216
56	89	575.8033545530875
56	90	500.8496000619805
56	91	726.8741578937
56	92	644.343687133404
56	93	583.15976698632
56	94	441.9536381768254
56	95	571.5621265282022
56	96	717.6572987748377
56	97	430.85513799581423
56	98	332.9361458288889
56	99	319.4099971505068
56	100	396.4439580526805
56	101	409.9487545966004
56	102	389.54239267786613
56	103	445.10939709582806
56	104	399.0356116864624
56	105	371.242757182943
56	106	178.05578794233486
56	107	467.79980132946054
57	58	9679.490315018842
57	59	2817.7925346469838
57	60	2882.7151052504505
57	61	1188.657193895924
57	62	1313.8433534230464
57	63	1379.1011055081544
57	64	653.3148776882423
57	65	903.3778789060678
57	66	844.1748841751896
57	67	764.3606341593721
57	68	339.4617217839422
57	69	360.6040956816575
57	70	816.2680857180269
57	71	554.6300704467034
57	72	388.243379504118
57	73	753.0618323802815
57	74	693.3171647421826
57	75	377.04185881019515
57	76	640.7437041396482
57	77	941.101343630635
57	78	728.1017303602605
57	79	452.6735386577046
57	80	362.2219314320008
57	81	468.8966064083478
57	82	965.8832720270603
57	83	675.6884397426966
57	84	400.60618784828836
57	85	244.37184392900073
57	86	473.1370847709912
57	87	547.3357201373314
57	88	696.4917562462695
57	89	517.0254493455537
57	90	437.2306564657091
57	91	428.3179501381899
57	92	385.7127978835635
57	93	610.9027405726553
57	94	968.0468673684113
57	95	276.3477043017648
57	96	530.6815029590358
57	97	564.1905518269979
57	98	310.0223078734773
57	99	478.00780132185764
57	100	415.30419992697205
57	101	306.7510481630583
57	102	306.0557269999218
57	103	199.83635404487865
57	104	278.6794317963346
57	105	583.3561331387131
57	106	373.05306362586447
57	107	163.3515643853936
58	59	8767.10253735816
58	60	3082.8542598526406
58	61	1841.8477115460182
58	62	1761.612813719934
58	63	1254.114029353941
58	64	1468.4263969056058
58	65	959.8640910397376
58	66	1210.1831347149002
58	67	1127.9922316278366
58	68	638.717464235618
58	69	798.2330599798004
58	70	595.2110403762873
58	71	528.8678201834792
58	72	412.5193756362336
58	73	711.2436586802191
58	74	511.5755187624939
58	75	918.0816533505257
58	76	810.4856960751673
58	77	735.2546472206078
58	78	644.690261882259
58	79	567.8214973567995
58	80	320.72572018040626
58	81	622.769587084062
58	82	633.5048194765749
58	83	703.860526472758
58	84	461.1264698356247
58	85	360.62760071839165
58	86	190.42473322830207
58	87	380.7829450230443
58	88	519.3276060892952
58	89	724.8419543534118
58	90	696.8545773193606
58	91	505.66635572904244
58	92	170.76273432000735
58	93	457.69951613181007
58	94	372.672712936303
58	95	489.37852068752534
58	96	352.414899099454
58	97	499.5567781838311
58	98	274.5060951213518
58	99	211.62356973349898
58	100	551.5903113138694
58	101	597.5411013583347
58	102	270.993926484032
58	103	589.8102149317475
58	104	308.44233088328616
58	105	516.5267469667115
58	106	330.31603587308894
58	107	1012.4658533536546
59	60	8612.878317751807
59	61	3474.224615276521
59	62	1843.2578647651208
59	63	1457.4029017997088
59	64	2741.8723889965354
59	65	1930.4302118578435
59	66	1060.0538357943503
59	67	880.3947533725361
59	68	1080.3777856838426
59	69	737.7852440671859
59	70	785.9106832544358
59	71	465.54117415666775
59	72	741.3787695132918
59	73	821.729114307641
59	74	630.447234676942
59	75	685.7034827133836
59	76	1040.4305895374027
59	77	1006.7792581129419
59	78	623.1318018056569
59	79	583.1356265585764
59	80	512.3621743140543
59	81	710.628516290166
59	82	455.4132981704527
59	83	289.1374497268331
59	84	437.1351113177918
59	85	333.31834492061165
59	86	391.120965445096
59	87	177.75120451382523
59	88	466.6671244022733
59	89	744.3909206949613
59	90	556.6156749374743
59	91	692.4055501016242
59	92	613.788700972582
59	93	726.431108924436
59	94	191.361842560568
59	95	209.4071021247004
59	96	522.7726380307749
59	97	649.8377592105028
59	98	352.38689561306006
59	99	173.86484098338084
59	100	660.8778002190738
59	101	390.5088519895432
59	102	742.1403327134527
59	103	787.4325929657074
59	104	126.70440461594053
59	105	442.0478818736786
59	106	339.22464971445686
59	107	445.61658336507355
60	61	10708.973954201878
60	62	3755.127236777694
60	63	3242.2437009390846
60	64	2098.3199320054923
60	65	1375.177547661136
60	66	1258.8294819208877
60	67	975.1715139380847
60	68	775.1243676449509
60	69	548.9338045077662
60	70	626.5077204734113
60	71	482.45263721256543
60	72	742.9815205956742
60	73	524.0489996849626
60	74	351.8033891185066
60	75	737.9439194416524
60	76	398.1141231546419
60	77	626.0111910153487
60	78	633.3493596703485
60	79	689.0875914918413
60	80	350.09306280059775
60	81	1053.680177754251
60	82	653.4787172397029
60	83	276.59149833423174
60	84	418.16739937396136
60	85	673.1390555247848
60	86	448.9798217336251
60	87	442.0998638795143
60	88	605.8529865270154
60	89	637.1341281002914
60	90	608.5298133573382
60	91	538.1686447051954
60	92	419.39701447238
60	93	327.0167369615818
60	94	292.89354973744094
60	95	560.8980356609624
60	96	500.0890316272725
60	97	327.17930277397306
60	98	235.96754304962553
60	99	249.4810180452391
60	100	496.7298900975828
60	101	640.3959397360118
60	102	709.938151538001
60	103	521.4912488007277
60	104	545.4296051279672
60	105	84.57340002025168
60	107	142.09361740350218
61	62	10552.59498093122
61	63	4080.902577835801
61	64	2627.2048150847786
61	65	1069.2753707652855
61	66	1506.7305521056157
61	67	1206.3050905177681
61	68	460.3968818798252
61	69	577.9934091060683
61	70	568.334483263777
61	71	504.9869691744928
61	72	344.65567504470494
61	73	396.1578175176591
61	74	512.8992706832138
61	75	697.316121088335
61	76	722.2959177330915
61	77	873.6677817650644
61	78	760.4217191532578
61	79	595.3367751881813
61	80	357.2840327721659
61	81	1233.3453127549044
61	82	423.42938362887384
61	83	588.0681956202454
61	84	632.2320408687448
61	85	482.0810134259593
61	86	678.8176922172817
61	87	231.3747020047972
61	88	506.208322372735
61	89	552.4753335500071
61	90	603.7783085263632
61	91	563.3053523442184
61	92	380.4546659415777
61	93	695.2785736394305
61	94	332.121813510011
61	95	408.8706964122617
61	96	872.4118698225585
61	97	333.8996202882512
61	98	496.9185119431153
61	99	612.9389254840245
61	100	358.43733686059016
61	101	544.6248160643177
61	102	402.51133317908733
61	103	459.9283164123816
61	104	481.0407088994778
61	106	459.959390377504
61	107	644.4988623689875
62	63	10760.642283041276
62	64	4777.728996856015
62	65	1378.8699863039615
62	66	1192.0867676163814
62	67	1111.12489897192
62	68	888.2350006503227
62	69	393.1483760513759
62	70	335.03463109627813
62	71	483.7480530401484
62	72	507.9385042797432
62	73	613.0321217710223
62	74	604.7108630680997
62	75	657.7114182329482
62	76	638.6929355852725
62	77	482.84005433421356
62	78	1120.6763695344243
62	79	592.2324302000723
62	80	561.6529356867308
62	81	681.6189520235297
62	82	717.6365249890147
62	83	658.668639478832
62	84	663.8761583510799
62	85	745.9934739590657
62	86	487.70080768042016
62	87	681.9798922460451
62	88	831.2880653902266
62	89	676.4239837149807
62	90	572.0285197241504
62	91	539.6136615348016
62	92	294.36618537693533
62	93	450.8553466609751
62	94	697.4899701528885
62	95	803.4344033457846
62	96	655.7185106852048
62	97	393.6693598601903
62	98	473.20226163726215
62	99	500.30178069763645
62	100	407.5066155695335
62	101	695.6250635909681
62	102	667.3541065793451
62	103	290.4952698711794
62	104	182.29803936509546
62	105	169.60096989067446
62	106	81.34417101849874
62	107	142.47514774821434
63	64	7007.122800435287
63	65	1408.2397971616876
63	66	1601.4213730092702
63	67	926.746606239068
63	68	771.7111478994246
63	69	624.5904035607456
63	70	748.4987116635448
63	71	591.1731472922565
63	72	437.10126920998687
63	73	695.655169644847
63	74	300.2179210578074
63	75	448.9799244709557
63	76	475.6332580405251
63	77	575.311923110593
63	78	1112.7537154970762
63	79	1012.7452445883185
63	80	1150.219772621639
63	81	1150.5603860865413
63	82	1022.3732479310783
63	83	929.3857045540566
63	84	763.2643718882847
63	85	775.9920158559262
63	86	409.7525322861987
63	87	541.7268925239152
63	88	603.1851444840888
63	89	783.5823155767018
63	90	530.1189110411328
63	91	700.6600308663385
63	92	501.0602658988881
63	93	325.5767358078236
63	94	400.95523635719064
63	95	438.76497531480743
63	96	191.4949675562496
63	97	651.4771715402687
63	98	536.9793651996453
63	99	827.9414712925843
63	100	494.54256592117304
63	101	903.2326519324273
63	102	220.87874246779043
63	103	461.5065682418519
63	104	422.35498222955914
63	105	252.6029563862756
63	106	242.30731813985233
63	107	282.93583113327276
64	65	9599.09553733273
64	66	2816.332018345364
64	67	1725.5379727735415
64	68	1337.778022385197
64	69	1000.0316358746322
64	70	1177.3962826026407
64	71	1046.1617195113404
64	72	861.344985423021
64	73	644.8393519576423
64	74	1281.8103597824331
64	75	1595.9417967122997
64	76	1336.0287093272539
64	77	1292.8166533359397
64	78	750.1599445451723
64	79	396.4293877110181
64	80	234.9750263224011
64	81	501.8893715138013
64	82	334.1722151708444
64	83	232.05292216349895
64	84	93.55502494968685
64	85	190.2301616006381
64	87	182.60186867712846
64	88	385.23377721365097
64	89	553.4046829989192
64	90	765.8105306758575
64	91	777.9850860729034
64	92	337.7884396571907
64	93	877.9467466246765
64	94	393.16785661883284
64	95	376.4628457339223
64	96	413.1066265379461
64	97	351.3532758013985
64	98	226.25200280735763
64	99	55.8154530999744
64	100	484.9375267337578
64	101	143.2733833612457
64	102	595.6192566001108
64	103	855.589405139342
64	104	732.1615275476527
64	105	454.1109552291229
64	106	653.4033247688884
64	107	762.9617387454529
65	66	13373.71686529968
65	67	5134.025438016288
65	68	2137.5771097748957
65	69	2412.629169512715
65	70	1360.5903605887934
65	71	1343.2629761264402
65	72	1018.6472040307815
65	73	1369.9113242421995
65	74	1455.2636385418282
65	75	1236.5717471155879
65	76	1056.717069603399
65	77	1452.470133286265
65	78	1078.7830487330593
65	79	435.4880853254826
65	80	253.4330282982872
65	81	574.1212336021698
65	82	225.2640360057172
65	83	166.8542559885245
65	84	168.17342716944276
65	85	213.72220682815478
65	86	225.70648579943733
65	87	287.21262507872444
65	88	307.77411883916903
65	89	678.2685245802377
65	90	412.98363687724054
65	91	649.3021611252078
65	92	809.6061055821597
65	93	591.8200812765184
65	94	706.7539764540951
65	95	580.0502080666265
65	96	649.7712181421986
65	97	236.84571420873226
65	98	162.68318986190857
65	99	200.66642153932582
65	100	326.8942764341689
65	101	321.9332141028783
65	102	481.8052186506453
65	103	978.7257364186636
65	104	950.5347694470477
65	105	408.1522916440986
65	106	293.6375585100528
65	107	514.3091878535548
66	67	9994.929933437139
66	68	3210.2529060087713
66	69	1936.653414875829
66	70	2556.301985742746
66	71	956.3672765462552
66	72	1232.9242138813697
66	73	1078.501168276186
66	74	1295.1359370657933
66	75	748.3450811957108
66	76	1239.674637306168
66	77	1292.6498108746068
66	78	1240.104381231396
66	79	493.27068264714757
66	80	413.50267548903975
66	81	729.9266922970611
66	82	501.1936336357204
66	83	371.23675988985093
66	84	261.9202637802343
66	85	380.411223480447
66	86	160.69697517108906
66	87	365.15660654860824
66	88	513.5787486160915
66	89	523.1514497987292
66	90	612.5693601421748
66	91	666.7583009196635
66	92	405.29381626865575
66	93	702.2667556479662
66	94	432.4288286415426
66	95	602.2628190422216
66	96	495.66397643848575
66	97	526.9618986685877
66	98	289.56518938076863
66	99	357.1727995050904
66	100	630.3374270289146
66	101	515.7176163677988
66	102	285.8603471398228
66	103	559.9498832946863
66	104	520.5810059162793
66	105	454.0523506394524
66	106	958.2012011872957
66	107	305.14531035750633
67	68	7937.8929308988
67	69	4109.402873694036
67	70	2899.355030554904
67	71	1565.918232089478
67	72	1516.9292499047008
67	73	1367.1448811529212
67	74	820.8792530038593
67	75	1171.834291390695
67	76	1517.265805518226
67	77	1507.518447007665
67	78	912.7733969405099
67	79	1027.2568011665312
67	80	571.8219281956572
67	81	555.1679888780205
67	82	127.06603031069463
67	83	282.3554304296691
67	84	94.8625895774302
67	85	241.11112357238963
67	86	305.55745346070694
67	87	324.0194819464315
67	88	781.2359350838718
67	89	714.1772922940455
67	90	569.4434700513526
67	91	507.123343885949
67	92	799.1888656863832
67	93	556.3858137275798
67	94	996.6573424978578
67	95	1199.7054136928882
67	96	575.9605219584305
67	97	356.2639379013417
67	98	183.5313572514444
67	99	452.76442798010555
67	100	307.322011791846
67	101	508.46541483655574
67	102	241.57755337527541
67	103	867.5474848109993
67	104	329.9531230927806
67	105	345.34335161325276
67	106	552.1129718349684
67	107	580.2189112087989
68	69	19287.302604201806
68	70	4260.568004825246
68	71	2481.7222142068235
68	72	2143.5478489845427
68	73	1336.4239146953057
68	74	1424.0715548363448
68	75	1672.796758808057
68	76	1173.1964943331827
68	77	1200.7462794633873
68	78	760.0755170777131
68	79	669.44894894369
68	80	277.7610653828494
68	81	423.7694311538352
68	82	317.427454662249
68	83	509.4270671007397
68	84	315.97210026529905
68	85	321.24102220637633
68	86	169.62716063267902
68	87	154.17957503968844
68	88	325.27147992529893
68	89	679.6600671505024
68	90	387.9664858938356
68	91	422.28666952638343
68	92	427.81663564258207
68	93	787.6236336619878
68	94	456.4595836361256
68	95	363.2751530903722
68	96	392.4066065726259
68	97	407.9137378134613
68	98	114.62129461466809
68	99	188.51072887579016
68	100	204.72808502526897
68	101	362.9179074863769
68	102	301.74605944620055
68	103	656.7413169950074
68	104	343.4440731494288
68	105	1054.426469809027
68	106	551.6999780572613
68	107	644.2054372363039
69	70	10962.795963523695
69	71	3351.214799553091
69	72	2236.3907654579793
69	73	1840.298889763161
69	74	2420.425054219512
69	75	1382.0970954724687
69	76	2061.131542546462
69	77	1043.6164578412747
69	78	717.7018514218197
69	79	276.5558466772279
69	80	210.7575682556524
69	81	286.46714887259196
69	82	187.3319383933653
69	83	166.50930219177883
69	84	209.78218265458665
69	85	170.62428673939505
69	86	180.19188891751196
69	87	122.8366469524067
69	88	268.74559941466913
69	89	631.7418567094783
69	90	320.54542817060616
69	91	498.4306127157687
69	92	757.4365586977462
69	93	738.2456936190787
69	94	440.80802263417263
69	95	482.3758455603548
69	96	231.58138707891368
69	97	157.57070690771707
69	98	40.586714827493005
69	99	250.3144557647096
69	100	652.4369131259486
69	101	385.5211808536437
69	102	480.8091365400578
69	103	767.4089679856208
69	104	656.702056943557
69	105	305.48135946697846
69	106	488.3841557325844
69	107	513.2459071718588
70	71	11899.377377653933
70	72	4981.1092663220725
70	73	3080.5356328711446
70	74	1740.3581845936258
70	75	2208.3761122088545
70	76	1940.2785299478855
70	77	1358.7336228187926
70	78	716.7349301833059
70	79	631.2760178451911
70	80	314.30728131367374
70	81	566.713248224473
70	82	399.10305304106595
70	83	221.71329751087808
70	84	357.54590611348453
70	85	181.75404136815007
70	86	527.8507697265072
70	87	174.46564369281913
70	88	408.9653834243831
70	89	480.6786626778925
70	90	536.5713248680879
70	91	530.94304412279
70	92	699.264665971954
70	93	576.6941896813107
70	94	234.78087765909282
70	95	565.225133952769
70	96	394.69975874205824
70	97	293.7357179669747
70	98	129.70251047004527
70	99	213.31389483886684
70	100	405.4138167898716
70	101	205.33428737549343
70	102	569.080140041264
70	103	520.2061142391682
70	104	621.8119750720494
70	105	1410.1004126048315
70	106	520.2412607306401
70	107	364.4831562446392
71	72	17511.195198314992
71	73	5424.58113651611
71	74	3493.6619112787494
71	75	2008.946495233785
71	76	1497.1681706871357
71	77	932.9035104336988
71	78	891.5850349708563
71	79	448.7303478550363
71	80	438.85924489029827
71	81	271.1403906148079
71	82	248.23285047066784
71	83	118.20045705491407
71	84	317.6932401378535
71	85	40.37385782014085
71	86	213.18892645716517
71	87	232.52911593923704
71	88	36.33814163238489
71	89	384.3912719462671
71	90	303.3953908712374
71	91	613.2922152693659
71	92	382.3528949354133
71	93	1024.8297774125733
71	94	292.0565305288457
71	95	365.2539586563295
71	96	350.70586207913107
71	97	74.57012643256257
71	98	230.49130251914534
71	99	236.9219632327272
71	100	360.22571325917636
71	101	121.63158903016071
71	102	303.3897082805849
71	103	792.3824037123392
71	104	276.2518850578827
71	105	674.6536769303373
71	106	739.6068765389145
71	107	1133.500384596694
72	73	10053.9491609285
72	74	4325.866687245782
72	75	1445.515758660698
72	76	1857.8607442813118
72	77	749.0711380357205
72	78	888.618418234762
72	79	442.37598968104425
72	80	326.7526170980853
72	81	317.2361610324677
72	82	354.9751066907937
72	83	358.54353833494065
72	84	505.9295214474447
72	85	367.4043112796063
72	86	271.60432244278485
72	87	141.06851034597355
72	88	297.6111661955249
72	89	233.19877127827633
72	90	118.32491261162434
72	91	429.3071273381097
72	92	782.8722510850031
72	93	423.9094067282867
72	94	417.64334530119123
72	95	747.861968926093
72	96	359.0372812019305
72	97	135.71844467298536
72	98	209.74834417666384
72	99	43.120056109727834
72	100	608.785109262743
72	101	664.112462027505
72	102	322.10067350058034
72	103	781.161674764488
72	104	691.3244916034952
72	105	613.9385307915568
72	106	841.3078714912995
72	107	884.1356064606014
73	74	18466.34396884146
73	75	3243.629519482206
73	76	2028.708085934758
73	77	1872.68668099702
73	78	1199.0410043851268
73	79	352.02499492513766
73	80	375.57949290115397
73	81	455.80123255262725
73	82	292.1047183845221
73	83	324.54525134817715
73	84	93.4603279412645
73	85	95.0188046931566
73	86	150.52034702270944
73	87	182.41703787081602
73	88	342.08341427876906
73	89	201.03437205732288
73	90	255.01179074856697
73	91	555.1411460557931
73	92	674.8930559765676
73	93	548.1613019893648
73	94	638.2510705052746
73	95	537.259696540175
73	96	412.6884773074409
73	97	175.49881685829283
73	98	90.40919561986324
73	99	167.27686899937086
73	100	666.1141709695764
73	101	214.69254165766765
73	102	595.0163668912033
73	103	932.4254966672656
73	104	812.6893653984896
73	105	567.0641264360115
73	106	761.5322699227553
73	107	1143.2841958216923
74	75	10755.719868666989
74	76	4239.321785943377
74	77	1634.9374173766448
74	78	804.9374949462657
74	79	354.48093501875644
74	80	378.19976347356913
74	81	209.81996739968332
74	82	96.04656922413074
74	83	480.20984238343914
74	84	161.33548102737666
74	86	230.96452320107466
74	87	157.44830561140807
74	88	147.6299982299364
74	89	289.1955855616089
74	90	410.8654525265553
74	91	830.5353052136629
74	92	776.6874510751018
74	93	883.1769728697219
74	94	452.01153229496254
74	95	123.65895917164679
74	96	474.9344487834088
74	97	403.9387500738971
74	98	104.04565149679026
74	99	192.50730742657993
74	100	418.1369690505281
74	101	247.07470534519575
74	102	890.1918068840889
74	103	894.2196790917429
74	104	935.2676340903267
74	105	1435.7082081766375
74	106	625.9960664454383
74	107	657.8631088612271
75	76	14033.11867961257
75	77	4364.7545201170815
75	78	1453.9339930803064
75	79	619.6336235985139
75	80	308.51062631615645
75	81	299.52545629001276
75	82	156.69701617317628
75	83	217.62431971608817
75	84	87.73795421697893
75	85	44.600504404176235
75	86	282.6086235028378
75	87	256.8720558176019
75	88	40.14229834401063
75	89	471.81368073867054
75	90	478.7959407878121
75	91	885.9567925790353
75	92	897.5586531086897
75	93	874.8175709491303
75	94	1013.9839566174737
75	95	756.5466711281063
75	96	484.27556811364866
75	97	453.07186074598735
75	98	212.18409031997365
75	99	209.37982417594907
75	100	739.0257031090263
75	101	268.72984228524274
75	102	1005.4526431902979
75	103	1313.002650527018
75	104	839.2231687507702
75	105	958.2192297707594
75	106	1021.2932803382331
75	107	1967.6861919840997
76	77	10949.568433820747
76	78	2368.33466289055
76	79	681.945031430521
76	80	427.9852663931445
76	81	623.2807135325687
76	82	418.4563393992665
76	83	338.13033925804797
76	84	340.803641154369
76	85	259.86497691765004
76	86	411.65500482779873
76	87	166.2962031174298
76	88	233.88922551313064
76	89	412.35358061255175
76	90	976.3971106861206
76	91	1012.1627437971507
76	92	922.8755769954665
76	93	599.6620334201053
76	94	939.906014216289
76	95	832.6262871677204
76	96	705.4082740253227
76	97	359.97608162323974
76	98	247.25825176151835
76	99	304.98804836055774
76	100	331.2258112247419
76	101	391.43881440049034
76	102	813.6490189869903
76	103	991.6944081983316
76	104	889.0429799132523
76	105	930.5112178772838
76	106	198.35228193547462
76	107	1042.2481532890213
77	78	8759.271992475082
77	79	1213.0302102523187
77	80	672.9818179398343
77	81	653.3816630573373
77	82	552.1662689430059
77	83	357.86840153256037
77	84	360.6977550846541
77	85	314.3249911359287
77	86	387.27556002709997
77	88	282.9054904135899
77	89	997.5413932904274
77	90	956.0646759222332
77	91	1040.6398040203383
77	92	868.2201156907116
77	93	1632.0002893190276
77	94	1082.745256297221
77	95	1184.8472162819141
77	96	1080.771917296937
77	97	580.5552304250559
77	98	149.53813460182712
77	99	307.42043661349766
77	100	934.8288739340261
77	101	473.4728139440011
77	102	656.1105276398697
77	103	1799.2863434148244
77	104	806.5200727373757
77	105	500.23060057385317
77	106	1199.6052719508411
77	107	1260.6725439874356
78	79	6269.079094184002
78	80	2042.6117435319427
78	81	2333.084721987794
78	82	1210.3841093122176
78	83	1107.48796249572
78	84	518.2560985588599
78	85	567.4287898211738
78	86	642.050190789464
78	87	427.9586976556381
78	88	1276.773439800472
78	89	1500.659406542212
78	90	1218.2938506277499
78	91	1231.3472072778486
78	92	911.6141941982105
78	93	514.4045745786522
78	94	837.6873542503951
78	95	1191.6847303031661
78	96	968.1860057998244
78	97	860.8863103054155
78	98	771.2876357918211
78	99	951.3676857654901
78	100	1601.479728586373
78	101	915.77909604197
78	102	913.7032740030592
78	103	662.8826599124787
78	104	901.3048191236603
78	105	967.5333276056592
78	106	278.42952732257703
78	107	325.1147770930701
79	80	10476.900468140486
79	81	6164.70763676918
79	82	2100.7763491509536
79	83	1463.1572174992416
79	84	1755.6251504868803
79	85	1677.8066431539048
79	86	1658.7888871383434
79	87	1576.2595257713065
79	88	1349.446919022463
79	89	1208.439156919647
79	90	881.4193433753508
79	91	542.264600786599
79	92	633.8835145678291
79	93	494.2584505721656
79	94	627.1358178164339
79	95	726.6432641353371
79	96	581.4175003743914
79	97	1351.6446908875043
79	98	1086.9187295145553
79	99	1550.1754147918375
79	100	728.0152135550604
79	101	1290.53987824406
79	102	625.9237519692149
79	103	291.92237479504763
79	104	244.25814389583155
79	105	340.86832408654715
79	107	429.52523975737654
80	81	8659.976152965432
80	82	3412.192773045648
80	83	2490.2610540940136
80	84	2435.0255158453133
80	85	2285.1971428499032
80	86	2373.115209025433
80	87	2266.6786411325634
80	88	1508.2994146889698
80	89	886.3920700327375
80	90	449.75478923559314
80	91	445.0371569227172
80	92	541.0380567044289
80	93	307.60916277590917
80	94	432.9460080315681
80	95	559.9128950340536
80	96	703.0304443720186
80	97	1090.3570860481834
80	98	1666.9911576121356
80	99	1251.5999077383558
80	100	631.091302590461
80	101	1376.8917549085852
80	102	524.7040928918019
80	103	311.4553201374389
80	104	130.30090354784176
80	105	181.8381565949235
80	106	174.42676321109082
80	107	152.75513013766795
81	82	5294.008112267563
81	83	2598.16172900237
81	84	2327.736115000678
81	85	1442.117476851853
81	86	1874.4405007191301
81	87	1526.2663502076493
81	88	2329.6814253549296
81	89	1290.8647219108423
81	90	674.8319620332146
81	91	820.943908038838
81	92	700.3742366614608
81	93	511.97185249352407
81	94	764.2486163233618
81	95	627.2374598260095
81	96	1003.7575631205418
81	97	1195.1948464632324
81	98	1055.5050857285967
81	99	954.7590484075413
81	100	659.8428108994518
81	101	724.0949537985191
81	102	370.4890397719297
81	103	302.3843878341692
81	104	253.0119500682564
81	105	176.54223932532605
81	106	338.69339584378616
81	107	296.6124739485883
82	83	8556.545930227967
82	84	5427.582232742124
82	85	4062.396562316587
82	86	4147.185374065465
82	87	3834.5015535696075
82	88	3229.7536614814176
82	89	1074.36804823851
82	90	908.5561409244104
82	91	870.257152319228
82	92	561.0521773292273
82	93	507.7772367943452
82	94	839.6164602408517
82	95	650.8107030822514
82	96	624.888856822884
82	97	1062.9543694155368
82	98	1288.4397170082557
82	99	1271.4114474920357
82	100	819.8437525702084
82	101	1682.7947383709304
82	102	296.78944706975386
82	103	498.3069067893469
82	106	232.55893439932652
82	107	135.7764509484695
83	84	9507.987845604403
83	85	5529.108235002376
83	86	4806.373495967415
83	87	4043.7250672576797
83	88	2911.3785105016027
83	89	1233.4745972486048
83	90	888.3234506457636
83	91	395.55248451892743
83	92	400.73235874754346
83	93	433.97684927027314
83	94	699.6468679914469
83	95	425.34609703063626
83	96	408.404525415369
83	97	1250.4746501253446
83	98	1109.4366104019566
83	99	1324.3234847240585
83	100	479.4178251788737
83	101	1416.4260357350877
83	102	565.2861533214169
83	103	246.06569742299456
83	104	321.70126653517156
83	105	179.57685231101917
83	106	86.12881279374346
83	107	301.71099353575704
84	85	9136.39537454418
84	86	5765.204591061562
84	87	4839.888141510121
84	88	2490.8247178749593
84	89	1283.3306899157326
84	90	854.649074955012
84	91	575.8707836133267
84	92	403.9006002503934
84	93	262.4447555912964
84	94	430.9423347779834
84	95	471.57983170102096
84	96	1070.2469025388275
84	97	700.2005907412944
84	98	1334.6353056076653
84	99	1112.3281302544653
84	100	579.8497969038962
84	101	856.5746891492236
84	102	474.79614855109685
84	103	124.00556221713951
84	104	194.54680684280632
84	105	361.99321994453965
84	106	260.42927475314605
84	107	304.0963594058197
85	86	9199.049019372671
85	87	4957.591563442051
85	88	3399.6064507655215
85	89	1794.0045519130554
85	90	703.3957109029418
85	91	1035.8378861053652
85	92	501.8881440048965
85	93	667.0527357321091
85	94	438.1284170968123
85	95	523.0293332639221
85	96	711.4457924303626
85	97	1139.0026060160808
85	98	1540.254327997689
85	99	1718.9322932095145
85	100	442.13921417518924
85	101	1509.4877345577559
85	102	530.9848558440605
85	103	189.11008376579906
85	104	131.8606190117307
85	105	184.01477837607672
85	106	264.7720047556951
86	87	8283.162770711451
86	88	3736.7765573116963
86	89	1808.4834701056116
86	90	1179.8015097846946
86	91	856.1125224022752
86	92	674.5849938949525
86	93	375.71046031459
86	94	420.63279167862765
86	95	736.4769718804502
86	96	839.7323490386744
86	97	1090.1019746541801
86	98	1626.6226929337824
86	99	1576.461986326335
86	100	415.0504619862739
86	101	981.0036250227274
86	102	662.7155956981222
86	103	266.28568033604955
86	104	208.8818755026071
86	105	582.9997206970803
86	106	93.20628495361731
86	107	163.251761663523
87	88	7558.824584828481
87	89	2152.580463834488
87	90	1390.0956347519202
87	91	778.1481715405808
87	92	963.524524093804
87	93	384.18221913734635
87	94	879.3513084909032
87	95	711.2455503016893
87	96	723.0881423451019
87	97	1298.327263208264
87	98	2252.9365573467458
87	99	1476.3180576094014
87	100	565.8790456401011
87	101	1448.9567729766968
87	102	509.69218603734754
87	103	363.05341267436523
87	104	379.718892638613
87	105	88.3178621964551
88	89	6238.529736892266
88	90	2457.8602953518
88	91	1175.504828407167
88	92	1231.9638664550987
88	93	840.5250658456837
88	94	1469.7892211172443
88	95	1412.2440868777824
88	96	715.6636496118515
88	97	1665.867851378861
88	98	2046.4319184146939
88	99	1506.3967225844576
88	100	840.103106368707
88	101	1149.585786034897
88	102	651.6931749122675
88	103	226.94252763614247
88	104	415.3800349669737
88	105	82.81045508417243
88	106	317.7410046571682
88	107	417.3949652818493
89	90	12562.134829555733
89	91	3716.1164717925362
89	92	1641.0579888910668
89	93	1552.4356586499503
89	94	1643.2517506135528
89	95	1106.5901525866107
89	96	1815.1290599299957
89	97	1091.9518704366214
89	98	698.3070260561778
89	99	717.7896508207491
89	100	2026.8046492824203
89	101	982.6683816332861
89	102	1123.4219101687786
89	103	533.4751307200976
89	104	488.21814218930473
89	105	291.9945336678977
89	106	466.8222769885287
89	107	327.0575976290822
90	91	8992.647896665865
90	92	2987.8223794825853
90	93	2386.9845303341936
90	94	1924.1190554294735
90	95	2058.7715881952627
90	96	1617.3577135863427
90	97	1108.1114101779453
90	98	905.4858602589651
90	99	1116.8984791044395
90	100	1634.8913984684962
90	101	1371.164658384726
90	102	880.9455386390166
90	103	406.0274280866915
90	104	636.9983588844622
90	105	493.85948719761797
90	106	284.2384022563546
90	107	663.7952926867736
91	92	10342.840606755284
91	93	4416.840199142116
91	94	3071.683914177115
91	95	2546.4705332338567
91	96	1467.026635772359
91	97	1164.5459283005844
91	98	471.3675517969094
91	99	528.5657576049168
91	100	1090.6715305726893
91	101	339.19551044991533
91	102	1353.7065860739958
91	103	810.23307526715
91	104	924.4644413061917
91	105	430.03771851040307
91	106	928.1478628134539
91	107	903.1447096318108
92	93	12265.887528041538
92	94	4950.763528743398
92	95	2270.239225453574
92	96	1634.861551434327
92	97	884.8469956324307
92	98	868.2549932204084
92	99	1017.4262103541819
92	100	1686.5090265916685
92	101	893.4571718817692
92	102	971.4322505585975
92	103	895.4654310733687
92	104	1092.6656657534415
92	105	653.5037802894433
92	106	1358.2143287894332
92	107	1829.943301833176
93	94	11488.876254345378
93	95	3218.500492210448
93	96	2172.8723490594057
93	97	1519.5159711412487
93	98	423.1281830462064
93	99	313.152029105374
93	100	1133.64043208319
93	101	535.88923526254
93	102	1559.4673505099163
93	103	1527.3604220678806
93	104	684.6307944317984
93	105	1061.5770302765006
93	106	1018.3090763665473
93	107	1070.1472591736972
94	95	9008.312184836253
94	96	3805.7845478377158
94	97	1544.8725705048505
94	98	871.6449450179166
94	99	1682.85348812009
94	100	1015.3485517643016
94	101	1739.894322132067
94	102	1047.5563091162053
94	103	1042.2743435711536
94	104	1567.0454147117289
94	105	1331.1266409363145
94	106	456.02583353402434
94	107	479.24034774406033
95	96	10269.689735244034
95	97	3300.60297742441
95	98	1617.3814199120504
95	99	1278.8507956486026
95	100	2333.299625220802
95	101	1641.3490362481728
95	102	1801.3913990304593
95	103	1425.6999134775301
95	104	1342.0302802100382
95	105	728.3253774848315
95	106	598.8344197535635
95	107	699.2430751364878
96	97	5913.150860814573
96	98	2508.629273590991
96	99	2603.177804016823
96	100	2720.4421220650725
96	101	2332.4414652493365
96	102	2096.5355451127925
96	103	1368.9141633377758
96	104	1646.5151817456872
96	105	1698.339136613181
96	106	766.6437244336051
96	107	839.2402041634873
97	98	8737.707208537407
97	99	7770.031022358829
97	100	2948.9303604299666
97	101	3699.473883390784
97	102	1649.3993086840837
97	103	756.7830894901587
97	104	730.6358789350131
97	105	509.8102843119361
97	106	244.51567099404784
97	107	571.0289324227593
98	99	15064.206517737146
98	100	1776.246211636448
98	101	4529.7385446744365
98	102	872.6620562772106
98	103	599.7862076645828
98	104	627.3185890655309
98	105	787.8948453520883
98	106	83.97574231146723
99	100	4266.613610544956
99	101	4156.436449164636
99	102	963.1045622542571
99	103	443.89448750122267
99	104	464.2708685774889
99	105	647.9015617252255
99	106	414.32951296683217
100	101	8140.017645765924
100	102	6460.336941352949
100	103	2490.758073959962
100	104	1764.7404075822794
100	105	1290.0062460940492
100	106	1012.4410350672184
100	107	2167.3676822348757
101	102	7198.479626546702
101	103	1424.2978769440454
101	104	1092.4307978091615
101	105	1108.7377381396946
101	106	930.6041494164897
101	107	465.70362527201524
102	103	12710.676132225366
102	104	4128.615736617872
102	105	2880.79305052456
102	106	1547.491205082409
102	107	1161.6200047065922
103	104	12508.246495244233
103	105	4965.808580239343
103	106	3031.261692553991
103	107	3033.8776379961882
104	105	19043.77699695646
104	106	3472.351284913359
104	107	3437.572365315862
105	106	13905.203433652237
105	107	6273.284897916399
106	107	30441.962235827516
