19	20	17360.082925503983
19	21	5764.968380633164
19	22	3026.93350600679
19	23	3006.425240297308
19	24	1294.3846733722862
19	25	2928.9386123876916
19	26	4096.778754673508
19	27	5198.403626815888
19	28	1968.0848755350141
19	29	876.6115783916782
19	30	969.4563815803558
19	31	393.5646227865639
19	32	622.3897164602205
19	33	381.31654949727755
19	34	489.68117930353634
19	35	405.51857036931597
19	36	1080.5546676375209
19	37	398.00826347093357
19	38	418.6722378179089
19	39	252.16237712359597
19	40	304.50323460441666
19	41	72.59977231254925
19	42	145.04633240388225
19	43	481.4031690193287
19	44	346.3793052467198
19	45	1352.8424925790255
19	46	954.1544992635022
19	47	639.4202843463593
19	48	295.13691805571915
19	49	281.56174224261116
19	50	180.90140294831068
19	51	246.62357075656826
19	52	415.0899209628981
19	53	276.28749137352025
19	54	321.340847394909
19	55	186.4191843361696
19	56	187.0257254255283
19	57	189.81098275492639
19	58	126.15068039061002
19	59	224.50940700384834
19	60	123.97928145524828
19	61	521.833490086619
19	62	62.12483288545723
19	63	176.97167341684312
19	64	209.6418619959014
19	66	270.3155658233724
19	67	275.7337883189913
19	68	310.96637390453424
19	70	131.47885992387992
19	71	65.43397552086839
19	72	207.5305595104716
19	73	79.71545827427529
19	74	80.63985992009998
19	75	299.13478391321
19	77	169.90425791976796
19	78	194.755378512408
19	79	322.8800106048934
19	80	67.95925331132361
19	82	281.4174411379817
19	83	119.75492830790718
19	84	65.7871277140341
19	85	370.1810054444707
19	86	546.8244309782457
19	87	202.4549011351834
19	88	217.66644666021787
19	90	246.2102573056212
19	91	204.47594487206982
19	92	509.1468284159852
19	93	575.4583362379979
19	94	409.6624132109984
19	95	400.6254449269415
19	96	317.2610856394635
19	97	258.1720785150728
19	98	505.6647478977813
19	99	237.0982754461172
19	100	211.87910498522103
19	101	239.1162327845955
20	21	5120.601609438864
20	22	6666.355122736786
20	23	2831.4143115240763
20	24	2709.6044258968427
20	25	3225.268226759067
20	26	2413.9866828006902
20	27	2170.8456597910667
20	28	1245.3324921418573
20	29	563.4924775460036
20	30	593.2135319034611
20	31	604.7953314779996
20	32	720.1381747060623
20	33	597.4632527947599
20	34	929.5572934240374
20	35	921.6559487428577
20	36	616.9043667309223
20	37	411.17574842360307
20	38	648.7850373797656
20	39	121.56889618942795
20	40	146.80271711915665
20	41	210.00454431743708
20	42	104.89147545207774
20	43	248.6648224195379
20	44	375.7306626570892
20	45	1378.5410136391938
20	46	1250.6337956683426
20	47	346.80161821838095
20	48	512.2337881781247
20	49	203.61374248642935
20	50	348.8543235736685
20	51	222.93488733211086
20	52	385.94027341025384
20	53	399.59924720366206
20	54	418.28460662041135
20	55	404.4318041040725
20	56	405.74767997761023
20	57	137.2634089273961
20	58	136.84038861399455
20	59	324.71173263357014
20	60	179.31332067216528
20	61	235.8551738621367
20	62	224.63047757128095
20	63	63.989277185677615
20	64	101.06951738262813
20	65	51.755074084462585
20	66	244.35121925321664
20	67	149.54940643502152
20	68	179.90235938681928
20	69	92.8610963600376
20	70	142.62006539164005
20	71	47.31912984857602
20	72	100.05164661378659
20	73	115.293808483826
20	74	58.31539306844111
20	75	162.24137655025197
20	76	113.0122456040742
20	77	184.3015401020696
20	78	375.5706408351781
20	79	140.0960375007316
20	80	147.43591717846397
20	81	163.19062138060204
20	82	254.3867374108889
20	83	129.9026757315441
20	84	237.87257413944158
20	85	458.91344256559046
20	86	642.591116889563
20	87	390.41857298292297
20	88	104.9382146528058
20	89	252.85506771871187
20	90	222.56127345839633
20	91	345.02649917998514
20	92	230.121132542633
20	93	166.45901471297273
20	94	507.85854911885195
20	95	144.85783034148352
20	96	596.5180597419751
20	97	186.69931040083853
20	98	228.5473226557156
20	99	342.9192248644643
20	100	153.2221571620426
20	101	345.8378305144566
21	22	3878.776046112021
21	23	2381.6789293129486
21	24	3000.8500314564926
21	25	1329.2595145603707
21	26	1425.8439485427261
21	27	14577.552497859959
21	28	1926.4859282117038
21	29	2030.7960677968786
21	30	1138.7582519510281
21	31	1560.2460565163951
21	32	913.8516170180457
21	33	895.8162029686451
21	34	575.1970840070155
21	35	510.3607110218024
21	36	601.2276087767725
21	37	701.2721814777033
21	38	737.6811500803395
21	39	345.56547233733795
21	40	238.45361705790708
21	41	298.4740415713077
21	42	255.56493991647764
21	43	444.3005569315152
21	44	610.3043411480278
21	45	541.7377277165225
21	46	945.6615944305851
21	47	1001.4480129950858
21	48	450.6819383111498
21	49	413.4156568367305
21	50	495.8176510660011
21	51	506.96256727609716
21	52	383.0981907247677
21	53	365.1043512906746
21	54	490.6960366616819
21	55	510.9408804176578
21	56	256.3016492909577
21	57	185.79899263643043
21	58	111.13583680515767
21	59	164.82300333712405
21	60	182.03814079543108
21	61	153.24108548644574
21	62	182.4351446943598
21	63	207.87727771361148
21	64	82.0842844980278
21	65	210.16614778531266
21	66	119.0708861665256
21	67	161.94340083568966
21	68	292.2178087359164
21	69	301.6710418655366
21	70	231.659679909521
21	71	115.29164333450869
21	72	81.25761394556532
21	73	140.45495647247637
21	74	189.4449459819816
21	75	219.60903173349752
21	76	321.2427788373008
21	77	149.68172840769117
21	78	114.38332791791932
21	79	227.5598676447818
21	80	199.56844365329897
21	81	220.89392429607156
21	82	165.28151210702856
21	83	246.16976273880667
21	84	309.1036831771186
21	85	279.5322162040758
21	86	361.30477378777783
21	87	435.98645087014864
21	88	340.90509143982723
21	89	410.71586869887005
21	90	216.90555208222352
21	91	280.21557885578954
21	92	149.51553348079636
21	93	371.7747057244902
21	94	206.2303586194459
21	95	235.2945114500195
21	96	260.8663786339255
21	97	189.5363669902381
21	98	185.61623662565137
21	99	382.9431951495295
21	100	290.3609326174104
21	101	140.43725351264362
22	23	11991.622808048962
22	24	5754.338770160041
22	25	5579.7573736808545
22	26	4157.976649696178
22	27	2407.665745291641
22	28	1850.610389747753
22	29	753.6336970763739
22	30	384.6708508153009
22	31	697.8516609915212
22	32	481.568447349196
22	33	327.8225020496346
22	34	434.140677982866
22	35	784.4158697491051
22	36	843.4034016909909
22	37	439.93616494349965
22	38	501.34171877896944
22	39	162.5903101381732
22	40	65.44628890473805
22	41	234.05592124618366
22	42	140.28536952437216
22	43	354.74416556592826
22	44	670.019683046198
22	45	1506.6851966095414
22	46	961.2870640922584
22	47	412.2880801110014
22	48	456.7190736757735
22	49	272.3198332546981
22	50	349.92708522152014
22	51	357.79269475771224
22	52	535.2868239460468
22	53	489.90095553063554
22	54	580.1473803314483
22	55	160.26685314263142
22	56	281.3795318891455
22	57	122.38711780000561
22	58	162.67992460110418
22	59	217.140168946385
22	60	79.93987863080964
22	61	210.293735036657
22	62	120.17132723781936
22	63	171.1628014936545
22	65	92.29195745930389
22	66	87.14759946297575
22	67	88.89439152214267
22	68	160.40495732128892
22	69	165.59405056397773
22	70	169.5509762835017
22	71	84.38158376256916
22	72	178.4165606244401
22	73	102.79853189413976
22	74	207.98122199619831
22	75	337.5354056684653
22	76	201.52847905598614
22	77	54.775788331482865
22	78	209.29197656033358
22	79	166.55033684405703
22	80	131.45715310929535
22	81	48.50146628984479
22	82	136.0901343258932
22	83	154.43216514899666
22	84	127.25549647973463
22	85	238.6868539590926
22	86	440.7296740599079
22	87	348.1059100626369
22	88	140.34788009558056
22	89	112.72560983673011
22	90	158.7524774756517
22	91	351.580942108591
22	92	123.1086815204898
22	93	408.1510710304767
22	94	490.5528473270007
22	95	301.36977119040847
22	96	204.5649271604486
22	97	457.77949384206653
22	98	203.7778918599931
22	99	191.0965197194903
22	100	227.69382295321898
22	101	308.35672546395176
23	24	9419.727400711825
23	25	6237.919257097031
23	26	4126.415553999511
23	27	1295.4526121622116
23	28	1773.3425740557425
23	29	797.8492199287386
23	30	733.0309286822893
23	31	612.5277738596989
23	32	856.5008961311523
23	33	333.17354493044485
23	34	561.5618288133627
23	35	1290.7369499478614
23	36	1006.2433552561062
23	37	521.6367774767986
23	38	235.16543714419268
23	39	165.24426987587896
23	40	465.601975411149
23	41	47.57528266424197
23	42	142.57524597636024
23	43	315.4678191407702
23	44	491.80184915677165
23	45	1370.0915592513898
23	46	1094.2155186339664
23	47	523.7723170477777
23	48	348.1305703448955
23	49	369.0198756260621
23	50	237.09262730390554
23	51	242.42196049656735
23	52	427.4476678493775
23	53	543.161021584256
23	54	252.69305111146613
23	55	325.7657742377486
23	56	40.85321238703294
23	57	248.76968259533345
23	58	124.00151033598283
23	59	147.1230302624951
23	60	121.86710450723035
23	61	128.2358143338529
23	63	57.98556330261986
23	64	228.966990873721
23	65	281.3953140162766
23	66	88.570108713471
23	67	45.17270681953207
23	68	203.7790569630383
23	69	168.2970403216509
23	70	344.6371097871684
23	71	128.6384150565288
23	72	271.9932780966126
23	74	105.68804852960899
23	75	98.01285490338874
23	76	51.204506517796766
23	77	167.00967865833098
23	78	127.62494823289765
23	79	211.58617006442043
23	80	178.13723558348812
23	81	98.5863103178038
23	82	276.62306400524767
23	83	510.09711863861196
23	84	215.55447744308913
23	85	173.27352621059066
23	86	716.6779190299595
23	87	353.7880387760793
23	88	380.3700717517172
23	89	286.4140716312331
23	90	161.3437923155296
23	91	133.9949226486093
23	92	291.94242722015457
23	93	452.52361768002066
23	94	498.56013573746196
23	95	612.5780529073202
23	96	332.6464609322794
23	97	465.2518231855039
23	98	248.52498721701775
23	99	155.3726287872051
23	100	185.12837325755757
23	101	156.6950143501953
24	25	8543.337761965739
24	26	5861.490256386865
24	27	2384.2717365631747
24	28	2618.041417023577
24	29	777.4073321737678
24	30	857.0997192456844
24	31	659.6586886972981
24	32	1033.260155695659
24	33	527.5354906029506
24	34	898.9285786381737
24	35	776.7941175438636
24	36	1053.0889769760752
24	37	508.2717954880997
24	38	611.0405509989258
24	39	268.35084414547043
24	40	324.05191045240656
24	41	46.35634484511337
24	42	138.92229112964574
24	43	395.2094681286254
24	44	700.3710943470645
24	45	1374.2524684134503
24	46	1370.8033178003793
24	47	578.3996358678922
24	48	452.2813771155578
24	49	359.565128176945
24	50	231.0180197793029
24	51	314.94774511706
24	52	757.2653232908616
24	53	485.1408482557027
24	54	205.18228446405828
24	55	158.709625288792
24	56	318.45201884504723
24	57	403.9931573566977
24	58	281.9236878746637
24	59	322.5454999539644
24	60	474.9788718383144
24	61	124.95025353200872
24	62	158.67158173913393
24	63	112.99980233284965
24	64	223.100572244582
24	65	137.09280832231187
24	66	172.60166509012805
24	67	44.01532597697695
24	68	277.9811782694231
24	69	40.99626529085333
24	70	293.8311941919233
24	71	41.780846374744925
24	72	176.68298170688735
24	75	95.50164385193446
24	76	49.89258347690075
24	77	54.24356110150231
24	78	207.25839763185235
24	79	164.93205571783392
24	80	130.17985380258196
24	81	288.18121987960757
24	82	134.76781880244292
24	83	152.9316298581168
24	84	126.01902243793107
24	85	405.2017039302182
24	86	654.6710069996352
24	87	344.72354990140474
24	88	231.64032386474804
24	89	111.63031498294923
24	90	235.81494600825215
24	91	217.60301056714653
24	92	325.0999996699354
24	93	367.4411672229541
24	94	261.5772955200818
24	95	213.17251518374806
24	96	405.15455691851565
24	97	370.90758578936004
24	98	121.07873421757441
24	99	302.78357820309634
24	100	315.67402028567966
24	101	305.3605870086477
25	26	11502.090560871377
25	27	2055.634606029158
25	28	2711.628625962218
25	29	759.6201288172716
25	30	651.3804433134932
25	31	460.4039950170358
25	32	776.6299992770273
25	33	555.1165789158247
25	34	801.981736812696
25	35	686.7332356226774
25	36	1028.9941337571654
25	37	567.591378285227
25	38	335.846163400643
25	39	262.2109341675748
25	40	189.98253073305355
25	41	45.29570430507841
25	42	271.48745404398636
25	43	171.6297834068156
25	44	288.1458915198627
25	45	1841.567113303091
25	46	1302.2324777306158
25	47	498.67567080192237
25	48	184.13879470877083
25	49	175.66911043933845
25	50	300.97638767770223
25	51	153.87084531835535
25	52	406.9664347649393
25	53	775.7030430283659
25	54	160.39014493963805
25	55	271.3870667019442
25	56	194.47861626542112
25	57	394.74972968739104
25	58	157.41327375677784
25	59	280.1472067866799
25	60	116.02781993399532
25	61	81.39424791062606
25	62	116.28086304186661
25	64	130.79759740914477
25	65	44.65203435738411
25	66	84.32625577586677
25	67	43.00824832083262
25	68	77.60597849019697
25	69	40.058264223193845
25	70	164.0618798594072
25	71	244.94936380289482
25	72	215.8005587442895
25	73	99.47050001729127
25	74	50.31199318943895
25	75	46.65827552862096
25	76	97.50206646952083
25	78	202.51629254299112
25	79	282.0271721071573
25	80	296.8030754520811
25	81	140.7937938760881
25	82	87.7895397880913
25	83	149.4325298530777
25	84	82.09045811291696
25	85	395.9306245231686
25	86	639.692030276398
25	87	210.52263767104617
25	88	90.53614257092383
25	89	163.61429344283542
25	90	76.80648751748883
25	91	340.1987505434944
25	92	436.7847824881159
25	93	466.7442713688795
25	94	328.61875552923834
25	95	208.29509414504128
25	96	356.2961006183308
25	97	483.2282150101804
25	98	394.3614450964464
25	99	369.8198022445785
25	100	132.19343507743093
25	101	596.7477764600726
26	27	2551.0598312950356
26	28	4839.757379260577
26	29	1246.6659975449004
26	30	848.4335238166409
26	31	629.6678036244703
26	32	1017.8954205459577
26	33	723.0482892344384
26	34	565.8218233425464
26	35	865.0573849023958
26	36	1577.1415226799204
26	37	646.884801878946
26	38	680.4700617298413
26	39	119.5368884650303
26	40	216.52339421539617
26	41	206.4943466469186
26	42	103.13822856884572
26	43	97.80336936324292
26	44	738.9007504838769
26	45	1792.7565915403127
26	46	1356.9430292247457
26	47	416.7837371918762
26	48	587.6171809747736
26	49	250.26295775958891
26	50	257.2674529095273
26	51	263.0502728637934
26	52	505.98577830214043
26	53	491.1499995161618
26	54	502.6914881559481
26	55	132.5572603252326
26	56	310.30662612542375
26	57	179.95875938219268
26	58	134.5531199508002
26	59	119.73158241055495
26	60	308.55321467381236
26	61	231.91288640087515
26	63	62.919705036915914
26	64	99.38015401370671
26	65	152.6699849777479
26	66	144.16015292259965
26	67	196.06627766781557
26	68	44.22382892065815
26	69	91.30893564282918
26	70	280.47238041926715
26	71	93.05639393414867
26	72	49.18964840882928
26	73	113.36668800516917
26	74	57.34065912842318
26	75	212.70604506031012
26	76	111.12326114162455
26	77	60.40698822826668
26	78	184.646514081613
26	79	275.50870220986695
26	80	96.64769712169267
26	81	320.92582425221434
26	82	50.026939472224704
26	83	212.88561667444245
26	84	140.33793966257386
26	85	639.260585434478
26	86	534.6425555546236
26	87	239.93298695321687
26	88	257.9604663253235
26	89	186.47147199115082
26	90	175.07295340134905
26	91	387.72506025312407
26	92	452.5493776192961
26	93	245.51501205627326
26	94	332.9131745861362
26	95	237.394252032948
26	96	360.9522096767728
26	97	780.209290448027
26	98	179.78174795439773
26	99	168.59368810614768
26	100	150.6610694442026
26	101	170.02859888099323
27	28	4108.007765457099
27	29	3275.1906595921423
27	30	1330.5588350206438
27	31	2734.556485207299
27	32	1067.7712682547058
27	33	828.6360408393796
27	34	840.0966147692063
27	35	636.0752589319471
27	36	546.382765556724
27	37	702.331856566981
27	38	861.9284821742788
27	39	403.76892242823436
27	40	208.96219613037223
27	41	298.9250583305675
27	42	248.8413645190519
27	43	424.74593178800274
27	44	752.7141859086439
27	45	548.5847379429523
27	46	450.16032805874033
27	47	329.0966688110122
27	48	364.562384846735
27	49	531.3517940943906
27	50	703.4697309190568
27	51	465.41790707684913
27	52	529.0093085793781
27	53	568.798302281725
27	54	308.7235673255652
27	55	255.8564752872
27	56	342.2519205184826
27	57	390.76747271004166
27	58	302.99359999255216
27	59	115.55044431727818
27	60	382.8577496900682
27	61	179.0514183610173
27	62	85.2650483719309
27	63	60.722490482066846
27	64	191.81941341470204
27	65	98.22573817714121
27	66	46.37531548396956
27	67	236.52432637265602
27	68	85.35898345803307
27	69	220.30085695118484
27	70	315.7910283789331
27	71	134.71016730720152
27	72	189.8876007488516
27	73	109.40781793777373
27	74	110.67654007971755
27	75	205.27815235425413
27	76	53.621366812269336
27	77	116.59504015758297
27	78	267.2977293986645
27	79	177.25845491328718
27	80	186.54533949713897
27	81	103.23959877206984
27	82	337.9596658815806
27	83	164.36116252863343
27	84	180.58294457321912
27	85	435.48494957087576
27	86	281.43945862364757
27	87	231.55430414132655
27	88	398.3235954967982
27	89	179.95971494965318
27	90	295.67867563271426
27	91	374.1853409367657
27	92	218.37296645804432
27	93	276.43163303216517
27	94	200.80471077483475
27	95	229.10422420306136
27	96	304.80399527865467
27	97	88.58395966817426
27	98	390.38310515539945
27	99	325.4124797742028
27	100	242.33307488160318
27	101	820.4552112229946
28	29	5277.771184055702
28	30	2980.471769346289
28	31	2382.118506202987
28	32	1674.276571747389
28	33	1807.3109323828269
28	34	1364.326047827873
28	35	1113.13916480068
28	36	1923.2802270218297
28	37	1092.5235448041692
28	38	919.3965439470234
28	39	323.01730321403244
28	40	390.0653808226837
28	41	334.79830957291927
28	42	501.6675536823011
28	43	475.7186324718909
28	44	931.787175101545
28	45	1323.3640540858587
28	46	1191.7051476886325
28	47	491.454319774297
28	48	408.3126080570471
28	49	649.2196348592253
28	50	602.5051729994149
28	51	758.2131638527985
28	52	774.8003656443444
28	53	1061.7639482138318
28	54	296.3766113242988
28	55	286.5611732179111
28	56	287.4935403816793
28	57	243.14583511341877
28	58	193.91720387415623
28	59	301.97385202737945
28	60	476.44839337541777
28	61	350.94313245334655
28	62	143.24624148274302
28	63	136.01929045354163
28	64	107.41959157450812
28	65	55.006782104383035
28	66	103.88140302894196
28	67	211.9272170347616
28	68	382.4108092940019
28	69	49.34772274805982
28	70	303.16141941591695
28	71	251.4606645815853
28	72	372.1821923046054
28	73	245.0751549849754
28	74	61.979277908331504
28	75	57.47826795140635
28	76	120.1126668068392
28	77	130.58732033825518
28	78	99.7918212401235
28	79	148.8981002309822
28	80	470.0974067215367
28	81	404.7019400119433
28	82	270.36954506469385
28	83	184.08573600803172
28	84	202.25425368640484
28	85	609.683016267676
28	86	630.4286132487099
28	87	363.0795827132272
28	88	278.828385909063
28	89	134.37082121932227
28	90	189.23562090195625
28	91	314.31779334318463
28	92	489.1587238278772
28	93	398.0642198973333
28	94	404.8250105724715
28	95	256.5984511555296
28	96	487.68966156018735
28	97	446.46614950970263
28	98	437.2320086572345
28	99	318.9063678934637
28	100	597.1126991145203
28	101	551.3495977857847
29	30	10620.338968347385
29	31	13697.924367551152
29	32	2215.9291666582476
29	33	1450.45169946031
29	34	1201.408620409616
29	35	846.1776462433796
29	36	545.1440800610535
29	37	882.4128601963611
29	38	846.3240460440301
29	39	383.670049381355
29	40	648.6307804763212
29	41	397.66316754097596
29	42	331.03629980874655
29	43	470.8700055075765
29	44	737.8321593033315
29	45	561.3754465966584
29	46	598.8530468367836
29	47	608.0566391114588
29	48	377.2075979840786
29	49	417.69172135359815
29	50	522.9656259141295
29	51	422.1479765593664
29	52	568.4107798362435
29	53	346.8109329037108
29	54	352.0270523307761
29	55	453.8247678389125
29	56	313.01967859332143
29	57	173.28070100880637
29	58	143.9555684130681
29	59	333.0556201442661
29	60	198.06877798280567
29	61	238.19399609987636
29	62	368.64423667860285
29	63	161.5595429900181
29	64	159.487121873345
29	65	130.67073866513087
29	66	308.46786405363036
29	67	377.58097638706226
29	68	56.776979369963
29	69	263.7617045851295
29	70	300.07153280567024
29	71	238.94181429298501
29	72	252.60948417057796
29	73	218.3195665053712
29	74	220.85125823696626
29	75	102.40638667269145
29	76	285.3322862061731
29	77	310.2152308513275
29	78	148.16208219379953
29	79	117.90439892845383
29	80	341.22445316898137
29	81	309.0166435308037
29	82	321.1366563773581
29	83	218.6513933521575
29	84	210.202476419755
29	85	193.11007852595705
29	86	218.4011020706303
29	87	246.43131240140812
29	88	364.3021890122912
29	89	279.3026981044534
29	90	280.960335923774
29	91	280.00277870604947
29	92	319.55425428434125
29	93	210.1371005142082
29	94	213.70610490757878
29	95	243.82381859163377
29	96	173.77884838224188
29	97	235.68835742109505
29	98	115.40683884491229
29	99	81.16868709527277
29	100	290.14042792530176
29	101	218.2920494805996
30	31	6498.85664403103
30	32	3349.6715167062866
30	33	2665.2302959242757
30	34	1754.108160330259
30	35	1174.2478991071578
30	36	715.5083966321382
30	37	1033.2763370922614
30	38	1128.7271582655085
30	39	1351.2507811359678
30	40	567.557320128271
30	41	710.415422723186
30	42	912.4274620408545
30	43	1105.5740277903678
30	44	887.7127427645563
30	45	601.7300183969702
30	46	875.3205033558626
30	47	558.6573399171988
30	48	742.6345075621695
30	49	934.7949128594107
30	50	632.2095124755199
30	51	474.04149824444846
30	52	704.5992171749024
30	53	531.0592817836562
30	54	718.7287206277458
30	55	521.1943289524585
30	56	305.019229758017
30	57	530.6771839874749
30	58	308.60767906644486
30	59	706.1486665737152
30	60	433.27956449449806
30	61	455.92252324229605
30	62	347.37959724821343
30	63	123.69519920728074
30	64	341.90376284084215
30	65	350.16006870981204
30	66	472.3459003039602
30	67	337.2695422245866
30	68	304.2920121278389
30	69	314.13584520074096
30	70	459.4888960428015
30	71	228.67695379456754
30	72	290.1089581696079
30	73	111.4350031364702
30	74	394.54531569910813
30	75	313.62253606669424
30	76	273.0745065359745
30	77	415.64388347150816
30	78	317.6254785801641
30	79	361.085649116273
30	80	332.50312040421306
30	81	420.60997942639847
30	82	196.69806907444223
30	83	251.10984306865416
30	84	551.7867381201665
30	85	295.70261452989786
30	86	143.32708368377342
30	87	283.01364668028754
30	88	405.70401594848846
30	89	549.8824063356775
30	90	430.22459804287723
30	91	381.1185107870927
30	92	222.4191347643257
30	93	201.10968089448716
30	94	122.71521723103145
30	95	186.67938305591412
30	96	221.75115616642307
30	97	135.33795860564103
30	98	530.1551981371708
30	99	207.15121978822663
30	100	493.6463859440252
30	101	334.2628735652789
31	32	6083.990128637022
31	33	2373.6115928609643
31	34	1665.1971868413088
31	35	1362.30112319785
31	36	970.2532324051598
31	37	1101.11726155613
31	38	717.0339237825427
31	39	542.5968926738873
31	40	468.0162010520748
31	41	401.70453638951074
31	42	367.8406088790614
31	43	507.3657177268437
31	44	532.3789968117314
31	45	538.7265601300929
31	46	714.927988250478
31	47	687.9445366842609
31	48	734.8649421084862
31	49	584.2199579101177
31	50	667.3015804210911
31	51	540.1550273385504
31	52	656.2141959915011
31	53	414.03286478009466
31	54	414.8720691989929
31	55	458.43689546133976
31	56	402.4374239469985
31	57	320.9098146381278
31	58	203.58598287768731
31	59	232.92027401435024
31	60	400.16342033799896
31	61	511.3062642995185
31	62	143.2271892734682
31	63	81.6007196711512
31	64	257.77273061882136
31	65	263.99743692502034
31	66	249.28220752646519
31	67	222.49398153736988
31	68	200.73897240106325
31	69	296.04695605653836
31	70	272.80898817785004
31	71	181.02759804516282
31	72	446.55922905605485
31	73	220.53830328342468
31	74	111.54786203826532
31	75	275.85899115614166
31	76	216.17404458686627
31	77	39.17098554182075
31	78	209.53495207685995
31	79	178.65395556765293
31	80	376.02790580768425
31	81	381.5253640220321
31	82	421.7203926757617
31	83	358.91944142940406
31	84	333.67513281690054
31	85	219.45669353001023
31	86	441.24133495567224
31	87	311.16967882707513
31	88	301.0946049071869
31	89	403.05884840817487
31	90	170.28940676202473
31	91	314.2759880691643
31	92	381.4930580367437
31	93	265.3408507200948
31	94	134.92372251614998
31	95	215.514031100787
31	96	146.2874391815917
31	97	178.5627072322906
31	98	378.8840080121122
31	99	300.64315504864436
31	100	358.21996872694115
31	101	882.0420264351968
32	33	7118.06921111174
32	34	2320.937019742516
32	35	2264.196337190687
32	36	1990.5402640641134
32	37	1857.4137220870393
32	38	1081.594303413635
32	39	784.5228394320491
32	40	828.9441384316177
32	41	719.9639544986219
32	42	634.5919942306143
32	43	882.5923510575068
32	44	1010.2957238273797
32	45	538.0744715514463
32	46	869.6916536608865
32	47	1087.9270654377815
32	48	1067.4358905281476
32	49	985.4882894178016
32	50	738.6973629501969
32	51	467.56771507871036
32	52	864.7901423184366
32	53	523.8068309936896
32	54	374.9060975601894
32	55	326.2409189949789
32	56	763.7055762091602
32	57	701.2619219937698
32	58	478.3321010633077
32	59	556.608772107303
32	60	723.2287610728421
32	61	304.4097240214217
32	62	362.4030192159548
32	63	103.23580085955801
32	64	326.11690671886566
32	65	166.99599547441494
32	66	236.5314463929726
32	67	522.7570786474555
32	68	326.522045336944
32	69	337.08501899649957
32	70	460.18637237064985
32	71	305.36542875583837
32	72	363.18665750701933
32	73	372.0138490840877
32	74	188.16391028739136
32	75	610.7472701759617
32	76	455.8150285093784
32	77	396.45219592813754
32	78	189.3497707311734
32	79	452.04219409047636
32	80	356.7941142986284
32	81	438.80045824214443
32	82	615.6145151114769
32	83	279.4344584542786
32	84	575.6503301925003
32	85	431.8875650798836
32	86	478.4821517337696
32	87	275.5698208112382
32	88	423.2498438378749
32	89	356.9462649795947
32	90	287.2517686253009
32	91	437.361175183254
32	92	148.5045023641215
32	93	268.55327095385627
32	94	204.83581916984363
32	95	194.75286568570354
32	96	185.0731341643382
32	97	338.8584835844306
32	98	294.9777453520177
32	99	207.46566279943195
32	100	576.7949964860208
32	101	418.4628304648583
33	34	5469.06712679023
33	35	2967.6298294776966
33	36	1727.6743608734646
33	37	2438.5132226111987
33	38	1745.7046679004804
33	39	1602.1662645485978
33	40	906.902259817242
33	41	778.4062838242421
33	42	907.1824090570398
33	43	1065.0814533836265
33	44	1100.396585593867
33	45	769.2055679743495
33	46	745.9617927844535
33	47	666.5351044957341
33	48	843.8462887148985
33	49	712.7892534612513
33	50	1005.7204499715319
33	51	624.341323808296
33	52	494.5050752418539
33	53	740.5805575440123
33	54	650.7938213391527
33	55	333.12745547821595
33	56	594.1534801851916
33	57	489.9389924902095
33	58	300.57174866428824
33	59	735.5222275690478
33	60	590.7961702586226
33	61	427.39871813262334
33	62	185.02644613211777
33	63	368.95242681974537
33	64	457.8761350054999
33	65	511.56321425424574
33	66	281.7783832070433
33	67	287.4263671476688
33	68	407.5066307211118
33	69	497.1784434142729
33	70	430.7419685438542
33	71	506.69337847613923
33	72	494.4707629019148
33	73	427.34991902928607
33	74	48.03395358863211
33	75	311.8196893889881
33	76	186.1746847499492
33	77	303.6156032828707
33	78	464.03209637866644
33	79	230.792118827479
33	80	364.3255904012923
33	81	492.86928391420975
33	82	544.7947831277572
33	83	534.9993174019191
33	84	470.24126914054926
33	85	441.00416971286876
33	86	244.29115481566186
33	88	561.8393521165376
33	89	520.6870754174839
33	90	586.6305861236033
33	91	405.99392805280064
33	92	265.3686806548779
33	93	445.6109020423149
33	94	348.5994105269193
33	95	278.4093960682926
33	96	264.5717141554848
33	97	230.67424068371915
33	98	527.107622061749
33	99	458.9975057313507
33	100	673.1090459297286
33	101	569.7280743912072
34	35	9339.134236084165
34	36	6101.29944241113
34	37	4044.8584206920627
34	38	1852.9234357916357
34	39	964.4431250314668
34	40	815.2415049374761
34	41	666.4120357783805
34	42	540.8884394306483
34	43	552.3654821450449
34	44	927.3556205581184
34	45	987.8026278914151
34	46	1026.3785454641481
34	47	886.5245196399875
34	48	778.8771450286011
34	49	726.8984593611762
34	50	588.1081425245728
34	51	672.0719685666644
34	52	680.3959730388367
34	53	554.7749695221496
34	54	368.7088152447535
34	55	606.0463790997608
34	56	536.4866791833023
34	57	399.2825761872111
34	58	361.8655104557862
34	59	322.004649186262
34	60	426.764175960015
34	61	187.11110165876536
34	62	356.41241560437464
34	63	355.35251428875426
34	64	280.63535563663635
34	65	205.2943925248659
34	66	310.1620376772863
34	67	197.73684087752721
34	68	285.444055389304
34	69	294.6781578991132
34	70	301.7195919240778
34	71	150.1588346868585
34	72	198.4350556543425
34	73	320.1313292520183
34	74	138.79013882152037
34	75	300.325740053339
34	76	134.4840909973182
34	77	194.94937587455064
34	78	372.4395526639753
34	79	222.28491735451206
34	80	311.9077574665441
34	81	302.0828914177343
34	82	242.17530735443438
34	83	412.2230157860886
34	84	339.68082027225955
34	85	333.73085920416554
34	86	470.5727338915718
34	87	193.5818496756253
34	88	166.50137139893894
34	89	200.59763585472552
34	90	211.87757409665312
34	91	430.1314963541809
34	92	219.07453418944323
34	93	627.2708089938617
34	94	335.7497281643822
34	95	268.14697967230404
34	96	364.02766706354333
34	97	444.34276860662214
34	98	145.05084835923486
34	99	408.0724172402418
34	100	405.1860322538487
34	101	411.5455455346209
35	36	9572.63961206197
35	37	4291.268826056549
35	38	1883.566638897489
35	39	775.8626206501688
35	40	385.7852048119605
35	41	473.03511073991905
35	42	511.91396935115046
35	43	597.4585216977474
35	44	1034.4071141447623
35	45	1168.609659858121
35	46	1262.8163592551962
35	47	925.8316302914825
35	48	641.0035011996555
35	49	726.1797362637527
35	50	458.37992412690636
35	51	401.7285605306983
35	52	965.9224839104038
35	53	675.0727993777903
35	54	663.0196558762187
35	55	506.1013318728098
35	56	338.4986692558742
35	57	206.1238311248563
35	58	273.9847943856128
35	59	365.70649198117917
35	60	403.90314779610935
35	61	354.17575890743865
35	62	371.0520122211024
35	63	48.045269556866316
35	64	227.65902758396658
35	65	116.57827348674049
35	66	146.77359347571968
35	67	336.8599487406698
35	68	168.84581547888197
35	69	209.16956412953877
35	70	356.94623575114315
35	71	319.7589352286108
35	72	75.12209142821256
35	73	129.84961740002973
35	74	131.35538808281638
35	75	324.84320342257166
35	76	212.13334647925288
35	77	46.126567676099484
35	78	105.74658054160238
35	79	385.69207215996187
35	80	405.8991633297924
35	81	367.5867772642272
35	82	343.80358451681866
35	83	130.04697758074087
35	84	571.5283533672116
35	85	574.2790308276913
35	86	371.1374634056185
35	87	549.6360016462861
35	88	354.5598988141835
35	89	94.92598152120024
35	90	100.26382712716232
35	91	333.0737072073769
35	92	311.00862822670337
35	93	374.9488312947469
35	94	349.5406074079339
35	95	181.27343132778134
35	96	516.7909898285908
35	97	350.45007104319393
35	98	377.521985778794
35	99	386.2126746729173
35	100	306.78472672116516
35	101	778.9995068305578
36	37	5667.518724131764
36	38	3028.705436411498
36	39	1030.4909433785224
36	40	324.6229454990694
36	41	270.8885239412131
36	42	425.232793437727
36	43	439.89543888516863
36	44	1169.3421139015431
36	45	2130.5671167402147
36	46	2129.7608069511903
36	47	795.2808091415799
36	48	849.5219521425523
36	49	300.1656196703024
36	50	642.8475365380448
36	51	525.8378951048026
36	52	948.2496933430692
36	53	883.6286357096053
36	54	616.6315525246664
36	55	397.4732471749154
36	56	232.6137814016192
36	57	168.6271094132069
36	58	201.72891840530974
36	59	329.0974708256007
36	60	264.34214782083006
36	61	452.0043569521921
36	62	132.4593235675405
36	63	235.8310986790814
36	64	111.74685685922069
36	65	305.18753192074985
36	66	432.26454707038755
36	67	183.72036887804032
36	68	165.75656475241695
36	69	205.34253870928254
36	70	210.24926796654657
36	71	209.27235696093499
36	72	442.48581856202037
36	73	169.96513616954556
36	74	85.96804853617633
36	75	159.4498902142783
36	76	333.2033517761232
36	77	90.5652459331029
36	78	346.0393707947334
36	79	172.10697321737234
36	80	217.34875505508955
36	81	200.4785032062805
36	82	187.5073650196651
36	83	446.83660472592584
36	84	70.13393864993586
36	85	366.4517086673863
36	86	619.3899468456199
36	87	503.60772572004487
36	88	270.7232661532881
36	89	93.18918895371458
36	90	360.90769670605124
36	91	254.31754179347155
36	92	576.7123945523538
36	93	337.4146064502089
36	94	592.7055419066202
36	95	284.73088229097897
36	96	507.33563592342847
36	97	344.0381375671448
36	98	572.76822976216
36	99	410.74195337561366
36	100	188.23231669816514
36	101	127.45778530730038
37	38	9370.90787750147
37	39	2866.798862677858
37	40	703.1892490170752
37	41	735.1011022523626
37	42	541.0818997737452
37	43	1136.1372864381476
37	44	1630.5524388245833
37	45	950.3438472591295
37	46	1144.0880119489564
37	47	1022.2706175744593
37	48	975.1545280577737
37	49	637.706418605512
37	50	642.7008736205788
37	51	657.1474092960576
37	52	695.2244597679615
37	53	772.9986596619309
37	54	787.7383347474115
37	55	562.9586342496032
37	56	564.7902995071121
37	57	303.45954814625145
37	58	302.5243422223665
37	59	299.11126240402973
37	60	330.3522991122432
37	61	590.947767656608
37	62	331.0727588477391
37	63	188.62183585762457
37	64	223.44272458303044
37	65	381.3973808624182
37	66	216.08296388089244
37	67	146.9427630889878
37	68	430.86874506190395
37	69	205.29569068685868
37	70	455.4361510721043
37	71	313.83691855091377
37	72	331.7886504855153
37	73	212.40794918785312
37	74	257.84530588017765
37	75	199.26689050428772
37	76	124.9227498209129
37	77	316.9060435078462
37	78	415.15250806981146
37	79	240.89479084599964
37	80	217.2991678657297
37	81	120.25965893565869
37	82	299.9433376254049
37	83	159.5480931659501
37	84	315.5307205123625
37	85	422.7324280113851
37	86	327.8375130054534
37	87	431.56528266017625
37	88	347.9933594537774
37	89	186.33585647722572
37	90	196.8138311769974
37	91	435.8734634287689
37	92	305.2486694566711
37	93	337.33762675010155
37	94	280.69120358094614
37	95	391.415642966329
37	96	371.96125227566216
37	97	275.1677173893816
37	98	336.8456206699798
37	99	189.52995893296585
37	100	414.016619059453
37	101	764.5722381505755
38	39	8151.6481773608975
38	40	1706.9948049384632
38	41	936.0593458980308
38	42	1138.3480727048363
38	43	1580.6475795729855
38	44	1035.597405700192
38	45	1034.1561021506918
38	46	668.6040525428936
38	47	776.6382933284291
38	48	1257.4114746468097
38	49	1065.4122986043558
38	50	946.4964745306385
38	51	1036.8982318128926
38	52	631.5940618188016
38	53	735.6904556431549
38	54	900.6918396617868
38	55	487.6830634903304
38	56	454.32196556440346
38	57	496.55619878212605
38	58	318.2309388459783
38	59	471.96098579205193
38	60	312.75331225157777
38	61	438.7968445284191
38	62	592.0446267920627
38	63	396.8295805281219
38	64	195.86960479501778
38	65	240.71936630348515
38	66	340.95248646418224
38	67	193.2147555090754
38	68	313.78069721306207
38	69	359.9238764743307
38	70	368.52437896244214
38	71	256.76843629588495
38	72	542.9116074632038
38	73	223.4358418626515
38	74	135.6161179700448
38	75	586.91505518113
38	76	350.4227894892021
38	77	190.4910376290381
38	78	254.74550798611662
38	79	289.6019158217689
38	80	457.16201012037743
38	81	210.8389244936733
38	82	591.5923733934313
38	83	234.96421725545687
38	84	442.55011761264393
38	85	355.74403423793547
38	86	421.49351488684255
38	87	378.30957134828367
38	88	325.38723309226253
38	89	245.01265795592965
38	90	276.042801771382
38	91	458.50334047839914
38	92	535.1611815713055
38	93	322.5924321273353
38	94	196.8428382438843
38	95	224.58400289404668
38	96	177.85132092250208
38	97	217.09050022633258
38	98	177.16706253206553
38	99	431.96846698839346
38	100	277.14382341263575
38	101	670.2230399457306
39	40	10955.051493422634
39	41	3431.703120093231
39	42	3028.13913729835
39	43	2600.6106859544266
39	44	1273.4500601821346
39	45	387.5589250152969
39	46	281.8857817898042
39	47	755.6155188048035
39	48	1069.5585654769852
39	49	499.0905680081431
39	50	570.0659833608979
39	51	631.4531628816941
39	52	280.2970964771397
39	53	435.3258125509534
39	54	506.3130610892639
39	55	636.4083974065422
39	56	540.2514969247651
39	57	398.76154550997086
39	58	745.3736935196777
39	59	574.8322218933648
39	60	488.3625129994025
39	61	359.7188540622355
39	62	685.1986043488346
39	63	697.1030170936714
39	64	605.5815557121279
39	65	451.05830077743855
39	66	479.1558264047854
39	67	380.14671056808805
39	68	293.9800612536647
39	69	404.6537375652514
39	70	310.7423063839884
39	71	360.8482037010862
39	72	381.48902012203047
39	73	1004.8141223796679
39	74	635.2913837900408
39	75	471.32460547489086
39	76	492.4648681405285
39	77	669.2640043808228
39	78	409.14890489903195
39	79	305.2429241894518
39	80	481.8527128921096
39	81	237.04112007330957
39	82	498.8347828304399
39	83	283.033505498852
39	84	621.9355357377569
39	85	124.98576303223197
39	86	107.69886312754561
39	87	106.33108277112946
39	88	628.7617565493806
39	89	1032.981842895339
39	90	484.9191678345247
39	91	268.48138149517183
39	92	350.9734755368399
39	93	226.67680915144288
39	94	46.10534535605067
39	95	263.014979545389
39	96	249.9424407710153
39	97	203.39134663465623
39	98	149.3884930529956
39	99	186.7891284181801
39	100	166.92113544793673
39	101	565.1367049604328
40	41	13537.1160169074
40	42	5450.52917212653
40	43	3336.6903234433453
40	44	1098.4125921910857
40	45	175.50141839152914
40	46	226.9308459710737
40	47	709.6889117981852
40	48	898.4798404820501
40	49	535.7207404840607
40	50	458.92898549911837
40	51	410.5891332480878
40	52	676.9556466053766
40	53	459.9748566705931
40	54	61.14074850618085
40	55	945.854103402578
40	56	711.6986797744672
40	57	300.9573182290322
40	58	720.0715769104005
40	59	427.1686373573542
40	60	176.91929291477695
40	61	496.44000191919025
40	62	1004.7290881618757
40	63	757.6194092918892
40	64	1263.121639773087
40	65	476.59815078367194
40	66	257.1614558388482
40	67	459.05302889663534
40	68	295.83411220377195
40	69	427.56606562587046
40	70	312.7020721787592
40	71	373.4989442065298
40	72	329.05282789396983
40	73	682.5270648476644
40	74	767.1575890396119
40	75	498.0119753943181
40	76	594.6848494552501
40	77	404.0909204283126
40	78	370.5563645078585
40	79	430.0352096621026
40	80	387.9132997619626
40	81	286.2432874405052
40	82	334.65386390648104
40	83	227.85481563914826
40	84	375.5147467042634
40	85	150.92881641185943
40	86	195.08056213432218
40	87	192.6030303103328
40	88	483.17348525525347
40	89	665.2778071816244
40	90	292.78645135692204
40	91	259.36763455042325
40	92	181.63901221203628
40	94	111.35068564655995
40	95	127.04339629830584
40	97	184.2066716514732
40	98	420.92580590846325
40	99	56.39014673912998
40	100	335.94772177883726
41	42	14755.277054714279
41	43	2901.362665926407
41	44	1335.608048400441
41	45	125.52933664873498
41	46	243.4722079823947
41	47	688.9031779783224
41	48	562.3167150239939
41	49	766.3604066367936
41	50	615.4763410878127
41	51	671.2649895750568
41	52	242.10001844375384
41	53	517.003330704524
41	54	349.85278968245467
41	55	422.83290092037595
41	56	466.6295120913557
41	57	387.4735096366204
41	58	686.7189125314701
41	59	305.5371071986778
41	60	295.2681366423833
41	61	443.8552740624212
41	62	422.7315456028648
41	63	1083.7913761864793
41	64	1046.1136247914055
41	65	779.1819773369092
41	66	367.87516886110444
41	67	469.0611028521021
41	68	719.4353452605352
41	69	611.6427443542023
41	70	313.1290770676227
41	71	400.7238955811614
41	72	282.43042309165077
41	73	488.1850555987914
41	74	384.1025838870559
41	75	559.756356843629
41	76	531.6936705650398
41	77	635.8671310721468
41	78	309.21864276813534
41	79	527.2927797317993
41	80	369.9457219406065
41	81	563.0313896329667
41	82	143.61893343584802
41	83	325.95136975579675
41	84	537.1821776442014
41	85	179.92251742653974
41	86	186.04471524860514
41	87	183.6819390823355
41	88	345.595196017383
41	89	475.84733267697055
41	90	335.07001236038275
41	91	324.6522619042591
41	92	303.14507702247005
41	93	274.1014606019508
41	94	79.644813316615
41	95	272.60759615088796
41	96	43.176379834869095
41	97	131.75586562551018
41	98	258.06158806475185
41	99	201.66839044844627
41	100	384.4645364127644
41	101	162.70784156496083
42	43	10097.307388209036
42	44	1648.127850718424
42	45	292.5927202664138
42	46	283.75118336752934
42	47	507.07724306012483
42	48	521.6002698043652
42	49	1244.0216026499172
42	50	1024.7115006068032
42	51	544.8273037738702
42	52	362.76683760446036
42	53	234.75354414344517
42	54	305.79817682108694
42	55	802.5347954596677
42	56	296.6327204556622
42	57	430.07183758774454
42	58	600.2450105694112
42	59	572.2775800563919
42	60	337.09322795368905
42	61	399.04823261240875
42	62	886.7995207752331
42	63	661.6180859317765
42	64	617.5057805922437
42	65	583.7698477965445
42	66	826.8457340408316
42	67	890.2756985468949
42	68	507.3008531786225
42	69	436.4266777000074
42	70	178.7420961760038
42	71	222.38947676646723
42	72	188.08827137156743
42	73	433.48438274636464
42	74	986.6501614953587
42	75	559.1657109499799
42	76	637.3591631592498
42	77	692.9412810711158
42	78	397.1473203031968
42	79	482.8416898084431
42	80	184.7776805861359
42	81	153.3919876302159
42	82	334.7572411168261
42	83	325.6074311194208
42	84	402.4615137456886
42	85	35.946533216710314
42	86	139.38630289579834
42	87	229.36015107269534
42	88	542.5051178357986
42	89	415.9270729550868
42	90	292.87689539427674
42	91	370.639650360649
42	92	129.7822299509671
42	93	156.46413323128218
42	94	278.4627068726003
42	95	272.31994500539315
42	97	131.61683895784583
42	98	300.7541665715375
42	99	402.9111864208641
42	100	96.01471390630132
42	101	162.5361548707234
43	44	7181.796013763067
43	45	594.5534237385915
43	46	730.3438742976201
43	47	1339.5065464815964
43	48	1179.4792299011417
43	49	1088.9300041279162
43	50	1243.7861851242992
43	51	794.8398924956045
43	52	267.5575794657677
43	53	311.65517449785904
43	54	538.5355194697153
43	55	961.2927360175821
43	56	683.1311431687418
43	57	856.4350801118641
43	58	731.8248911820568
43	59	795.9252865317709
43	60	479.485452787513
43	61	630.6788832399274
43	62	760.8409946134193
43	63	570.35970017746
43	64	540.5216201848799
43	65	1014.8859565018423
43	66	435.5982573357009
43	67	488.76235834189805
43	68	240.53027383793574
43	69	372.4671262650584
43	70	254.24490262650627
43	71	506.12713692223855
43	72	847.2068788861025
43	73	719.3589528107631
43	74	415.8290459788642
43	75	530.2426784140498
43	76	554.0255859219436
43	77	876.1315501853175
43	78	418.44971439635685
43	79	457.8665426730665
43	80	350.43998709675196
43	81	484.85912002793424
43	82	453.48830197842017
43	83	270.16961856099726
43	84	508.8587439658574
43	85	238.61030774047555
43	86	44.0588333263706
43	87	217.49642090824904
43	88	374.1409891088989
43	89	563.4472952160321
43	90	476.10469797620516
43	91	307.5346671826783
43	92	328.1845357450388
43	93	185.46371731945587
43	94	264.05913066397255
43	95	86.07803506639038
43	96	245.39918850006617
43	97	83.2059427664509
43	98	529.6526062091141
43	99	114.62114135422685
43	100	273.14496260334926
43	101	154.12891815443004
44	45	5257.103094079729
44	46	3097.6675384726086
44	47	3084.990227786297
44	48	2203.776136563833
44	49	2018.6190799367243
44	50	1794.5196634840543
44	51	967.4698502003096
44	52	834.223361958954
44	53	822.2213779947249
44	54	904.136766311591
44	55	874.1934505088128
44	56	944.5022053439773
44	57	445.04946888881784
44	58	443.6779091462781
44	59	364.4354780564191
44	60	167.70807553682408
44	61	705.8896401547634
44	62	302.5328890303292
44	63	478.7828808958417
44	64	340.3016970055273
44	65	348.5193161240249
44	66	329.09283325234014
44	67	447.5855880756779
44	68	403.821579312007
44	69	243.18302718576015
44	70	355.70566812114964
44	71	247.83703168348273
44	72	374.30502195798607
44	73	86.26554979698189
44	74	87.26590804539005
44	75	323.71420997026246
44	76	169.11686115728722
44	77	505.6288012876412
44	78	281.01082135556834
44	79	279.52843512435754
44	80	294.1734252105824
44	81	81.40205075616974
44	82	456.81159227673965
44	83	485.9812460637373
44	84	605.1383803058195
44	85	286.1415612335339
44	86	480.80184636203984
44	87	474.695641508199
44	88	314.06899991539285
44	89	851.3645940879402
44	90	299.7460797556808
44	91	405.6752438644777
44	92	344.36412986529643
44	93	435.91997819315196
44	94	316.6597982361255
44	95	252.9007810218866
44	96	343.3299208756824
44	97	349.23208085161735
44	98	649.8171122163918
44	99	481.0879893168419
44	100	267.503683610273
44	101	129.38201531485709
45	46	11617.271539847696
45	47	3132.521463902957
45	48	2109.2785854511644
45	49	1095.3833546200385
45	50	486.56115795056223
45	51	533.0335800753587
45	52	1503.7842955937485
45	53	1632.2016365287627
45	54	703.7821565191451
45	55	680.4742100289446
45	56	574.8953505468579
45	57	474.0587377295871
45	58	327.1830762547263
45	59	420.53933555867974
45	60	250.0955013211556
45	61	338.3554612044503
45	62	71.61169439008128
45	63	50.99909651183517
45	64	80.55184084115487
45	65	164.99401989191153
45	66	233.69586833717733
45	67	158.92005551568477
45	68	250.91705731089885
45	69	111.01466270008997
45	70	454.6695821130776
45	71	150.8523287738418
45	72	279.0921123325817
45	74	46.47704256126038
45	75	215.50911821497195
45	76	225.17532132209385
45	77	97.92486537675802
45	78	74.83192575916493
45	79	148.8743458625315
45	80	391.6853416798385
45	81	173.4160183424911
45	82	202.7448088670168
45	83	483.14796600359347
45	84	379.1662259554733
45	85	487.6686006848547
45	86	1142.4695692389926
45	87	544.5324885470787
45	88	250.90551287189575
45	89	151.1430575079948
45	90	212.85611022545865
45	91	353.55110494943887
45	92	476.85366903177805
45	93	497.50089370317096
45	94	404.76042705902023
45	95	577.2544084725089
45	96	731.4177874270663
45	97	669.5923842034681
45	98	364.3018792607704
45	99	341.6308835986679
45	100	284.94014138904896
45	101	689.0770482010595
46	47	6105.509474359956
46	48	2705.3924340452277
46	49	1377.0337420396586
46	50	741.4916184315684
46	51	723.6969962093882
46	52	1392.0547730111484
46	53	1312.6321407176833
46	54	574.7497593990976
46	55	798.8404909795873
46	56	348.45201352267173
46	57	424.3695500981174
46	58	352.551435017958
46	59	282.34489910098074
46	60	415.7796703517097
46	61	218.754046986687
46	62	173.61934883110663
46	63	98.91602205782719
46	64	39.058866776165296
46	65	360.01855681221303
46	66	302.178760649205
46	67	154.11782553022852
46	68	347.6212447619423
46	69	251.20674360983386
46	70	257.20941352051136
46	71	256.0143049275291
46	72	463.98606072642315
46	73	222.7796086449154
46	74	135.2178121264949
46	75	83.59875428800211
46	76	131.02259789409604
46	77	94.9657818091865
46	78	290.28264911734175
46	79	252.65743318206995
46	80	493.80426430536005
46	81	126.13181312608384
46	82	235.94194435988646
46	83	267.7418572437154
46	84	330.93775774382453
46	85	650.2818860742493
46	86	1184.35664688196
46	87	414.9183197463204
46	88	283.87762170020574
46	89	97.7172213686751
46	90	275.23206140614195
46	91	266.67474852381304
46	92	142.29050880827327
46	93	450.30296506969194
46	94	556.0833419787832
46	95	447.84879503262425
46	96	602.9184975968951
46	97	649.3587100141355
46	98	176.6467211644805
46	99	463.83052309342526
46	100	315.8055420985604
46	101	133.6509176855333
47	48	8283.791933001967
47	49	4218.5599685095485
47	50	2077.9691687835775
47	51	1478.0364897558688
47	52	1273.4501012988228
47	53	862.4036164804132
47	54	1059.2029916400625
47	55	931.0219754277296
47	56	747.2409493112251
47	57	537.1781423280281
47	58	378.01599468546766
47	59	504.5641442956574
47	60	619.1821723907207
47	61	553.8092568605714
47	62	403.3461485990841
47	63	265.151654159446
47	64	244.30036859843946
47	65	214.4569232251221
47	66	607.5092530850103
47	67	206.56206914036227
47	68	372.72970001041836
47	69	513.0499856609255
47	70	328.31843012620175
47	71	457.51008466778273
47	72	483.6800408197076
47	73	199.05902844421632
47	74	201.36736985620445
47	75	410.8364225934267
47	76	234.14379080453816
47	77	254.56274536121322
47	78	194.5309844300364
47	79	161.25399666882282
47	80	543.0476138327437
47	81	262.9710057495002
47	82	245.9565468419518
47	83	269.1381342690523
47	84	394.2679729244104
47	85	554.6317330729752
47	86	204.82289567772213
47	87	404.4432715680168
47	88	688.4829068846029
47	89	436.5636349357335
47	90	368.88986658242817
47	91	612.7210527183154
47	92	222.49508638543668
47	93	229.91812087945246
47	94	204.5952033125558
47	95	400.1638505937021
47	96	348.5850966500536
47	97	322.3432708861358
47	98	315.67633058287504
47	99	414.4439154523912
47	100	634.9049436440196
47	101	716.5221804720347
48	49	9541.077768846828
48	50	3169.290029891017
48	51	1569.098187204773
48	52	1771.5589436596756
48	53	1031.7695219509549
48	54	995.5696771689675
48	55	825.084235421032
48	56	482.865111904473
48	57	630.0721548799197
48	58	348.9613275605569
48	59	403.67848440414014
48	60	514.4321201360046
48	61	469.14059237143385
48	62	549.92430553202
48	63	342.6805858950099
48	64	154.64448757699486
48	65	435.54183449304077
48	66	448.6524135324214
48	67	266.9597182076761
48	68	240.85693974821308
48	69	319.6911227760003
48	70	618.2904722931743
48	71	398.2114021753548
48	72	535.80472212377
48	73	176.4087965937587
48	74	223.06809986979673
48	75	289.6160753690426
48	76	345.83564390051106
48	77	187.99744945739246
48	78	430.9899572467619
48	79	285.8109347826224
48	80	225.58880711966958
48	81	291.31056643029893
48	82	311.38572873052743
48	83	463.77692208071545
48	84	327.5677470333269
48	85	497.37357847649287
48	86	453.7920337469343
48	87	336.0216410368261
48	88	441.55073996917196
48	89	338.5275102457502
48	90	204.32198538056667
48	91	490.2098350034651
48	92	422.5246014143118
48	93	222.85871632769067
48	94	97.1330514926105
48	95	517.1696296225721
48	96	280.8371050499164
48	97	321.37307496422596
48	98	559.5132461611948
48	99	459.10723663213764
48	100	390.737032513006
48	101	132.28992150565136
49	50	7359.871410123743
49	51	3172.83151519517
49	52	1173.6624788630465
49	53	1002.5400486883403
49	54	1017.6184909409847
49	55	737.9376547696079
49	56	987.1181852415617
49	57	709.6215932692751
49	58	790.6622798167173
49	59	740.5977102450256
49	60	613.4627487702995
49	61	903.730778360506
49	62	327.8936742889236
49	63	525.4048642053028
49	64	507.13928810804094
49	65	424.95194300098734
49	66	401.2651019564006
49	67	454.7867614801801
49	68	328.25490929804874
49	69	254.1554557723172
49	70	173.48572410345886
49	71	561.2088064960201
49	72	319.47483912090706
49	73	262.960410688044
49	74	638.4234468388078
49	75	444.0452742705563
49	76	360.8593182121502
49	77	672.5635565414157
49	78	599.6171683336447
49	79	213.01931151043001
49	80	403.52358734187743
49	81	446.6433025294706
49	82	324.91284155492394
49	83	237.02407897912198
49	84	434.0289950324939
49	85	348.89432749906604
49	86	180.38305249346922
49	87	267.1382695443667
49	88	478.68305132522534
49	89	634.3789025523674
49	90	324.8732518299446
49	91	449.67504507831853
49	92	587.8396950820255
49	93	303.7258041678177
49	94	270.2737931977314
49	95	220.25972923093138
49	96	251.17468711187865
49	97	42.582102182066784
49	98	667.2222058620571
49	99	351.9562899782776
49	100	605.7424993853958
49	101	157.7563602754984
50	51	8258.625668835628
50	52	2245.4521067079068
50	53	1717.666137217094
50	54	1670.854403355664
50	55	1088.7192154689344
50	56	916.0903044765481
50	57	1144.286849567891
50	58	1319.0041780254144
50	59	761.3259599071753
50	60	875.878717085903
50	61	663.5892033219418
50	62	491.5617874436177
50	63	500.1020185097325
50	64	829.3940089602797
50	65	404.48678522584913
50	66	534.7169422369382
50	67	350.63668468110075
50	68	492.10333289172024
50	69	508.022853847038
50	70	445.85334118019
50	71	702.6543734380233
50	72	469.1663912525937
50	73	450.53381504160245
50	74	364.60665994512453
50	75	422.6606053758182
50	76	353.2945182607266
50	77	432.1172684231883
50	78	587.0472173944352
50	79	620.4473320910382
50	80	422.499431816865
50	81	382.6201642385332
50	82	437.3896974686954
50	83	372.2553346457201
50	84	632.0838474892915
50	85	328.77108992103365
50	86	309.0528517052835
50	87	228.84590004731777
50	88	451.07396740734185
50	89	691.6575301571971
50	90	208.7287376771053
50	91	385.21732807240187
50	92	359.69789923513986
50	93	227.66526300523705
50	94	165.37997764504726
50	95	301.89930370367745
50	96	251.03234745238976
50	97	255.3478264820634
50	98	428.685488864504
50	99	368.50716340953204
50	100	319.3314607166882
50	101	405.42932673417863
51	52	7538.858369147796
51	53	2714.244084250497
51	54	2822.5931159289535
51	55	1903.1980047709696
51	56	1441.0493039306155
51	57	1206.5707097935456
51	58	1530.9029058007682
51	59	746.003977284871
51	60	788.0985992169639
51	61	791.5894744326185
51	62	825.7181387488972
51	63	613.6118857212866
51	64	767.2715763719789
51	65	579.0102915400141
51	66	390.52587927919603
51	67	756.8718494782289
51	68	575.0454390909672
51	69	408.13309177903864
51	70	493.8647642328846
51	71	302.50464634173665
51	72	439.7362240022126
51	73	368.5286782787405
51	74	466.0027935028423
51	75	518.593329932159
51	76	406.390298019148
51	77	638.1993753846755
51	78	262.60621553859625
51	79	335.8554649064896
51	80	667.6306638181012
51	81	478.1585648825786
51	82	650.5036781594573
51	83	276.81660748176637
51	84	532.2402525289777
51	85	305.60105282519976
51	86	197.49981014658036
51	87	233.98986451815804
51	88	335.42773940332216
51	89	404.1168607745785
51	90	320.1307672980819
51	91	157.5504745980957
51	92	331.0048221221544
51	93	498.8200484793306
51	94	67.63894577998434
51	95	154.34267591672702
51	96	330.01073437330047
51	97	149.1928556320215
51	98	620.9553424642987
51	99	308.28306535336407
51	100	612.205024325597
51	101	276.3616716594099
52	53	6833.285206176143
52	54	4679.2423543278865
52	55	2106.723293587971
52	56	1420.6014820358166
52	57	1090.1094145020268
52	58	701.1289676795387
52	59	873.4557260863502
52	60	1412.5742641259726
52	61	833.8311401353267
52	62	276.22535091130027
52	63	196.7170788252162
52	64	271.8711392860638
52	65	278.436294533963
52	66	375.5946322021555
52	67	498.0599975517627
52	68	622.1917435221944
52	69	107.05326979694857
52	70	584.5938336261194
52	71	290.93877617503193
52	72	538.2662519176561
52	73	443.04808182472664
52	74	89.63715703242563
52	75	290.94659480807144
52	76	347.4244405387241
52	77	188.86112479265213
52	78	324.72746971392405
52	79	287.1239731011301
52	80	415.479496963427
52	81	250.84188899737438
52	82	469.22438955020556
52	83	199.67466445462756
52	84	329.0726194906705
52	85	529.050232079348
52	86	531.8562557978607
52	87	525.1016576712698
52	88	322.60309776172807
52	89	194.33299013303483
52	90	273.68087592122583
52	91	416.6985292759892
52	92	495.20999880755943
52	93	575.6979782936593
52	94	390.31715403340365
52	95	408.2143593859932
52	96	599.5204980423307
52	97	609.8268118039541
52	98	456.693002035389
52	99	625.9365591926812
52	100	510.29174264332954
52	101	664.4883599857405
53	54	10776.087062599952
53	55	2252.8007022816723
53	56	1695.0978801499682
53	57	983.0525224423495
53	58	980.0229372864559
53	59	581.3797907366898
53	60	642.1027044706584
53	61	1097.9453046898977
53	62	603.2841144248777
53	63	630.132448643937
53	64	497.6394895567851
53	65	324.32686875406654
53	66	524.9980697531588
53	67	223.13381860484535
53	68	322.10599600161356
53	69	457.2234021593866
53	70	383.0309260759632
53	71	296.5287073284865
53	72	313.49039523140686
53	73	361.24844330496296
53	74	156.6161041235794
53	75	338.8990584963054
53	76	354.09965492290246
53	77	494.97375694416166
53	78	336.2200355445772
53	79	334.4464100701409
53	80	615.9451378279501
53	81	292.18448172154547
53	82	637.6530646049669
53	83	503.93224561848996
53	84	511.078449504311
53	85	513.5381909384952
53	86	752.2673990321758
53	87	524.2684020521802
53	88	516.6879285385651
53	89	113.18102456965099
53	90	199.24230261083656
53	91	264.7510044832401
53	92	535.626191377917
53	93	409.80001319431966
53	94	492.5346950568336
53	95	605.1746276122188
53	96	328.6262006380952
53	97	501.41338502547586
53	98	613.8034813587469
53	99	422.11082144261735
53	100	502.95016772296776
53	101	309.60249557754776
54	55	6138.655935419563
54	56	2290.7095364471984
54	57	1333.915205001932
54	58	1101.8378703401795
54	59	1284.7488679332932
54	60	1120.212642329456
54	61	864.419861819994
54	62	449.06227804531534
54	63	213.2032638236214
54	64	505.12410657166186
54	65	344.8812425938922
54	66	692.0222854833005
54	67	332.18504679893863
54	68	487.02008603142576
54	69	348.07511366076284
54	70	554.3883114979469
54	71	315.3213591000904
54	72	500.03700339721985
54	73	384.1427399793948
54	74	534.3213718057525
54	75	270.282713988001
54	76	564.8113404588887
54	77	358.2056260564819
54	78	430.15104902383575
54	79	350.08520674380003
54	80	573.1083417629044
54	81	362.48545208380335
54	82	550.9275194005352
54	83	432.8174291611734
54	84	554.7905522271568
54	85	414.1136429802832
54	86	370.56169800690816
54	87	487.80739726001354
54	88	393.3442789757098
54	89	421.23874563813956
54	90	444.9256999517314
54	91	369.5077690551612
54	92	383.36560976077794
54	93	381.29987817488956
54	94	387.77594040791627
54	95	402.20491590588585
54	96	382.2142698692561
54	97	427.663376681202
54	98	494.96687924013366
54	99	285.63964614267536
54	100	723.2290996952075
54	101	288.07074193622077
55	56	11437.31707206585
55	57	2579.4768650012497
55	58	1800.0691777223547
55	59	1536.4057484979924
55	60	1227.5284047767134
55	61	873.7824361898802
55	62	868.3803534280668
55	63	618.4271134854397
55	64	610.4941781391849
55	65	291.77699422701363
55	66	551.0266620278177
55	67	562.0714756950994
55	68	470.89089321354555
55	69	673.095036029159
55	70	612.6034391621679
55	71	724.0864527969976
55	72	483.4767146633625
55	73	603.5585596985553
55	74	422.693712836119
55	75	304.8866996875259
55	76	546.1058470361833
55	77	593.7300459758638
55	78	529.3339573041959
55	79	564.1517343010219
55	80	514.5474909727573
55	81	569.5309961685468
55	82	901.4615620491657
55	83	627.7249901853468
55	84	421.4704438503051
55	85	307.9992115124105
55	86	119.42979627192213
55	87	432.34778598849704
55	88	380.31745338601564
55	89	407.2881075728322
55	90	394.3413781422819
55	91	516.0571924680846
55	92	222.40155540027556
55	93	402.1875715358728
55	94	204.50919695962529
55	95	194.44232131072792
55	96	73.91120986582213
55	97	338.3181547136884
55	98	294.50738678122343
55	99	379.74721978589804
55	100	452.4734221001533
55	101	557.0607573268871
56	57	6987.247802615147
56	58	2911.594909439248
56	59	1902.1589435301146
56	60	1738.6197761580506
56	61	1410.223486446735
56	62	1089.007189118105
56	63	723.8457954678473
56	64	408.32033799247324
56	65	919.9970427992997
56	66	710.7679349132502
56	67	1087.5219193112664
56	68	545.1034651157989
56	69	787.8325531913408
56	70	653.0089202140598
56	71	649.9747522139073
56	72	646.7330323920863
56	73	232.89320097538518
56	74	282.7126709358858
56	75	611.7573830692844
56	76	456.56889947982916
56	77	744.5772879483952
56	78	417.25845852176536
56	79	754.6497086375676
56	80	675.0590726003269
56	81	351.62095109681263
56	82	534.4149875351088
56	83	419.84492127354395
56	84	538.1622366145033
56	85	309.0013303554157
56	86	159.75783726149
56	87	394.322264039837
56	88	466.3448408926278
56	89	561.8432556448323
56	90	503.52199340950875
56	91	318.6069275539107
56	92	185.9376418377339
56	93	201.74807274139863
56	94	239.37036253054902
56	95	195.07496680714453
56	96	222.45507121173688
56	97	414.84534729176784
56	98	221.59920605323063
56	99	242.44358783637878
56	100	288.87447791300275
56	101	419.1549247583078
57	58	10959.518403975479
57	59	4027.394476898925
57	60	2168.879277653744
57	61	1083.0892377227797
57	62	1363.1109481459046
57	63	892.045345748635
57	64	911.6826351305818
57	65	1018.5796191399643
57	66	601.1274649060141
57	67	694.9333692410745
57	68	995.7984310799294
57	69	456.8944293701746
57	70	701.7181139150613
57	71	698.4576214769638
57	72	820.4555294414419
57	73	378.1784543579232
57	74	621.6663574065458
57	75	576.5201963184687
57	76	370.6946359748579
57	77	503.7772083352554
57	78	769.9498693873259
57	79	842.4770590093716
57	80	403.00723869903425
57	81	802.929200245168
57	82	333.76842842935895
57	83	674.654231691394
57	84	351.1136254612192
57	85	595.845878969373
57	86	405.3425274042005
57	87	200.09732963026627
57	88	344.21078063394395
57	89	311.0238743864725
57	90	438.0176845744588
57	91	323.35174155320124
57	92	301.93071202874347
57	93	443.63059172320976
57	94	208.23013358645449
57	95	633.5363086777816
57	96	263.39594827254973
57	97	229.64911634972273
57	98	299.8657928511587
57	99	421.8071121975731
57	100	293.17650510796204
57	101	708.9952288114554
58	59	8029.965591379026
58	60	2895.1427185249713
58	61	1966.6899735090963
58	62	1505.8192928682092
58	63	1307.7885702893357
58	64	1321.9970890222332
58	65	803.8904323104073
58	66	1078.6948232224047
58	67	896.5539825177915
58	68	661.8197102690324
58	69	759.143942769059
58	70	738.4197462888211
58	71	386.83616939405385
58	72	736.134334197368
58	73	706.8993349749383
58	74	572.0773820691843
58	75	618.9545042484831
58	76	554.3283360112207
58	77	552.4471266773888
58	78	614.061621599842
58	79	763.5279102763637
58	80	441.94176982557445
58	81	578.1061878870636
58	82	457.5172472340159
58	83	495.581632550223
58	84	622.2783262733136
58	85	281.37296497251657
58	87	239.37680022271985
58	88	514.7249804792934
58	89	671.8082726666058
58	90	873.3355909691506
58	91	241.7664236901357
58	92	225.75016327040692
58	93	102.06078569925234
58	94	138.39227134553266
58	95	118.42197516174218
58	96	225.07218078613283
58	97	190.78448371484933
58	98	485.78020109676146
58	99	420.50718107870995
58	100	375.77955807216904
58	101	424.0861423779599
59	60	10239.705922787069
59	61	3911.8800434744917
59	62	1764.8090009515952
59	63	791.3368684779449
59	64	808.7571836659166
59	65	941.2353236244649
59	66	533.2624937755738
59	67	797.7951539329066
59	68	752.5060188657186
59	69	574.1931494533935
59	70	864.5789537155267
59	71	619.604451251609
59	72	764.2207294867541
59	73	838.7089154819641
59	74	551.4826245691892
59	75	354.069201361803
59	76	534.3725432926994
59	77	536.2832466145746
59	78	614.7229502253265
59	79	441.624565929909
59	80	572.014842547527
59	81	474.8543946109772
59	82	407.11998362773187
59	83	503.99020826884123
59	84	380.69075249278495
59	85	333.83821800654357
59	86	431.4971042568883
59	87	568.0227624304043
59	88	534.3637455734736
59	89	643.7911180423936
59	90	356.1865800424824
59	91	430.2698665439314
59	92	401.7658496165763
59	93	333.0008083085162
59	94	277.08263254839346
59	95	351.2578150913744
59	96	166.8996872261438
59	97	441.3990041371798
59	98	365.76664021390167
59	99	187.09335845927384
59	100	297.2320102900975
59	101	251.58096135241004
60	61	9323.100213771315
60	62	2021.3268511516867
60	63	1028.2223559177978
60	64	568.418329536395
60	65	790.0532748454056
60	66	1060.1275290667652
60	67	921.1728237384291
60	68	1264.7210708345647
60	69	932.5962437754205
60	70	1107.6618970513994
60	71	456.21319051661106
60	72	844.0406856837744
60	73	694.7316601068082
60	74	327.9677114587564
60	75	999.3509872534436
60	76	544.786826168076
60	77	542.9379976024807
60	78	867.519661173929
60	79	637.8276770673975
60	80	710.7295758393366
60	81	393.3383511101971
60	82	286.13589552999053
60	83	487.0513144736014
60	84	305.78360543773323
60	85	399.4318829519842
60	86	635.4204532716475
60	87	470.5129389198866
60	88	168.62171764032092
60	89	558.6685171274461
60	90	250.33840183441646
60	91	475.2099219170685
60	92	554.6609606861247
60	93	234.04275970077302
60	94	238.01778189135564
60	95	387.94536141491335
60	96	184.3317264389954
60	97	187.50055989023755
60	98	477.41859251704767
60	99	447.7081917309633
60	100	451.3805535852801
60	101	416.78645762621585
61	62	6684.732413456546
61	63	1514.7393902964723
61	64	1068.0778000109312
61	65	1093.8697858477515
61	66	1280.7928171275912
61	67	1180.033002848621
61	68	1482.9078295932147
61	69	1334.6131868685106
61	70	1286.121618208686
61	71	1080.1229587161038
61	72	845.8569536701239
61	73	1072.1890165122904
61	74	788.8162948218857
61	75	822.9729415115906
61	76	1003.1999160517107
61	77	571.3116475271959
61	78	476.2725785579505
61	79	710.640223398154
61	80	373.93596203628636
61	81	781.7997841399076
61	82	559.1656658453198
61	83	549.1118101835467
61	84	321.763693425165
61	85	387.9747507057132
61	86	501.47039022063666
61	87	412.58474494969875
61	88	177.43379859092266
61	89	587.864235605304
61	90	677.3681650607424
61	91	375.0331040706899
61	92	466.91779712293123
61	93	457.36546028927876
61	94	107.33848462065386
61	95	163.28767156412061
61	96	155.1718432505063
61	97	315.67878249433153
61	98	463.7245230530087
61	99	362.38860218169435
61	100	345.4323348077484
61	101	292.3783302758097
62	63	14632.599998783866
62	64	3499.327612611394
62	65	2625.3634834432205
62	66	1534.6348958022443
62	67	1444.980199233794
62	68	1086.4108110918219
62	69	1084.1709474769295
62	70	382.78537176922634
62	71	876.3155981025225
62	72	684.7611654926195
62	73	696.2467886230261
62	74	610.4112312784916
62	75	566.0824310322711
62	76	909.9582375573577
62	77	1286.1067390124927
62	78	718.2095992266712
62	79	338.4099024619493
62	80	712.2795939391428
62	81	525.594901414929
62	82	491.5884419322447
62	83	418.3830140913488
62	84	383.06310465766904
62	85	184.7552294692701
62	86	159.20155774524366
62	87	78.58984543715502
62	88	295.731558306936
62	89	661.6845274456078
62	90	465.92809828857924
62	91	476.24629919081445
62	92	222.34824455410913
62	93	335.0759708474692
62	94	170.3834791731514
62	95	77.7582849771973
62	96	73.89349295223288
62	97	112.74568601223132
62	98	331.2413907529247
62	99	172.5709965180503
62	100	370.11678692158273
62	101	139.2318067185856
63	64	13097.943720034904
63	65	3858.0759760922265
63	66	2073.7228577269534
63	67	1086.229327995635
63	68	670.5400224718903
63	69	851.9777998859529
63	70	272.60503028821665
63	71	1031.0858700550516
63	72	688.4620021054182
63	73	793.3443267109196
63	74	1471.330957116711
63	75	682.2405637206156
63	76	777.6447415338091
63	77	915.9157909350544
63	78	699.9217431159866
63	79	428.44893603179855
63	80	450.8961350720244
63	81	374.30848874217037
63	82	583.4839920993136
63	83	347.61568687480894
63	84	436.48451356373306
63	85	350.86819674840996
63	86	56.68861543805004
63	87	111.93733499647946
63	88	601.739000159574
63	89	652.4671709156227
63	90	408.38902733976676
63	91	113.05477027984331
63	92	263.9131238699615
63	93	47.725645710827706
63	94	97.0724524522548
63	95	55.37646209779432
63	96	105.24821150422547
63	97	160.5862889074017
63	98	52.421641774261225
63	99	98.31874507687817
63	100	175.721967365328
63	101	396.622166747643
64	65	12515.59993499062
64	66	2877.0362841087735
64	67	2392.9123157398567
64	68	855.4283492664932
64	69	798.9965213727139
64	70	516.6876712925936
64	71	728.573125409354
64	72	1042.1003871246264
64	73	1200.8570225521073
64	74	792.2494433629836
64	75	783.6963548979774
64	76	767.6694262177764
64	77	778.9744652062965
64	78	637.7939328899374
64	79	549.8388540632887
64	80	400.6009980221213
64	81	246.33800623353352
64	82	552.9593213954199
64	83	352.96108668561243
64	84	560.1511045331273
64	85	207.82044002097115
64	87	221.00289538281
64	88	617.780938577705
64	89	744.2905407540127
64	90	241.890225868331
64	91	178.5672783399367
64	92	375.1599628914252
64	93	113.07225657754519
64	94	114.99269508890787
64	95	174.93156806070323
64	96	83.11850367717894
64	97	42.27369394781753
64	98	372.59422521992025
64	100	92.51620071491506
64	101	156.61378257216802
65	66	9020.856975665663
65	67	3606.685354682182
65	68	1793.8888812378223
65	69	1464.3097123890047
65	70	1146.5234430855494
65	71	833.9510608517445
65	72	1113.6678984482144
65	73	1283.3273388684086
65	74	919.5648102282029
65	75	802.621086116659
65	76	1100.6899939218756
65	77	683.815861750341
65	78	827.3808482730686
65	79	649.7496748963346
65	80	410.27472709604496
65	81	403.6585381657621
65	82	566.3122054134088
65	83	522.1441409270512
65	84	353.0324037050354
65	85	35.47314939950782
65	86	137.55070946783798
65	87	362.1434915570977
65	88	681.3683020571424
65	89	644.9923605076713
65	90	454.1742348157063
65	91	274.31899228002726
65	92	85.38207573819285
65	93	115.80272999450828
65	94	196.28257222096377
65	95	44.78895565721038
65	96	85.12565265976468
65	97	129.88356244802583
65	98	296.7935021438203
65	99	159.0420820219311
65	100	284.2508569949593
65	101	320.7913970335507
66	67	12443.715839170343
66	68	3387.794863318586
66	69	1667.360290021336
66	70	1457.3679253325154
66	71	1533.4875699555494
66	72	920.1429982948594
66	73	1464.2518245015667
66	74	664.0004073422704
66	75	852.6183181754761
66	76	791.8761771627728
66	77	1237.5915398762584
66	78	616.7862642259454
66	79	613.5325978323242
66	80	602.6315473852517
66	81	381.1585924957198
66	82	445.6216139788453
66	83	606.8182181595482
66	84	416.69295140220254
66	85	334.9587440401036
66	86	129.88362653193533
66	87	213.72349782104934
66	88	321.69440062314476
66	89	387.57119950735114
66	90	662.7813828862884
66	91	302.1998453907497
66	92	120.93431230495229
66	93	255.14505437117793
66	94	37.06835450534155
66	95	296.0469203168826
66	96	120.57111723876636
66	97	81.76256442879912
66	98	360.3217095594623
66	99	225.26560347216457
66	100	357.87560136090156
66	101	454.3657044899398
67	68	6911.4000806060785
67	69	3318.597007509815
67	70	2038.7376017379563
67	71	1606.5012413743127
67	72	1743.0890349256888
67	73	1030.0699184494297
67	74	468.9066973765909
67	75	1014.6596300093611
67	76	706.7800196803666
67	77	878.1898461774475
67	78	754.9790010801562
67	79	1001.3284551613109
67	80	395.1711852918167
67	81	680.3974794915215
67	82	545.4644185432616
67	83	580.2949887631034
67	84	637.5677573688899
67	85	341.6726785356099
67	86	132.48702225182674
67	87	392.4132935129294
67	88	562.5299378924165
67	89	1016.5878036675732
67	90	278.3802063116285
67	91	484.4041060978139
67	92	205.59721232986584
67	93	74.35977090418449
67	94	189.05677487301537
67	95	43.140129104026144
67	96	122.98785242659044
67	97	83.40141850120948
67	98	285.86757185661753
67	99	459.56168328037376
67	100	136.8933310540194
67	101	617.9640529868168
68	69	12762.399584790965
68	70	3870.391508492697
68	71	2441.129795969575
68	72	1814.599999808491
68	73	1208.1573090316554
68	74	846.1159077915177
68	75	1089.8193742968458
68	76	910.9607234179184
68	77	940.8826464244513
68	78	567.6322411583385
68	79	639.9229212690553
68	80	1029.981767424719
68	81	482.32611219725163
68	82	779.2058598464787
68	83	523.5549246269668
68	84	421.8336308020228
68	85	400.74400433962984
68	86	239.06542118158202
68	87	157.35285312634002
68	88	422.9390869251895
68	89	356.68418923186687
68	90	645.8419433458222
68	91	476.77097182014734
68	92	259.69206890454194
68	93	402.5341421679442
68	94	375.25661320226703
68	95	38.921974993439875
68	96	295.89960073920344
68	97	263.3630908064408
68	98	221.07087592373983
68	99	241.86556116183797
68	100	329.35514527275603
68	101	139.38519608505834
69	70	7793.395097638591
69	71	3662.0206560367124
69	72	2206.333736591575
69	73	863.4746383626948
69	74	873.4877198165333
69	75	1080.0719833303876
69	76	1128.516314816953
69	77	971.3201582338546
69	78	1484.5209679826175
69	79	1088.0872459734226
69	80	572.5470325291775
69	81	543.1956441791898
69	82	635.0630011525379
69	83	432.3935225421236
69	84	712.6035218457437
69	85	190.94217926556078
69	86	287.93237309127767
69	87	365.49722460139935
69	88	567.6074918754244
69	89	526.0327241520196
69	90	703.775729381146
69	91	574.2269068387782
69	92	153.1960547404333
69	93	346.296753152424
69	94	281.7426530669846
69	95	281.2676940865066
69	96	190.91996229788015
69	97	194.20205363791698
69	98	304.29667858390167
69	99	428.03983083358435
69	100	382.51099078810483
69	101	431.6829029570162
70	71	8668.258744188322
70	72	4304.991271757493
70	73	1669.9811284407122
70	74	1142.793337994023
70	75	1244.1157513331082
70	76	1348.0630251515513
70	77	889.8427937009667
70	78	999.9961167611414
70	79	1074.2986201182055
70	80	795.5954646118078
70	81	787.9152738207688
70	82	1387.1744978614443
70	83	553.4071395977276
70	84	445.8858699010453
70	85	488.7620176854821
70	86	589.6252286231007
70	87	332.6496925541623
70	88	536.4652287118333
70	89	754.0434350538623
70	90	303.40744754942483
70	91	377.96673378568
70	92	313.71345233156546
70	93	496.400283301748
70	94	216.35624162887706
70	95	370.27116071088074
70	96	156.38564737965754
70	97	238.61109269369877
70	98	194.72996900387278
70	99	401.74565478398705
70	100	522.2016266594825
70	101	589.3308154643789
71	72	8824.530525128068
71	73	4057.7764008398276
71	74	3610.2734481178136
71	75	1375.927821993424
71	76	1533.4849470233562
71	77	2084.0192726391615
71	78	676.8377911839555
71	79	673.2673414141777
71	80	791.8987765200841
71	81	738.1216670957501
71	82	733.512319590458
71	83	587.5581498494336
71	84	645.5477630813135
71	85	227.02913957445352
71	86	293.4427846316552
71	87	496.6560826335696
71	88	355.9817161348887
71	89	857.7597897745811
71	90	603.9953649527263
71	91	334.4093629528887
71	92	273.22382588042336
71	93	247.0468941163967
71	94	71.78365164176705
71	95	286.65055788466077
71	96	77.82950527858893
71	97	197.9186667649589
71	98	348.8853015346989
71	99	290.82106686964164
71	100	303.2022275030085
71	101	293.2962620391107
72	73	6357.298828240725
72	74	2091.38853836969
72	75	2133.4603167590217
72	76	1874.5143006993883
72	77	1652.4201771262028
72	78	1473.1983287958296
72	79	1214.2108796684456
72	80	969.3848919846771
72	81	634.0285562074799
72	82	957.9333223828098
72	83	737.6357687388321
72	84	511.85522275107377
72	85	308.5912216047642
72	86	443.18279313944515
72	87	481.30978712994215
72	88	752.6883308641414
72	89	510.0887030027699
72	90	319.2722002916582
72	91	353.53785576303864
72	92	288.85245524284886
72	93	223.8670125251776
72	94	341.5038121325249
72	95	519.5094984847683
72	96	287.98496127359914
72	97	167.39182287409955
72	98	409.8242555925727
72	99	230.59220475451485
72	100	274.7534111078413
72	101	620.1461027825918
73	74	14941.980248894804
73	75	2737.850423253491
73	76	2627.128359687592
73	77	2856.2320843974803
73	78	1115.5852258700845
73	79	1109.7002988391812
73	80	1015.5125774483585
73	81	505.81268979293
73	82	893.607185572677
73	83	313.1613466443492
73	84	245.76364649621323
73	85	197.55717509516893
73	86	204.27942489691966
73	87	453.79140098921283
73	88	704.7260050497689
73	89	914.3510678288335
73	90	229.9444159624413
73	91	50.92460645792707
73	92	142.6530373435056
73	93	257.9715710986865
73	94	218.6275035896591
73	95	99.77551703062542
73	96	189.63282090570732
73	98	283.3548522322163
73	99	177.14753258385787
73	100	316.6101531829827
74	75	7800.095888046961
74	76	4783.667829384298
74	77	3980.8873350918802
74	78	735.9925100337136
74	79	780.9173415715817
74	80	924.5598581358472
74	81	454.8250917421161
74	82	744.4456287508818
74	83	497.8173339407494
74	84	895.0089134707641
74	85	279.7873408631145
74	86	154.98622756051248
74	87	51.00596519019633
74	88	548.3832270383805
74	89	1321.3630369771859
74	90	604.7883726007741
74	91	257.5757086614888
74	92	96.20485325844567
74	93	260.9630780167512
74	94	176.9302129932759
74	95	151.39881067591023
74	98	143.32035521312008
74	99	268.8026736973555
74	100	427.04219824997074
74	101	542.180938060392
75	76	10789.451894570586
75	77	4108.605548399598
75	78	2320.649075633299
75	79	1357.8865909344902
75	80	952.6857838869693
75	81	790.865896324261
75	82	986.2615554419673
75	83	629.5435069013057
75	84	553.3415240641586
75	85	481.8707149806613
75	86	143.73094068088812
75	87	520.3203548965238
75	88	457.7030777819666
75	89	1041.5934498425293
75	90	560.8679111363837
75	91	477.7404997228883
75	92	356.8733628671463
75	93	443.6879780049199
75	94	246.12199111496403
75	95	327.60944145922207
75	96	266.8511892130232
75	97	316.6783769492482
75	98	575.9531182664895
75	99	415.4698319132275
75	100	594.044817701024
75	101	335.2047360304556
76	77	7465.892715169635
76	78	2757.5438730331416
76	79	1891.7222743076022
76	80	1393.5830696896785
76	81	605.9815695436579
76	82	1236.5978636661857
76	83	482.37225069527807
76	84	819.0606816466903
76	85	503.4840009566522
76	86	200.236915077055
76	87	247.11737167641851
76	88	637.6431677283301
76	89	640.1834756200907
76	90	631.1032520347779
76	91	499.1685336785061
76	92	279.6601188636517
76	93	337.1553880210742
76	94	214.30105793513667
76	95	146.701571197236
76	96	278.82023170967256
76	97	283.6134102589828
76	98	324.0387609455924
76	99	347.28387801172676
76	100	672.4135539971957
76	101	700.4792629616666
77	78	6151.111498988271
77	79	2673.701566631535
77	80	1785.6690478486967
77	81	1257.7612944887674
77	82	1176.3830155428009
77	83	1048.8768803229234
77	84	733.343409668669
77	85	252.64212957846385
77	86	54.42473901348625
77	87	537.3354240505442
77	88	751.0208905317672
77	89	974.4166502994127
77	90	931.1897439339577
77	91	488.4295274498931
77	92	405.39788182487547
77	93	320.73795671201464
77	94	46.59791784724831
77	95	318.9899214020741
77	96	151.5676401290857
77	97	256.955380881859
77	98	503.28168189968557
77	99	471.96178629465567
77	100	224.93927899263556
77	101	761.5658892143281
78	79	11355.372051720735
78	80	3390.7425937749967
78	81	1784.9969432408789
78	82	1840.7374364296243
78	83	1603.0550879338493
78	84	1120.808272282808
78	85	675.7215293604264
78	86	291.1309205839588
78	87	369.55741491199063
78	88	1103.6785763396192
78	89	1010.5648775489441
78	90	636.6891412097528
78	91	456.1902773978359
78	92	387.24465025919596
78	93	350.1436516432999
78	94	320.48149608484664
78	95	284.39220581832006
78	96	154.43266426735912
78	97	235.6312576369265
78	98	807.65215609867
78	99	577.059715605182
78	100	816.4937165375023
78	101	727.4638808930271
79	80	6663.446771487479
79	81	2731.662677553388
79	82	1745.8631363255834
79	83	1485.8760273040557
79	84	1632.5259821314428
79	85	992.231714794442
79	86	703.3025044207294
79	87	776.0611820455704
79	88	834.370908975895
79	89	1322.6762540678524
79	90	782.349420552776
79	91	453.783785780102
79	92	693.3633481978675
79	93	313.46691876973335
79	94	460.4757364113228
79	95	282.891982132374
79	96	384.045005513319
79	97	351.5823860227621
79	98	382.5674454031955
79	99	538.1396385096252
79	100	854.9332156321303
79	101	868.3516424933509
80	81	8001.469124535573
80	82	3540.225073152973
80	83	2212.0969493687044
80	84	1759.9607385447712
80	85	1044.2164927283152
80	86	1001.3790992266688
80	87	859.7056870309763
80	88	1062.945096282769
80	89	835.1841642093983
80	90	588.09863796129
80	91	911.7022520372651
80	92	567.5365754819038
80	93	843.0522379603153
80	94	745.5398096611132
80	95	467.8350197821752
80	96	282.9160627596112
80	97	370.00241028759876
80	98	885.7438300469709
80	99	604.0893096981406
80	100	944.7109159736272
80	101	1066.1538112210492
81	82	6398.606352852183
81	83	9034.036416592246
81	84	4870.066467266256
81	85	1565.92170976541
81	86	674.6687934568413
81	87	856.4148896709116
81	88	1381.1430461031275
81	89	862.8015726698662
81	90	650.941670107575
81	91	672.7499416756424
81	92	448.70170512795767
81	93	689.7115062164513
81	94	536.3843467392641
81	95	235.37587486059596
81	96	447.354145098172
81	97	182.01783121232967
81	98	534.7596141821547
81	99	417.9006704472711
81	100	896.2806990695043
81	101	505.7489370978617
82	83	8962.815167295747
82	84	2949.8845677296786
82	85	1185.6327621393923
82	86	856.380377189618
82	87	1646.5083897961717
82	88	1531.0007201732944
82	89	1095.1838048665913
82	90	852.3552278562106
82	91	943.8336295155802
82	92	839.3406082224712
82	93	720.9790918270231
82	94	578.8613082794396
82	95	352.234952902708
82	96	292.8869526931332
82	97	383.0425087257361
82	98	750.2402843986274
82	99	703.5518229840186
82	100	605.4320548267436
82	101	630.7020389719464
83	84	7088.750955888215
83	85	2166.539021687618
83	86	1342.621297123478
83	87	1211.9496657163168
83	88	1588.0435370645846
83	89	883.0357736618112
83	90	829.0580816638542
83	91	535.5210782489386
83	92	750.0667524725524
83	93	516.7273311192574
83	94	525.503516335606
83	95	562.0903153934705
83	96	676.5937277322855
83	97	652.0026333240513
83	98	744.937008594421
83	99	532.2503445044409
83	100	475.6370598203912
83	101	402.5852688196634
84	85	4793.3430989297285
84	86	1517.279234833058
84	87	2205.4032003643656
84	88	3355.3404075501358
84	89	2425.469583537657
84	90	1366.3241422641718
84	91	924.5890389337729
84	92	1255.7642782137673
84	93	567.7262289907394
84	94	252.59875733572838
84	95	494.05308508738557
84	96	312.9982283914778
84	97	437.7710678323251
84	98	1052.304786931125
84	99	694.4277949612875
84	100	783.8707711333128
84	101	1032.077215742904
85	86	9689.563469790079
85	87	7124.705206435126
85	88	2265.6407029734582
85	89	823.2127443154833
85	90	1403.408938747093
85	91	1013.4970285068276
85	92	1009.4464617754871
85	93	1568.7611703879056
85	94	1421.361065811596
85	95	1224.529518991703
85	96	1352.3699536957902
85	97	1183.6716880731408
85	98	1253.1785089333957
85	99	1087.0521612977257
85	100	1050.1912263545662
85	101	1066.6742848010829
86	87	9943.904945656803
86	88	2138.208996978375
86	89	672.019015955396
86	90	1183.0129356606378
86	91	1222.647005123668
86	92	1182.4237430227372
86	93	2064.543323612071
86	94	1874.64989278108
86	95	1882.183852953569
86	96	2479.697617414019
86	97	2356.927499767606
86	98	1012.3595587518756
86	99	1215.1796000490735
86	100	588.20988055361
86	101	612.7610324741913
87	88	5048.171765828083
87	89	1105.8072408931102
87	90	1323.7204345407858
87	91	1940.0132149214169
87	92	2254.3029963947642
87	93	1310.3508416740704
87	94	1480.6734045497797
87	95	1182.541839964627
87	96	1404.707986145327
87	97	1877.925317848614
87	98	1479.2637699856075
87	99	1087.2705058094964
87	100	848.7732452930107
87	101	907.4684101243727
88	89	8084.469647199268
88	90	2260.342800838224
88	91	2781.0360437400595
88	92	1687.9207847774146
88	93	1291.4042871826387
88	94	756.1641407167596
88	95	998.9513953064413
88	96	560.9505164477463
88	97	658.3774343421969
88	98	1246.5367513687384
88	99	604.636082929706
88	100	1056.6324742546738
88	101	1138.2600620902967
89	90	10590.289663555215
89	91	1842.7961764094332
89	92	1668.573829682214
89	93	942.9448111328395
89	94	623.3239654206192
89	95	656.4640056676627
89	96	155.95900292304262
89	97	528.8002764167221
89	98	932.1538332125825
89	99	631.3266895841699
89	100	1562.3309373312302
89	101	391.8153526732739
90	91	10656.156152081721
90	92	3451.3676605231985
90	93	1925.5384504453093
90	94	1012.8838573701069
90	95	847.4620819424522
90	96	915.1602038533891
90	97	819.185538243931
90	98	1349.2260920442056
90	99	820.7104466778591
90	100	1263.1033438619115
90	101	689.7463012166687
91	92	8212.768091590528
91	93	3235.055175902541
91	94	1757.159040359842
91	95	1322.3125108670233
91	96	1053.9142677881862
91	97	1649.2800494822427
91	98	1413.2723745286582
91	99	1401.0552511367475
91	100	1398.6649867651715
91	101	1069.281946193001
92	93	8650.309525479772
92	94	3072.0478239142685
92	95	2389.7680488696587
92	96	2157.44075505248
92	97	2464.032745431243
92	98	1809.802357690313
92	99	1732.5337558827073
92	100	1516.6542866266072
92	101	1141.0804586891147
93	94	5334.489131920753
93	95	3781.4174931517214
93	96	4312.165274143033
93	97	3655.2461643503498
93	98	3034.1758606085386
93	99	1758.3654606160444
93	100	1104.6963625277067
93	101	1031.7562253126887
94	95	10877.672331849273
94	96	8179.126182300818
94	97	6301.7551723206225
94	98	2461.632880049275
94	99	1495.6104114829957
94	100	1045.9788028396101
94	101	1573.9196238030438
95	96	10840.789031355578
95	97	5493.37987838466
95	98	2571.2096650019985
95	99	2114.436775034627
95	100	1546.9859290517081
95	101	1346.7997077037255
96	97	9749.760859729304
96	98	2593.7776808546937
96	99	1480.5690316070836
96	100	1260.0828383464234
96	101	1279.8602070300433
97	98	6079.715552163715
97	99	3298.9039913174533
97	100	1751.7179367795072
97	101	1012.5594825080537
98	99	9095.048605100661
98	100	2635.993171737703
98	101	2549.8722433482644
99	100	8514.500552153191
99	101	9033.385449177471
100	101	14245.661141922774
