1	2	8320.320901781368
1	3	4074.3852348479018
1	4	2109.233962313047
1	5	1598.1251315314685
1	6	1477.3330041041124
1	7	450.04002711456747
1	8	750.7651561040157
1	9	554.8412236114011
1	10	554.2882817215702
1	11	592.614352929314
1	12	378.7542629434131
1	13	221.78035270948564
1	14	451.4797176950012
1	15	524.0673251762421
1	16	254.13695897577878
1	17	512.2067300987104
1	18	386.7368598885662
1	19	440.16376378744485
1	20	609.9868667914361
1	21	716.9798698207926
1	22	447.13274232734886
1	23	227.19548416503346
1	24	367.9492425324269
1	25	480.04048472189567
1	26	313.77986673728293
1	29	560.1666761378674
1	30	360.0373449962815
1	31	833.914524858649
1	32	627.5175533841973
1	33	403.44210998350803
1	34	495.01858352556536
1	35	598.001706857566
1	36	403.0248416295105
1	37	424.99947157552344
1	38	370.73510347972757
1	39	346.1180773954549
1	40	415.02820118863764
1	41	317.12062750179064
1	42	141.6326148328511
1	43	560.9750281534788
1	44	408.8053142429592
1	45	390.10754404291754
1	46	625.8178197462835
1	47	329.99712032050735
1	48	392.8073733122586
1	49	436.88835937498743
1	50	288.54609802724667
1	51	444.2228527287129
1	52	428.14959394954343
1	53	119.79007157894989
1	54	338.6805095369588
1	55	198.8242601859758
1	56	309.9481911687137
1	57	298.7250456352992
1	58	431.8621138127608
1	59	385.10262057511073
1	61	521.2895563832919
1	62	833.1460704942931
1	63	2323.21921495298
2	3	9182.056344756222
2	4	3340.512829871454
2	5	1425.9385564024576
2	6	988.6206888470614
2	7	657.0841527567139
2	8	307.0263027664603
2	9	495.06104235457695
2	10	285.3275053882764
2	11	502.32616729087795
2	12	253.45964606128166
2	13	118.73106169525165
2	14	271.9143005952834
2	15	555.278339017812
2	16	425.1665920042391
2	17	342.765083387119
2	18	517.6030857815183
2	19	294.5544451739554
2	20	408.1988520934123
2	21	319.86520340937113
2	22	209.4526250671994
2	23	212.8526321471713
2	24	277.0076290707226
2	25	256.99172948107685
2	26	104.98962222409358
2	27	602.0525382677133
2	29	249.9063576928255
2	30	530.055720322062
2	31	515.1227451807966
2	32	587.9023671938653
2	33	809.9417306195242
2	34	455.486485482083
2	35	400.17846871549574
2	36	346.7588706933607
2	37	347.60807790460154
2	38	303.22512226806595
2	39	260.5722119114901
2	40	277.7339063096926
2	41	121.26563295865068
2	42	284.3386010810254
2	43	300.3203839450718
2	44	444.55059160916124
2	45	298.35106358725926
2	46	558.3904169035823
2	47	441.6634293046847
2	48	375.5198387029168
2	49	334.12864908370057
2	50	270.33018145854413
2	51	178.36245509153372
2	52	229.21171886045968
2	53	133.6044330700704
2	54	97.1325328550075
2	55	99.78883054049477
2	56	380.26104332350434
2	57	233.22211004558696
2	58	317.8989443708894
2	59	96.64047060787402
2	60	90.37005501223051
2	61	488.3805441591252
2	62	867.2772833565966
2	63	777.3408480853536
3	4	7220.912838842166
3	5	2546.628487704051
3	6	1166.5980031520232
3	7	766.5652143690912
3	8	376.2719481919786
3	9	513.3745603764979
3	10	355.05896067770044
3	11	356.4110379235793
3	12	157.70144273646682
3	13	153.90401734837485
3	14	501.2854670356846
3	15	454.5942963402044
3	16	382.10860433759666
3	17	266.58360122524556
3	18	436.1097723846094
3	19	271.5117636203952
3	20	423.29912538251085
3	21	364.8675790341302
3	22	279.25815809340776
3	23	283.791305932223
3	24	287.2548183528125
3	25	366.4354123553577
3	26	54.436722486824785
3	27	249.729573296031
3	30	249.84717137209526
3	31	667.7229932832174
3	32	391.91805819726477
3	33	519.9402340199433
3	34	429.39640355836264
3	35	645.52763087466
3	36	479.44843852569846
3	37	557.0852869137477
3	38	257.2708587596866
3	39	180.14094329345616
3	40	316.80875859828075
3	41	125.7515451283208
3	42	163.8094338537148
3	43	155.7149845063716
3	44	460.9956045965879
3	45	309.3877986813353
3	46	361.9041520527904
3	47	419.83483584299665
3	48	584.1168531153187
3	49	389.79999507998247
3	50	320.37754929364905
3	51	215.78727131759211
3	52	326.824878321609
3	53	110.8374300922239
3	54	100.72570266391551
3	55	34.49342109783678
3	56	250.935891040878
3	57	310.94944194226775
3	58	239.75185698585028
3	59	66.8102918876834
3	60	46.856532118190025
3	61	289.39824812789885
3	62	578.1599935276856
3	63	1128.535220526936
4	5	6892.237988700169
4	6	2571.8717175116785
4	7	1099.3844950432667
4	8	747.1907637363144
4	9	414.1497187089319
4	10	590.2261908289278
4	11	418.2167952808191
4	12	246.7315729114178
4	13	108.35564233577169
4	14	294.10705510958996
4	15	320.05569335218644
4	16	551.8407558481302
4	17	312.812251911085
4	18	236.18594003138153
4	19	557.541274722659
4	20	461.2251831926135
4	21	661.6705961457251
4	22	473.3223764415967
4	23	333.00396976196083
4	24	337.0680949175488
4	25	390.89046462523976
4	26	255.50669537807812
4	27	293.03554244329126
4	30	527.7123600715075
4	31	522.3425402556315
4	32	510.97904407989284
4	33	657.0348911809086
4	34	503.858659505918
4	35	486.94469004142866
4	36	515.707766548288
4	37	346.0713131432694
4	38	368.9700339189699
4	39	211.37944672523528
4	40	236.56628990872102
4	41	73.77915189098898
4	42	230.6590397273451
4	43	548.1532405128874
4	44	249.6634726312836
4	45	408.4190860627718
4	46	509.59497400120387
4	47	134.3560926551897
4	48	319.8577235651337
4	49	457.3957801435537
4	50	422.9265227498981
4	51	144.6898608152795
4	52	244.04549058711484
4	53	130.05791032844166
4	54	157.59025801942687
4	55	121.42492651618355
4	56	210.32217821843545
4	57	324.3303446270135
4	58	316.4935227871369
4	59	195.98990485694594
4	60	219.92796648058913
4	61	424.47902496598743
4	62	452.2797069013582
4	63	756.7063756177682
5	6	7228.887642509502
5	7	1262.0939870543498
5	8	886.3679087320619
5	9	1109.3695622584273
5	10	613.8077484697811
5	11	812.4990993915087
5	12	597.1811523172178
5	13	395.29119862354406
5	14	618.9976030912553
5	15	718.5182532644508
5	16	493.61258823961305
5	17	321.867736957556
5	18	629.6510145412351
5	19	469.3756326915346
5	20	567.5011902596281
5	21	425.9707538982133
5	22	490.43017423205697
5	23	404.9428822718762
5	24	378.35536724045994
5	25	559.4322693047341
5	26	215.10266994970928
5	27	246.69697002046314
5	29	256.00399181547755
5	30	296.17576804625395
5	31	351.79438212698966
5	32	473.1940670205315
5	33	355.58744841891956
5	34	296.92740514545625
5	35	546.5902581835396
5	36	434.157380236916
5	37	485.57673045167314
5	38	451.8163155833067
5	39	474.5423811908096
5	40	312.96157595838264
5	41	217.39283141730454
5	42	356.00445317729884
5	43	269.19209097112036
5	44	560.4892085502449
5	45	191.01920801924385
5	46	286.0074810392265
5	47	150.81329127273918
5	48	230.8094406273947
5	49	342.28127981633975
5	50	276.92615026086804
5	51	91.35722059053558
5	52	352.2066157553941
5	53	355.84727861857766
5	54	165.83755861995454
5	55	204.4472913199384
5	56	318.7139641544993
5	57	341.303791333865
5	58	384.8656802182154
5	59	164.99744460917825
5	60	231.4376376545815
5	61	214.4129447709192
5	62	190.37969313210627
5	63	637.0461702480885
6	7	4151.843895147718
6	8	2337.810585126639
6	9	1745.9088281282316
6	10	779.8447467242087
6	11	769.2171506014805
6	12	692.7448975467379
6	13	654.2552049517888
6	14	612.6609401905024
6	15	850.3033477901006
6	16	374.8538275577623
6	17	428.12152928439906
6	18	570.4396274007355
6	19	865.6595890810199
6	20	488.4275607324966
6	21	733.2349599996536
6	22	527.6191879002693
6	23	294.9011648048898
6	24	515.5913698771964
6	25	481.48293498124656
6	26	462.82754201149226
6	27	424.64615537481995
6	29	220.33329164122296
6	30	254.90767317813834
6	31	492.01194939783744
6	32	259.16600306485543
6	33	340.04570883981273
6	34	255.5545797947592
6	35	588.0378559263357
6	36	373.66341047868934
6	37	585.0854357719596
6	38	291.6463586867619
6	39	280.7896483920791
6	40	416.27529920535886
6	41	320.7464146099592
6	42	278.5454897552236
6	43	330.97686745782875
6	44	482.3926040117045
6	45	427.44847642758856
6	46	400.0038245001833
6	47	292.04886404650364
6	48	297.9738915475109
6	49	294.58900431311605
6	50	306.4374382615058
6	51	366.9298510962344
6	52	277.87043045878727
6	53	306.26476432490676
6	54	171.2764003843308
6	55	293.26720222994743
6	56	365.74063456947476
6	57	146.87385782723004
6	58	229.31989159403716
6	59	113.6058225508737
6	60	39.83798545677178
6	61	307.5623258634948
6	62	163.85285304331288
6	63	411.21178996898243
7	8	9229.552630744582
7	9	3045.330568921109
7	10	1676.8823909697883
7	11	1291.701501299924
7	12	969.1331658669476
7	13	1198.0090203793918
7	14	855.7174790425918
7	15	744.9729513398029
7	16	782.7324743112298
7	17	566.3100028917418
7	18	755.9127774919033
7	19	533.0056100768234
7	20	578.0729492841581
7	21	611.5213645407076
7	22	593.2348711269635
7	23	538.2720954557402
7	24	675.6033385018612
7	25	523.1640203574149
7	26	557.5560194381318
7	27	596.8199058985869
7	29	353.90620158651075
7	30	682.4010850240187
7	31	334.3513168940952
7	32	118.93728949295964
7	33	109.23840358837091
7	34	175.91988539500707
7	35	31.484157845566497
7	36	136.40677688511295
7	37	111.87886500927002
7	38	273.26335922114055
7	39	287.00832773067515
7	40	216.32288192949807
7	41	343.4619266159803
7	42	357.9267590985581
7	43	398.7190216551702
7	44	266.34920070448453
7	45	184.8487490469156
7	46	148.2689105579589
7	47	208.48799538081386
7	48	106.35887855168717
7	49	236.58902104402
7	50	218.75971824564309
7	51	315.73615998536445
7	52	324.59938006350797
7	53	302.7273918725457
7	54	343.88686697044767
7	55	259.0802073072964
7	56	318.2096713513961
7	57	141.54802140558718
7	58	266.02388119246996
7	59	205.28686537701915
7	60	255.95605651500966
7	61	345.81133690995995
7	62	87.7285201398382
8	9	5360.484314927012
8	10	1812.5096611378585
8	11	935.152199801529
8	12	1097.7769130985953
8	13	1049.9157690858647
8	14	1068.6602064596286
8	15	780.5718300562562
8	16	757.0483471219786
8	17	721.6679062465311
8	18	700.5709865326053
8	19	472.5057370515566
8	20	441.9946949594013
8	21	600.3359685088275
8	22	712.7803626329583
8	23	680.4507506168727
8	24	622.1015317284878
8	25	417.4031130779021
8	26	284.2049641422174
8	27	956.1171123669357
8	29	811.7902618078285
8	30	313.05840529849
8	31	154.93641521854073
8	32	121.25263441540153
8	33	194.8886465637172
8	34	119.56300467882421
8	35	128.38823206413312
8	36	222.4995187960849
8	37	182.49088642407068
8	38	258.6841774039302
8	39	397.0938945535074
8	40	240.58257404632587
8	41	437.6850986044422
8	42	228.05906085826413
8	43	352.2834123501553
8	44	222.16434894373683
8	45	161.52616140979077
8	46	100.77016823288899
8	47	239.11494570491192
8	48	162.64404047928787
8	49	120.59734250563353
8	50	306.6501628691045
8	51	236.04722273280382
8	52	330.918336293819
8	53	231.46542558729604
8	54	444.06963593274094
8	55	168.07872188455238
8	56	99.81668908122012
8	57	192.40470407985907
8	58	166.89387801695847
8	59	372.0589727983127
8	60	326.1734217179576
8	61	151.08995357300688
8	62	89.43632586271147
8	63	785.5856542691121
9	10	4361.008135254568
9	11	1840.6081639040797
9	12	1622.5896494095555
9	13	1781.4576954473225
9	14	1523.140545102636
9	15	841.9174719147974
9	16	839.2270762067905
9	17	1028.5791886505906
9	18	1009.6047178752174
9	19	445.22739960873014
9	20	606.634326903955
9	21	588.7144884523028
9	22	670.4334728565182
9	23	1070.6402139142056
9	24	640.3721836537454
9	25	796.8943434583074
9	26	693.122842703489
9	27	674.4850339316189
9	29	599.9408716762443
9	30	385.60151432483326
9	31	240.45699238441586
9	32	235.22588079995106
9	33	277.7709861067883
9	34	99.40631059485817
9	35	249.06869130917775
9	36	215.82065222216062
9	37	126.43784048789922
9	38	330.8823822998901
9	39	486.5357700576822
9	40	311.1478671948656
9	41	557.9759404364552
9	42	303.37825515237716
9	43	180.24198602783642
9	44	246.2806209276306
9	45	149.2167229545551
9	46	111.70892054180489
9	47	294.52358921205797
9	48	120.1995293720203
9	49	167.11045525373268
9	50	185.42045245830352
9	51	285.4587288076874
9	52	298.0575130644776
9	53	299.3565672257339
9	54	362.7282535124412
9	55	292.7947286771062
9	56	138.3149247546958
9	57	159.96789161540426
9	58	277.51568671429413
9	59	335.11280573805004
9	60	289.2640271500347
9	61	167.49099375665617
9	63	124.40887866836023
10	11	5599.237101531847
10	12	3273.117778697481
10	13	2935.1068680556564
10	14	1872.7662997847558
10	15	1056.7395740595255
10	16	606.5695867922104
10	17	843.1213378429985
10	18	835.5254419724013
10	19	603.7787732747428
10	20	731.5388930094643
10	21	637.302353571157
10	22	794.8863309514398
10	23	1032.1755730284508
10	24	635.9485952880694
10	25	782.2721342676076
10	26	716.6430048874855
10	27	1066.2533134356263
10	29	737.6529040286637
10	30	462.26067936280543
10	31	126.70805724388241
10	32	154.9394242713159
10	33	56.921880202429534
10	34	122.22430101185589
10	35	196.86894743494798
10	36	56.86300756947727
10	37	233.19108086707337
10	38	203.41700467371356
10	39	256.3784965966357
10	40	245.9375876964148
10	41	447.4273240617857
10	42	396.33004324446625
10	43	138.5095084973187
10	44	277.5781556025505
10	45	27.52024929795091
10	46	128.7664546424423
10	47	108.63879649349559
10	48	27.7107095330547
10	49	184.9224925122136
10	50	284.97794882690306
10	51	307.1107278203327
10	52	190.28480114286916
10	53	276.0537557690515
10	54	334.49240026243245
10	55	417.2769160402422
10	56	306.1153845633639
10	57	319.6169426523532
10	58	234.5869485552164
10	59	380.3404573816035
10	60	266.74684922958147
10	61	102.96866222669821
10	63	114.72451907667639
11	12	7850.735544298725
11	13	2922.6053446653314
11	14	1879.8978609652186
11	15	1059.0984271267205
11	16	852.7542086791603
11	17	781.2295145639018
11	18	862.6702143050958
11	19	827.995769566363
11	20	637.9652801409085
11	21	656.1325372014247
11	22	634.2387662595403
11	23	582.1599686039639
11	24	484.03902651262666
11	25	636.9868694557945
11	26	681.9826096710773
11	27	658.6545503154146
11	29	427.1895650314129
11	30	362.43059151799173
11	31	205.46168364583738
11	32	114.85250891167031
11	33	131.85840175856572
11	34	113.25206356618757
11	35	152.01433187816218
11	36	184.41083426768247
11	37	172.85839817313618
11	38	395.81760943909234
11	39	534.5061128980071
11	40	436.77730133863406
11	41	269.47868600726616
11	42	194.41919675648296
11	43	256.6836141584992
11	44	280.5836809505216
11	45	127.50021873909263
11	46	71.5883825996793
11	47	176.16172579971257
11	48	154.0591361057038
11	49	199.90565968199883
11	50	184.84080789026453
11	51	223.58784931315938
11	52	293.86063459155065
11	53	274.05986871110525
11	54	221.3842808632228
11	55	227.43850940617693
11	56	283.6440765392082
11	57	205.03004725288636
11	58	296.4087239938433
11	59	286.3416056046556
11	60	401.6439461855461
11	61	190.81988415204214
12	13	5817.755873625016
12	14	2158.7183451390147
12	15	1245.232459765798
12	16	817.5239686237406
12	17	842.573484227324
12	18	742.2066880978983
12	19	471.98228397018386
12	20	668.9470344474915
12	21	649.992935799338
12	22	823.790924510774
12	23	1096.2853727565814
12	24	585.0960465349955
12	25	610.6707280698299
12	26	516.163845692279
12	27	552.512836512389
12	29	982.8981106292779
12	30	442.2184125890621
12	31	140.69524816068855
12	32	110.10755260568777
12	33	101.12869833291333
12	34	27.14330680491908
12	35	87.44045490708011
12	36	75.7680779123807
12	37	124.2877627393924
12	38	180.69762302541398
12	39	227.74391454711977
12	40	200.2633757958314
12	41	635.9275936779861
12	42	269.22575917826913
12	43	172.25538537863173
12	44	112.0799141412931
12	45	122.23274158380048
12	46	45.75387847563943
12	47	193.0101401916191
12	48	73.8472088850553
12	49	109.51249264039527
12	50	253.1491310192018
12	51	253.3235051362285
12	52	281.72023048198423
12	53	350.3166707418751
12	54	509.3715043518966
12	55	305.2591277876498
12	56	249.26527445398727
12	57	109.19974635085086
12	58	227.33043956427233
12	59	211.16295285727836
12	60	562.7663183627137
12	61	365.8729031098647
12	62	121.82351751283394
12	63	203.82217242006305
13	14	4476.3324066737705
13	15	1032.025537236427
13	16	1174.997962800493
13	17	1556.8585590153803
13	18	1092.7102867295926
13	19	527.615866661847
13	20	604.3422935948463
13	21	785.7645961108171
13	22	1217.416316821671
13	23	1400.5793418229464
13	24	708.8363103698076
13	25	542.5344518269261
13	26	725.3779727081268
13	27	1016.7930134705275
13	29	1342.9221149984978
13	30	517.8838371690484
13	31	98.8612770268595
13	32	161.18427066071692
13	33	59.21612132105919
13	34	31.78764040892839
13	35	34.133961124142964
13	36	118.30975164347302
13	37	121.29493339385675
13	38	359.7467647584598
13	39	355.61580431723377
13	40	191.8875919766872
13	41	884.375747227173
13	42	436.5573444214336
13	43	115.27371661131363
13	44	157.5087088714479
13	45	114.51782094462152
13	46	107.16511785025816
13	47	56.50874611357376
13	49	32.06263482704533
13	50	177.87840526223764
13	51	251.02695456383145
13	52	197.95424588854038
13	53	205.1286609776225
13	54	695.94828858331
13	55	459.6303143300434
13	56	132.6889127555351
13	57	153.4611369806112
13	58	177.48508730123018
13	59	469.85825701261183
13	60	520.3089434748789
13	61	53.55941136342756
13	62	47.556010718474845
13	63	119.34850036550056
14	15	3014.3364335859997
14	16	2059.7356302905587
14	17	2499.735235195583
14	18	1440.8288306863776
14	19	1278.6560453355103
14	20	1139.1329336124454
14	21	999.741336678972
14	22	1005.3490769948692
14	23	879.1103018084641
14	24	865.7896339009006
14	25	928.7344265557733
14	26	328.1459319143323
14	27	470.43004595627235
14	29	488.17774139972056
14	30	602.4340124877957
14	31	234.79464124792773
14	32	131.24955051387454
14	33	150.68330789011713
14	34	355.9066936489127
14	36	240.84393689536336
14	37	197.53671276106687
14	38	258.47253424233577
14	39	248.8507394219327
14	40	303.82086679468557
14	41	284.26255347978054
14	42	320.9204004873968
14	43	117.33173024017975
14	44	160.32075552919164
14	45	320.5464332359715
14	46	327.23509925061677
14	47	287.5880621410405
14	48	146.71129490359536
14	49	195.81034762682648
14	50	181.05411775830453
14	51	394.8769402470992
14	52	223.87597548275468
14	53	480.21902364502256
14	54	480.68184575154237
14	55	311.8908145269759
14	56	189.08098259472678
14	57	260.33486869161317
14	58	361.3075555653394
14	59	302.0505895389627
14	60	317.75889799681715
14	61	272.57811193448265
14	62	290.43024819266805
14	63	242.95852447739205
15	16	9469.311310933519
15	17	3648.633874618153
15	18	1760.506459421015
15	19	1187.387742546828
15	20	881.5196285174017
15	21	1015.4172583861258
15	22	678.4803507935148
15	23	505.6289342382229
15	24	581.5907380401804
15	25	388.4878091147912
15	26	317.4202407212565
15	27	182.0214775284005
15	29	566.6655513388339
15	30	400.63582184625017
15	31	292.01169299966733
15	32	349.1387965957006
15	33	116.60649049434002
15	34	438.1664274090337
15	35	168.03875889541933
15	36	349.4576634529456
15	37	286.6201199727485
15	38	354.2009065211988
15	39	218.83351811898982
15	40	377.8589034647552
15	41	297.8854913609275
15	42	191.0343883720904
15	43	283.74164079841734
15	44	206.77407158786127
15	45	169.12862031706456
15	46	158.26958964661506
15	47	278.1880347588783
15	48	255.44867093635452
15	49	347.25192766375227
15	50	233.51497429673768
15	51	224.6882923261139
15	52	216.55842452434896
15	53	222.1630359694553
15	54	244.72126631472617
15	55	251.4136948368118
15	56	261.2867593952008
15	57	176.27794239076923
15	58	393.1851963454685
15	59	121.74076825378873
15	60	273.22019079893954
15	61	263.668695817253
15	62	140.46866093424265
15	63	235.01724636656007
16	17	7244.867074047023
16	18	2347.7457475250358
16	19	1103.620851263494
16	20	1004.5709038330201
16	21	844.1283620547697
16	22	701.9024202100817
16	23	557.2627163461065
16	24	654.3139995294667
16	25	447.4265537144448
16	26	423.29979327470716
16	27	353.0720771555222
16	29	457.990328898742
16	30	423.8860072685488
16	31	251.74361326553168
16	32	215.48359233215115
16	33	113.09241186175014
16	34	151.77205299164265
16	35	65.18988248140607
16	36	169.46316554044526
16	37	208.48685513819444
16	38	303.11173300712437
16	39	403.2535366184662
16	40	305.39305427384954
16	41	200.01347253438425
16	42	301.0756683582443
16	43	330.2288889834406
16	44	200.54268306343087
16	45	164.0317233236296
16	46	127.91661897509591
16	47	296.7849494092945
16	48	82.58347135623393
16	49	61.234012332103866
16	50	283.0971451191913
16	51	196.12533324414213
16	52	189.0289553450315
16	53	156.70391436921363
16	54	237.3462928526898
16	55	243.83703688903333
16	56	152.04753877218369
16	57	293.08387177347265
16	58	254.2240543359985
16	59	165.30074666939962
16	60	132.49318376612766
16	61	153.4336310920668
16	62	136.23546672828635
16	63	227.93471536639274
17	18	4612.332768787705
17	19	1837.4820866329728
17	20	1593.9030918102642
17	21	1039.695404223643
17	22	773.645960021939
17	23	831.1303834869461
17	24	659.3768090787277
17	25	545.812460429996
17	26	542.9137776266873
17	27	889.5100050473643
17	30	320.37439564970396
17	31	285.4029382038123
17	32	310.21559247650845
17	33	227.93494780195311
17	34	122.35712160329567
17	35	65.69429467460306
17	36	170.77440102274153
17	37	186.75559084237264
17	38	407.27611401312663
17	39	320.8213774270401
17	40	369.3072704298682
17	41	201.56109358399684
17	42	233.3886666458974
17	43	138.66002614958867
17	44	126.30899932748636
17	45	247.9513988481049
17	46	128.90638456244704
17	47	244.70292100281318
17	48	166.44493580964792
17	49	154.269539119084
17	50	228.23010645314318
17	51	636.8492461321913
17	52	275.15450844545654
17	53	217.13508310105232
17	54	358.7741696045371
17	55	294.868495740071
17	56	127.68668281586217
17	57	172.28845250010303
17	58	234.84187312417032
17	59	309.36243944531583
17	60	100.138770681067
17	61	206.16111560627652
17	62	228.81600016518072
17	63	114.84918968923256
18	19	5339.5625468624785
18	20	2415.0544847857013
18	21	1311.3272101874368
18	22	1151.578623280391
18	23	1373.797557634302
18	24	875.540283715395
18	25	967.5638989923552
18	26	636.8429928988116
18	27	1007.4242077764713
18	29	313.62924962669234
18	30	282.2116095484607
18	31	502.81185796398046
18	32	316.2042317067842
18	33	96.80632437141334
18	34	103.93266427378101
18	35	111.60417936694024
18	36	225.64780099498543
18	37	290.82909733039565
18	38	276.75898922628096
18	39	581.359571284386
18	40	418.2629562655567
18	41	177.55126943690917
18	42	422.92298684101735
18	43	125.63273370855535
18	44	257.49472985001563
18	45	156.01113730169692
18	46	145.994324525037
18	47	92.38031610400334
18	48	188.5090180492254
18	49	244.60749658676696
18	50	613.9006482098305
18	51	223.84257634890253
18	52	239.71478775599192
18	53	268.2749393167204
18	54	216.71124193985344
18	55	361.7862238232797
18	56	375.9936390019217
18	57	390.25431256326004
18	58	193.43469930218862
18	59	215.6134076967456
18	60	75.60883418859488
18	61	291.86251051907465
18	62	103.65921749501341
18	63	260.14739188972686
19	20	7946.82789825336
19	21	2165.9637179691426
19	22	1165.0371981416545
19	23	720.6646324623287
19	24	1042.0856240078226
19	25	788.5356824869182
19	26	688.7193234428987
19	27	509.5990202668962
19	29	211.52977015122715
19	30	571.0196702589035
19	31	508.6882531095097
19	32	284.3553167033813
19	33	261.167216614447
19	34	140.19644284584905
19	35	301.0893459395758
19	36	326.1213737677265
19	37	320.976039333827
19	38	279.9934896761237
19	39	294.0769793523173
19	40	517.1848279331415
19	41	307.9308390207022
19	42	240.67446497587667
19	43	95.32575877738445
19	44	376.2836821433038
19	45	347.23578931921134
19	46	59.08022790652963
19	47	342.6865600188882
19	48	222.4974911842112
19	49	282.8185604965279
19	50	457.6344649794958
19	51	377.4310653542438
19	52	291.0196202338116
19	53	180.94019074606916
19	54	164.43297032307674
19	55	309.7045288088759
19	56	234.08486234397233
19	57	535.8206832602872
19	58	464.77653536936975
19	59	272.66661965861715
19	60	229.4774387707347
19	61	236.21882144989402
19	62	314.61206869557043
19	63	263.1877515125349
20	21	4824.050637286319
20	22	1940.4438638830247
20	23	1008.9009381759053
20	24	1299.7269137345445
20	25	799.3886253586383
20	26	455.22812101020213
20	27	453.9931039627924
20	29	376.89655243526784
20	30	399.70206326950404
20	31	420.81159434352645
20	32	348.32506170725867
20	33	465.3388668683751
20	34	249.7972551783725
20	35	167.6471123581194
20	36	145.26799391007188
20	37	214.46407263282418
20	38	270.2282267293235
20	39	349.3175754543559
20	40	397.9214659100796
20	41	411.4955244801819
20	42	309.70736243279515
20	43	254.77229386520753
20	44	232.078663101984
20	45	337.46886729763423
20	46	105.26714135387034
20	47	305.2936306428243
20	48	339.8043984590649
20	49	251.95824762547775
20	50	174.72804216671582
20	51	246.58107451181922
20	52	302.47517104846224
20	53	161.19653994900733
20	54	463.88670334120553
20	55	225.74495432698274
20	56	104.2711122075783
20	57	351.7341857140908
20	58	348.68338033741264
20	59	388.66248978587123
20	60	545.1667975467917
20	61	263.0541653815965
20	62	140.141271794882
20	63	117.23474681288121
21	22	5099.095042442879
21	23	1509.281866657035
21	24	1578.6251917048291
21	25	1142.7092277358754
21	26	868.5293355945304
21	27	996.0990047922277
21	29	413.47134737663384
21	30	597.9408416933043
21	31	177.55692028722748
21	32	347.38838369831217
21	33	255.2481404082737
21	34	308.2928402435872
21	35	220.69910796252958
21	36	446.2222532864359
21	37	235.2760949985181
21	38	433.2755821351259
21	39	574.8240770002446
21	40	505.4633858283605
21	41	501.58652537687266
21	42	496.57520745978576
21	43	434.77141027233546
21	44	367.75561411616843
21	45	308.51460070771947
21	46	173.22371280198985
21	47	304.4726680951029
21	48	186.38984831190092
21	49	552.8175593819169
21	50	255.5786675940704
21	51	344.28519357054535
21	52	379.23196155032986
21	53	375.783670707113
21	54	321.4125451184401
21	55	302.68540622840686
21	56	285.97447348853285
21	57	358.30523326383786
21	58	406.4278321954276
21	59	319.7843061076856
21	60	224.27657755511504
21	61	461.73034798261307
21	62	153.74086098083077
22	23	5176.8139192462795
22	24	2072.179447798905
22	25	1441.8365891351232
22	26	853.0894296212375
22	27	745.4409782861392
22	29	773.5638832056068
22	30	596.6336061572077
22	31	365.4105267046027
22	32	227.47522427543205
22	33	119.38598885267783
22	34	128.17451730542925
22	35	240.8619163115295
22	36	268.34065070010803
22	37	268.99781288081283
22	38	533.2997646523744
22	39	515.3144429711859
22	40	429.8508470258013
22	41	516.1302531306611
22	42	586.7639767901816
22	43	319.5555739991084
22	44	344.01714016138146
22	45	259.7400988689642
22	46	108.02812882407444
22	47	142.4095411665094
22	48	87.17923005129023
22	49	290.88754470811864
22	50	358.62175424544915
22	51	368.07054357612685
22	52	155.20430365950017
22	53	413.56116352270885
22	54	350.77641345490713
22	55	592.0350283804027
22	56	454.7753956134813
22	57	232.04546135611523
22	58	402.55738140250867
22	59	448.71354059427205
22	60	489.53243855328947
22	61	269.9536522040046
22	62	239.69491917290372
22	63	601.5481264369895
23	24	4913.572456182485
23	25	2021.022986413222
23	26	1093.992531855383
23	27	2177.932067344027
23	29	1080.916385528497
23	30	757.8983162495381
23	31	236.30865399695355
23	32	132.09587942379272
23	33	60.66198015093992
23	34	130.25515136844072
23	35	69.93479566009094
23	36	181.797717726574
23	37	74.55392900916976
23	38	303.49576574765496
23	39	432.6047633337159
23	40	371.30425824043715
23	41	1001.3344156038279
23	42	546.5980773922228
23	43	147.61039209000296
23	44	188.24696638349866
23	45	175.97094235723753
23	46	109.78173015856716
23	47	86.83274989872632
23	48	177.1887898661727
23	49	131.38198680185133
23	50	242.9621314505392
23	51	257.15618982438366
23	52	315.44741484031806
23	53	504.3293136940302
23	54	687.4788298534189
23	55	653.9624210114382
23	56	353.414699103319
23	57	183.40949971179208
23	58	318.1826849653979
23	59	987.9944260614504
23	60	923.8894437634891
23	61	329.20291399114075
23	62	97.4343376061702
24	25	5395.503231979421
24	26	1838.6090586058035
24	27	1821.1190190351247
24	29	596.7863775359375
24	30	690.4332329850862
24	31	273.36304857098276
24	32	167.13504367412568
24	33	214.90813861199373
24	34	263.68968367772464
24	35	353.941551484461
24	36	214.68586542077162
24	37	301.85527022653605
24	38	438.85679994094346
24	39	714.4430660813554
24	40	464.26777364519114
24	41	868.7615450978191
24	42	578.4175886676769
24	43	388.4709229960247
24	44	136.1031529750277
24	45	148.43214017245404
24	46	138.9019426246264
24	47	146.48749085359762
24	48	149.45939904675154
24	49	99.73907224618137
24	50	461.113775406273
24	51	378.6103792199181
24	52	433.3320122314032
24	53	340.32291186502647
24	54	618.5503291029404
24	55	264.77746503222863
24	56	495.31558938861457
24	57	503.90146714435997
24	58	644.131849441643
24	59	487.2049858497161
24	60	359.678843083316
24	61	333.2206494104981
24	62	147.93520290444704
24	63	247.509471479599
25	26	3532.658669206327
25	27	3001.1377048147106
25	29	1038.1200768386368
25	30	720.6122269457452
25	31	356.6397621529118
25	32	139.552443618006
25	33	160.21558737671478
25	34	275.2156198450673
25	35	258.5886921531645
25	36	192.059857306573
25	37	446.3200299129172
25	38	618.3530964180185
25	39	553.2401713652607
25	40	599.9326961778172
25	41	629.6772987647292
25	42	393.7176217091213
25	43	280.6968984722994
25	44	369.33585730317213
25	45	154.92014284646334
25	46	202.96272946869863
25	47	214.04668944778305
25	48	124.79384275221156
25	49	242.89694292309676
25	50	224.59227635376243
25	51	419.85699550307163
25	52	428.46920833321224
25	53	510.5978493574461
25	54	457.29100767510835
25	55	607.9720864150504
25	56	344.6439644541113
25	57	470.5663661513226
25	58	552.2357494872017
25	59	669.0800352805405
25	60	863.4211207527621
25	61	869.4644998395999
25	62	154.40148433722166
25	63	387.4922503265374
26	27	8827.660969680535
26	29	4919.634125825694
26	30	948.6026665638988
26	31	320.5381073666458
26	32	171.03536793366868
26	33	235.63212130367523
26	34	140.54335530585496
26	35	120.73375348537584
26	36	261.5426821159359
26	37	193.06217172868506
26	38	542.6602308487135
26	39	314.4583095541521
26	40	584.4509905261305
26	41	329.27232628445
26	42	364.5857894049322
26	43	509.6620794344912
26	44	348.19826432396496
26	45	177.21200777372155
26	46	189.52454527190756
26	47	199.87463506596492
26	48	178.43844436222693
26	49	226.81471014872204
26	50	262.15249690765273
26	51	544.8456125739144
26	52	233.39179258616446
26	53	417.19222187198267
26	54	681.3380691579347
26	55	225.7970070030569
26	56	539.7274283021644
26	57	407.10054894635
26	58	549.3029540922727
26	59	656.019182721148
26	60	337.3997362831249
26	61	615.6886808648368
26	62	126.15622723840258
26	63	316.60680332935067
27	29	3502.0740671719172
27	30	1050.4185652655128
27	31	534.7182170814251
27	32	261.54274480751064
27	33	240.21492363489872
27	35	138.46713837160078
27	37	295.22554850761605
27	38	515.0616958185115
27	39	360.6459751655826
27	40	345.958816055435
27	41	944.0896901107776
27	42	295.1549533385666
27	46	108.68096401127231
27	48	116.94142833439774
27	50	360.78897589979505
27	51	555.4422991786353
27	52	178.4482671215819
27	53	416.0603948113093
27	54	403.3099704856039
27	55	621.5090214957526
27	56	430.61053420847014
27	57	207.50911789068437
27	58	179.99560652259436
27	59	1203.8005455934258
27	60	703.5582559560156
27	61	434.5360561810514
29	30	2335.8154664964595
29	31	832.3369236646588
29	32	407.11476936037326
29	33	498.5548005649648
29	34	669.0695190326522
29	35	143.69102366965845
29	36	249.01957997089164
29	37	102.12112846744158
29	38	712.6575849987274
29	39	561.3778470832455
29	40	897.526608319511
29	41	2645.2086908780216
29	42	918.8703807665448
29	43	242.6293022635774
29	44	110.50864920282437
29	46	112.78112016928857
29	47	356.8205670219638
29	48	242.70644637237564
29	50	374.4002937118685
29	51	576.3972123423033
29	52	277.7707527900612
29	53	1036.2165881420585
29	54	1464.839103261173
29	55	1182.4200724420823
29	56	558.5699718270109
29	57	430.6754356471291
29	58	560.3586510438902
29	59	1353.3170826788746
29	60	1314.181927619938
29	61	225.4647978875164
29	63	502.41189789214496
30	31	5349.700167908705
30	32	1046.6636229070032
30	33	865.1809484899569
30	34	825.6628698989465
30	35	720.3681824579897
30	36	384.1271631927436
30	37	1102.6943973392679
30	38	858.8403987316219
30	39	1010.2842510963744
30	40	1003.7530130701246
30	41	1246.7852278684193
30	42	905.5680897305554
30	43	842.1070246479542
30	44	340.93201772731993
30	45	418.2924967623432
30	46	130.47857047242843
30	47	183.47214864924092
30	48	187.19439400008253
30	49	624.604250596984
30	50	385.0227968389236
30	51	407.5161624550582
30	52	571.3033558760382
30	53	799.2121312364247
30	54	524.5498567793884
30	55	580.3482450651599
30	56	861.6266188692503
30	57	747.3846034222576
30	58	468.2089535682151
30	59	883.2027726857868
30	60	1069.9121353408893
30	61	782.5332238958125
30	62	386.01119595578274
30	63	581.2496464559662
31	32	5314.747373290793
31	33	2140.9429104268643
31	34	2068.692432702165
31	35	1382.1966669950468
31	36	1497.1100171311232
31	37	1613.8219131734281
31	38	642.6764570545721
31	39	514.2877433398966
31	40	524.1775605169402
31	41	168.28614128253233
31	42	771.6433098517641
31	43	1000.2456391879037
31	44	835.2204561243998
31	45	703.8613630523905
31	46	658.669413193155
31	47	735.5010561513951
31	48	958.8735149677383
31	49	788.266827512493
31	50	428.7430541641917
31	51	165.01476186177177
31	52	445.32335062880117
31	53	148.32742930402398
31	54	251.61822848675087
31	55	221.5708022137812
31	56	422.16520608309634
31	57	480.8566582764838
31	58	481.2694130672392
31	59	178.81682818712025
31	60	200.65738296269421
31	61	1084.3986082292838
31	62	550.1999210998987
31	63	172.60051487818433
32	33	8335.580528891634
32	34	2608.309350752053
32	35	2221.3517506829185
32	36	1799.2927092132331
32	37	1166.8751370466173
32	38	688.5708365966731
32	39	597.4306304303027
32	40	452.4477738591681
32	41	428.02525343304785
32	42	548.986404969412
32	43	570.7831624170663
32	44	705.634384800949
32	45	567.0403099110905
32	46	644.340143067294
32	47	519.6391223903937
32	48	938.013342417905
32	49	1043.277540299719
32	50	251.6494818121315
32	51	225.9948411010687
32	52	373.40176904871237
32	53	203.1408186655003
32	54	140.6538889239185
32	55	252.8756502043799
32	56	600.6997166482336
32	57	398.02711574040234
32	58	282.47967456055534
32	59	349.8533812230954
32	60	196.29210686875516
32	61	378.8598761018538
32	62	807.3455866695012
32	63	844.2280620785742
33	34	7888.996797405158
33	35	3060.313381372199
33	36	2036.8851500662915
33	37	1229.3268975299459
33	38	467.4412320309594
33	39	317.67561341460436
33	40	470.95935260318817
33	41	181.44065245146743
33	42	378.1639807389351
33	43	786.3569330115653
33	44	682.2027061166123
33	45	818.4005001764987
33	46	591.7966425557155
33	47	513.9771735018138
33	48	749.1494815183628
33	49	666.5754466823615
33	50	231.1284188012346
33	51	237.2180765303944
33	52	428.69033464890333
33	53	133.26818112821675
33	54	193.77614476571478
33	55	33.17922825726629
33	56	241.37528090270933
33	57	365.56951056936487
33	58	288.2716955457288
33	59	96.39724854437765
33	60	45.07130707863754
33	61	417.5583441543894
33	62	741.5096090377938
33	63	310.153783255587
34	35	9475.850855986098
34	36	2847.0041010569216
34	37	1387.506298890573
34	38	413.2895857823375
34	39	341.06111446109105
34	40	505.6287448010105
34	41	129.86486533330702
34	42	101.50057422847672
34	43	482.4252172646364
34	44	476.0747237665512
34	45	758.8311247387535
34	46	747.4839998497264
34	47	433.5675904685389
34	48	804.2976743422108
34	49	447.278125699989
34	50	206.78566639270124
34	51	254.68074392660702
34	52	245.46566307685234
34	53	257.54155001267907
34	54	104.02043011641841
34	55	142.48678952404515
34	56	111.06170503817147
34	57	214.08037763190418
34	58	185.69558681628675
34	59	68.99564971563063
34	60	96.77840900173733
34	61	448.29665292550516
34	62	663.4128309999599
34	63	832.4639231389232
35	36	6025.683386828683
35	37	2398.410077023666
35	38	760.7922255833857
35	39	466.1180869811168
35	40	415.19736093381937
35	41	174.31312169027848
35	42	435.97028407550596
35	43	733.881727281429
35	44	511.21492203203815
35	45	600.4100714976718
35	46	601.9931677113462
35	47	550.2193709585187
35	48	1036.397739312094
35	49	768.4684466247111
35	50	399.68820750379655
35	51	273.4793303442536
35	52	395.37609396243323
35	53	92.18376642508083
35	54	186.1640390223689
35	55	38.25101888461567
35	56	238.51886289041886
35	57	421.4506179590267
35	58	132.93481071615946
35	59	222.26514407781374
35	60	155.8827774580663
35	61	641.8486483504629
35	62	712.380896829554
35	63	357.5640195261709
36	37	8124.059069491728
36	38	1373.4052095880643
36	39	865.491956822813
36	40	802.5703141853543
36	41	271.87949055083175
36	42	472.2160710165623
36	43	897.764145228271
36	44	545.1976990760897
36	45	891.8771482003392
36	46	452.08231412653305
36	47	476.7708975435353
36	48	972.8870556060464
36	49	541.0323971222958
36	50	615.7049851982871
36	51	266.59431992693845
36	52	485.34654650180454
36	53	106.50427660241444
36	54	129.0504851843407
36	55	33.144911953577555
36	56	310.0186716705992
36	57	298.792974056055
36	58	259.17619011922864
36	59	160.49591282415287
36	60	315.1728380236977
36	61	556.1686343904203
36	62	740.7426873741985
36	63	619.6660005691399
37	38	3965.09373532798
37	39	1372.4036984266727
37	40	1361.9101260801613
37	41	421.20640254904976
37	42	722.9689411741881
37	43	1073.8191974918193
37	44	726.64030631816
37	45	640.0666424241736
37	46	513.4034406293772
37	47	661.7610030944911
37	48	491.0448543297097
37	49	750.9563685010258
37	50	568.1163616622947
37	51	340.13280683443605
37	52	491.7387373495294
37	53	414.9280176597315
37	54	158.76801146915162
37	55	217.47981822453107
37	56	367.2829759085793
37	57	435.6723105662006
37	58	307.0492557067024
37	59	157.96371097167514
37	60	517.0004043056821
37	61	513.1816513371498
37	62	506.28869657191973
37	63	1016.4821779618017
38	39	7492.65663673524
38	40	2514.6424294572485
38	41	1383.2520937160498
38	42	1103.6541701884503
38	43	990.2393110880191
38	44	609.4828147131929
38	45	584.930005041634
38	46	398.090278366537
38	47	262.39394545725276
38	48	508.6629460901125
38	49	655.0734897444795
38	50	578.1751294253872
38	51	529.8291097656553
38	52	449.37936622919915
38	53	552.4493637112303
38	54	392.4063223070136
38	55	450.5654588489148
38	56	517.5496993644252
38	57	736.3376204330053
38	58	494.4828776401545
38	59	505.2473890341982
38	60	483.2027816036554
38	61	547.1376681885417
38	62	309.1516658424465
38	63	665.0225187945766
39	40	4866.329043575579
39	41	1952.2386605918643
39	42	1561.327321967899
39	43	1011.9383043982642
39	44	896.1951631638103
39	45	530.5763838014941
39	46	261.3212246178509
39	47	578.7435980608823
39	48	224.94667793146107
39	49	469.10676713961686
39	50	636.1739589837376
39	51	667.7750015672519
39	52	579.2516855289988
39	53	600.24538543365
39	54	606.0942706636041
39	55	597.7624511739394
39	56	414.1577990457762
39	57	573.7942968658263
39	58	627.5540108411803
39	59	482.4190934018021
39	60	473.6737282240127
39	61	522.4166687096459
39	62	324.7017927374243
40	41	3353.501391894691
40	42	2700.475850172957
40	43	1510.0206066815576
40	44	884.260783015857
40	45	428.60537148841297
40	46	601.6296603611721
40	47	555.1745028982909
40	48	296.70549827553276
40	49	480.00275931161974
40	50	610.2660359769189
40	51	747.3434956044304
40	52	637.982180003926
40	53	594.993993444973
40	54	534.8984241525711
40	55	406.17166489995174
40	56	645.5985134656543
40	57	741.8795460333127
40	58	705.7897405898727
40	59	532.1886902164698
40	60	681.575340488905
40	61	902.0546362692847
40	62	667.4538121785715
40	63	335.013851428048
41	42	5573.4575622378525
41	43	559.23879599804
41	44	616.6724460005886
41	45	263.16551581585014
41	46	246.26877532159398
41	47	288.57523748837764
41	48	176.65787565939712
41	49	130.98832440729356
41	50	666.1438830888212
41	51	722.5414272857065
41	52	494.217795711656
41	53	921.833333652801
41	54	1320.066075284241
41	55	1095.3649404247126
41	56	758.9200893888205
41	57	391.842742010327
41	58	793.0732700421439
41	59	1818.5244539176244
41	60	2019.381039492534
41	61	273.5137640972395
41	62	145.71358981671585
41	63	121.89625219301436
42	43	5030.4067811333825
42	44	1285.2869731287954
42	45	883.6901927799456
42	46	456.2494881280225
42	47	210.50996938632815
42	48	552.2933635794703
42	49	511.89327114988623
42	50	662.6439307462878
42	51	728.6817285299261
42	52	304.33690324106215
42	53	676.8259350417082
42	54	687.830201120446
42	55	489.2125811269729
42	56	762.6360811072597
42	57	653.3521970533574
42	58	1086.2221790816002
42	59	921.2346397423638
42	60	922.9942459003292
42	61	627.0720351948331
42	62	607.4011576611904
43	44	5810.076268431261
43	45	1810.3958782889824
43	46	1185.9106315199285
43	47	1000.5393416702875
43	48	1130.213587223618
43	49	1135.3968986532152
43	50	974.8454934196465
43	51	779.2591310144204
43	52	639.7946606991263
43	53	363.1991674346465
43	54	282.91235434788774
43	55	645.8871115126724
43	56	671.251223652765
43	57	1261.5435042274057
43	58	561.1672800922224
43	59	375.3055371712081
43	60	438.6927886839337
43	61	541.8963750507155
43	62	481.15595679999427
43	63	150.94107195501687
44	45	5870.925466544907
44	46	2530.9338086282623
44	47	1594.9799769352285
44	48	1693.7605876604184
44	49	1292.827952031695
44	50	1161.246382617393
44	51	552.1034324178975
44	52	658.8235882971288
44	53	283.58357386257325
44	54	257.7121710372109
44	55	264.75986374455425
44	56	733.7520931852368
44	57	648.2511893487432
44	58	485.62268155773273
44	59	256.4066307998989
44	60	239.76995543520866
44	61	925.5513841915918
44	62	383.5102153994057
44	63	824.9767269840336
45	46	7708.363394282878
45	47	3620.9213388798416
45	48	2281.824083161422
45	49	1289.0875988883786
45	50	968.4530432960061
45	51	573.4438655996651
45	52	497.42551746513385
45	53	438.1355671072583
45	54	156.142880762875
45	55	224.5781203763506
45	56	366.76725913279284
45	57	449.8921757694513
45	58	390.24123792985074
45	59	155.35187887582697
45	60	305.0712737542044
45	61	336.46434044640057
45	62	1015.7517543475236
45	63	749.7564561765433
46	47	9401.25265429303
46	48	3084.348000251599
46	49	1583.2959935891813
46	50	1254.8392407412466
46	51	375.63782869276207
46	52	543.0692596260213
46	53	265.29718629752125
46	54	263.0116967363123
46	55	240.18161453659732
46	56	249.61359312311427
46	57	421.0065091928018
46	58	286.93146807458425
46	59	174.4528731406205
46	60	122.35026105208428
46	61	692.6950659527243
46	62	838.7070411199905
47	48	6648.553151450978
47	49	2425.1291839424443
47	50	1249.8466430371525
47	51	792.3034329849075
47	52	354.5451088213039
47	53	406.96040980121643
47	54	246.55553753826712
47	55	474.93399027323824
47	56	460.67909083988104
47	57	507.4263058166139
47	58	522.6745050947659
47	59	122.65325776196474
47	60	215.05318078035614
47	61	199.233738473809
47	62	471.73840842779236
47	63	147.98673911054314
48	49	7463.551905549848
48	50	1612.7570838298802
48	51	577.4125161842443
48	52	639.998083734655
48	53	311.41255439432894
48	54	157.22350359658404
48	55	290.7416122407066
48	56	470.0252538228617
48	57	420.6482042072599
48	58	280.6728517561865
48	59	218.9978383578522
48	60	175.53290851107175
48	61	474.3100873672645
48	62	1082.9451163038534
48	63	754.9453187254256
49	50	5130.934328672167
49	51	1316.5304147411052
49	52	1516.4837457709978
49	53	519.5390764846479
49	54	279.7874916134723
49	55	359.29860170592053
49	56	597.4533239704558
49	57	1115.6506500826583
49	58	593.123116077165
49	59	278.3701203394349
49	60	97.6156376203001
49	61	678.2622911932355
49	62	736.0672064016424
49	63	503.79933390913845
50	51	4661.433151671702
50	52	2775.7872851002326
50	53	1467.8482876301005
50	54	840.7839714307224
50	55	930.2214002966599
50	56	1104.8587144050923
50	57	1064.85206007079
50	58	923.6639544207738
50	59	611.3064797282736
50	60	451.296710386749
50	61	487.7822260174003
50	62	123.7449680551237
50	63	931.6662273830086
51	52	7291.1853212830465
51	53	3389.675470374199
51	54	1518.4364000384924
51	55	1662.253848487725
51	56	1009.941129562628
51	57	1024.601491521499
51	58	822.0939211064316
51	59	520.0922572300096
51	60	660.0418366814347
51	61	214.55745935825345
51	62	333.38901623721074
51	63	478.1066551101958
52	53	5207.443475481469
52	54	1871.3542745590732
52	55	1626.7565562702634
52	56	1460.0978378727668
52	57	1209.722371505653
52	58	942.2519155258135
52	59	525.1440076372277
52	60	234.37459947755997
52	61	930.5736938670739
52	62	321.32604401690156
52	63	115.20184575862278
53	54	5571.405789704747
53	55	4114.676482672644
53	56	1672.2806918085896
53	57	920.9873321858864
53	58	878.7615824097408
53	59	1224.3975616827527
53	60	686.9722858971427
53	61	578.5801711107309
53	62	256.8639583446504
53	63	322.3181230219435
54	55	6517.651209575133
54	56	1592.0856197337832
54	57	1088.0550454144377
54	58	1088.989003434715
54	59	1834.261599034926
54	60	2156.671436962292
54	61	584.217947092138
54	62	155.62012863799194
54	63	390.55060967120335
55	56	3984.976346231926
55	57	1461.7518615049812
55	58	1616.0007444259872
55	59	1662.726548123311
55	60	1982.4239065247793
55	61	600.1946413580209
55	62	159.87589522175034
55	63	267.48736981976106
56	57	6731.942387831805
56	58	3048.868400558312
56	59	1180.8151304748483
56	60	1211.925928135503
56	61	1247.5288026669703
56	62	443.0780070278939
56	63	416.9874760686965
57	58	5702.623299251366
57	59	1165.8156285091404
57	60	895.499171108658
57	61	1863.651955862468
57	62	587.1721137788911
57	63	267.92564341868024
58	59	3611.5743677048126
58	60	2026.3446912291013
58	61	2763.7815008096622
58	62	509.31931004793114
58	63	581.0038515450366
59	60	9411.16661117548
59	61	1976.278444813161
59	62	51.61059165103773
59	63	259.0480834480355
60	61	3424.3273673195904
60	62	579.142710383948
60	63	545.0400454459545
61	62	5588.964808667296
61	63	2524.7328469701883
62	63	16190.337365368701
