65000000	0
65010000	1
65020000	2
65030000	3
65040000	4
65050000	5
65060000	6
65070000	7
65080000	8
65090000	9
65100000	10
65110000	11
65120000	12
65130000	13
65140000	14
65150000	15
65160000	16
65170000	17
65180000	18
65190000	19
65200000	20
65210000	21
65220000	22
65230000	23
65240000	24
65250000	25
65260000	26
65270000	27
65280000	28
65290000	29
65300000	30
65310000	31
65320000	32
65330000	33
65340000	34
65350000	35
65360000	36
65370000	37
65380000	38
65390000	39
65400000	40
65410000	41
65420000	42
65430000	43
65440000	44
65450000	45
65460000	46
65470000	47
65480000	48
65490000	49
65500000	50
65510000	51
65520000	52
65530000	53
65540000	54
65550000	55
65560000	56
65570000	57
65580000	58
65590000	59
65600000	60
65610000	61
65620000	62
65630000	63
65640000	64
65650000	65
65660000	66
65670000	67
65680000	68
65690000	69
65700000	70
65710000	71
65720000	72
65730000	73
65740000	74
65750000	75
65760000	76
65770000	77
65780000	78
65790000	79
65800000	80
65810000	81
65820000	82
65830000	83
65840000	84
65850000	85
65860000	86
65870000	87
65880000	88
65890000	89
65900000	90
65910000	91
65920000	92
65930000	93
65940000	94
65950000	95
65960000	96
65970000	97
65980000	98
65990000	99
66000000	100
66010000	101
66020000	102
66030000	103
66040000	104
66050000	105
66060000	106
66070000	107
66080000	108
66090000	109
66100000	110
66110000	111
66120000	112
66130000	113
66140000	114
66150000	115
66160000	116
66170000	117
66180000	118
66190000	119
66200000	120
66210000	121
66220000	122
66230000	123
66240000	124
66250000	125
66260000	126
66270000	127
66280000	128
66290000	129
66300000	130
66310000	131
66320000	132
66330000	133
66340000	134
66350000	135
66360000	136
66370000	137
66380000	138
66390000	139
66400000	140
66410000	141
66420000	142
66430000	143
66440000	144
66450000	145
66460000	146
66470000	147
66480000	148
66490000	149
66500000	150
66510000	151
66520000	152
66530000	153
66540000	154
66550000	155
66560000	156
66570000	157
66580000	158
66590000	159
66600000	160
66610000	161
66620000	162
66630000	163
66640000	164
66650000	165
66660000	166
66670000	167
66680000	168
66690000	169
66700000	170
66710000	171
66720000	172
66730000	173
66740000	174
66750000	175
66760000	176
66770000	177
66780000	178
66790000	179
66800000	180
66810000	181
66820000	182
66830000	183
66840000	184
66850000	185
66860000	186
66870000	187
66880000	188
66890000	189
66900000	190
66910000	191
66920000	192
66930000	193
66940000	194
66950000	195
66960000	196
66970000	197
66980000	198
66990000	199
67000000	200
67010000	201
67020000	202
67030000	203
67040000	204
67050000	205
67060000	206
67070000	207
67080000	208
67090000	209
67100000	210
67110000	211
67120000	212
67130000	213
67140000	214
67150000	215
67160000	216
67170000	217
67180000	218
67190000	219
67200000	220
67210000	221
67220000	222
67230000	223
67240000	224
67250000	225
67260000	226
67270000	227
67280000	228
67290000	229
67300000	230
67310000	231
67320000	232
67330000	233
67340000	234
67350000	235
67360000	236
67370000	237
67380000	238
67390000	239
67400000	240
67410000	241
67420000	242
67430000	243
67440000	244
67450000	245
67460000	246
67470000	247
67480000	248
67490000	249
67500000	250
67510000	251
67520000	252
67530000	253
67540000	254
67550000	255
67560000	256
67570000	257
67580000	258
67590000	259
67600000	260
67610000	261
67620000	262
67630000	263
67640000	264
67650000	265
67660000	266
67670000	267
67680000	268
67690000	269
67700000	270
67710000	271
67720000	272
67730000	273
67740000	274
67750000	275
67760000	276
67770000	277
67780000	278
67790000	279
67800000	280
67810000	281
67820000	282
67830000	283
67840000	284
67850000	285
67860000	286
67870000	287
67880000	288
67890000	289
67900000	290
67910000	291
67920000	292
67930000	293
67940000	294
67950000	295
67960000	296
67970000	297
67980000	298
67990000	299
68000000	300
68010000	301
68020000	302
68030000	303
68040000	304
68050000	305
68060000	306
68070000	307
68080000	308
68090000	309
68100000	310
68110000	311
68120000	312
68130000	313
68140000	314
68150000	315
68160000	316
68170000	317
68180000	318
68190000	319
68200000	320
68210000	321
68220000	322
68230000	323
68240000	324
68250000	325
68260000	326
68270000	327
68280000	328
68290000	329
68300000	330
68310000	331
68320000	332
68330000	333
68340000	334
68350000	335
68360000	336
68370000	337
68380000	338
68390000	339
68400000	340
68410000	341
68420000	342
68430000	343
68440000	344
68450000	345
68460000	346
68470000	347
68480000	348
68490000	349
68500000	350
68510000	351
68520000	352
68530000	353
68540000	354
68550000	355
68560000	356
68570000	357
68580000	358
68590000	359
68600000	360
68610000	361
68620000	362
68630000	363
68640000	364
68650000	365
68660000	366
68670000	367
68680000	368
68690000	369
68700000	370
68710000	371
68720000	372
68730000	373
68740000	374
68750000	375
68760000	376
68770000	377
68780000	378
68790000	379
68800000	380
68810000	381
68820000	382
68830000	383
68840000	384
68850000	385
68860000	386
68870000	387
68880000	388
68890000	389
68900000	390
68910000	391
68920000	392
68930000	393
68940000	394
68950000	395
68960000	396
68970000	397
68980000	398
68990000	399
69000000	400
69010000	401
69020000	402
69030000	403
69040000	404
69050000	405
69060000	406
69070000	407
69080000	408
69090000	409
69100000	410
69110000	411
69120000	412
69130000	413
69140000	414
69150000	415
69160000	416
69170000	417
69180000	418
69190000	419
69200000	420
69210000	421
69220000	422
69230000	423
69240000	424
69250000	425
69260000	426
69270000	427
69280000	428
69290000	429
69300000	430
69310000	431
69320000	432
69330000	433
69340000	434
69350000	435
69360000	436
69370000	437
69380000	438
69390000	439
69400000	440
69410000	441
69420000	442
69430000	443
69440000	444
69450000	445
69460000	446
69470000	447
69480000	448
69490000	449
69500000	450
69510000	451
69520000	452
69530000	453
69540000	454
69550000	455
69560000	456
69570000	457
69580000	458
69590000	459
69600000	460
69610000	461
69620000	462
69630000	463
69640000	464
69650000	465
69660000	466
69670000	467
69680000	468
69690000	469
69700000	470
69710000	471
69720000	472
69730000	473
69740000	474
69750000	475
69760000	476
69770000	477
69780000	478
69790000	479
69800000	480
69810000	481
69820000	482
69830000	483
69840000	484
69850000	485
69860000	486
69870000	487
69880000	488
69890000	489
69900000	490
69910000	491
69920000	492
69930000	493
69940000	494
69950000	495
69960000	496
69970000	497
69980000	498
69990000	499
70000000	500
70010000	501
70020000	502
70030000	503
70040000	504
70050000	505
70060000	506
70070000	507
70080000	508
70090000	509
70100000	510
70110000	511
70120000	512
70130000	513
70140000	514
70150000	515
70160000	516
70170000	517
70180000	518
70190000	519
70200000	520
70210000	521
70220000	522
70230000	523
70240000	524
70250000	525
70260000	526
70270000	527
70280000	528
70290000	529
70300000	530
70310000	531
70320000	532
70330000	533
70340000	534
70350000	535
70360000	536
70370000	537
70380000	538
70390000	539
70400000	540
70410000	541
70420000	542
70430000	543
70440000	544
70450000	545
70460000	546
70470000	547
70480000	548
70490000	549
70500000	550
70510000	551
70520000	552
70530000	553
70540000	554
70550000	555
70560000	556
70570000	557
70580000	558
70590000	559
70600000	560
70610000	561
70620000	562
70630000	563
70640000	564
70650000	565
70660000	566
70670000	567
70680000	568
70690000	569
70700000	570
70710000	571
70720000	572
70730000	573
70740000	574
70750000	575
70760000	576
70770000	577
70780000	578
70790000	579
70800000	580
70810000	581
70820000	582
70830000	583
70840000	584
70850000	585
70860000	586
70870000	587
70880000	588
70890000	589
70900000	590
70910000	591
70920000	592
70930000	593
70940000	594
70950000	595
70960000	596
70970000	597
70980000	598
70990000	599
71000000	600
71010000	601
71020000	602
71030000	603
71040000	604
71050000	605
71060000	606
71070000	607
71080000	608
71090000	609
71100000	610
71110000	611
71120000	612
71130000	613
71140000	614
71150000	615
71160000	616
71170000	617
71180000	618
71190000	619
71200000	620
71210000	621
71220000	622
71230000	623
71240000	624
71250000	625
71260000	626
71270000	627
71280000	628
71290000	629
71300000	630
71310000	631
71320000	632
71330000	633
71340000	634
71350000	635
71360000	636
71370000	637
71380000	638
71390000	639
71400000	640
71410000	641
71420000	642
71430000	643
71440000	644
71450000	645
71460000	646
71470000	647
71480000	648
71490000	649
71500000	650
71510000	651
71520000	652
71530000	653
71540000	654
71550000	655
71560000	656
71570000	657
71580000	658
71590000	659
71600000	660
71610000	661
71620000	662
71630000	663
71640000	664
71650000	665
71660000	666
71670000	667
71680000	668
71690000	669
71700000	670
71710000	671
71720000	672
71730000	673
71740000	674
71750000	675
71760000	676
71770000	677
71780000	678
71790000	679
71800000	680
71810000	681
71820000	682
71830000	683
71840000	684
71850000	685
71860000	686
71870000	687
71880000	688
71890000	689
71900000	690
71910000	691
71920000	692
71930000	693
71940000	694
71950000	695
71960000	696
71970000	697
71980000	698
71990000	699
72000000	700
72010000	701
72020000	702
72030000	703
72040000	704
72050000	705
72060000	706
72070000	707
72080000	708
72090000	709
72100000	710
72110000	711
72120000	712
72130000	713
72140000	714
72150000	715
72160000	716
72170000	717
72180000	718
72190000	719
72200000	720
72210000	721
72220000	722
72230000	723
72240000	724
72250000	725
72260000	726
72270000	727
72280000	728
72290000	729
72300000	730
72310000	731
72320000	732
72330000	733
72340000	734
72350000	735
72360000	736
72370000	737
72380000	738
72390000	739
72400000	740
72410000	741
72420000	742
72430000	743
72440000	744
72450000	745
72460000	746
72470000	747
72480000	748
72490000	749
72500000	750
72510000	751
72520000	752
72530000	753
72540000	754
72550000	755
72560000	756
72570000	757
72580000	758
72590000	759
72600000	760
72610000	761
72620000	762
72630000	763
72640000	764
72650000	765
72660000	766
72670000	767
72680000	768
72690000	769
72700000	770
72710000	771
72720000	772
72730000	773
72740000	774
72750000	775
72760000	776
72770000	777
72780000	778
72790000	779
72800000	780
72810000	781
72820000	782
72830000	783
72840000	784
72850000	785
72860000	786
72870000	787
72880000	788
72890000	789
72900000	790
72910000	791
72920000	792
72930000	793
72940000	794
72950000	795
72960000	796
72970000	797
72980000	798
72990000	799
73000000	800
73010000	801
73020000	802
73030000	803
73040000	804
73050000	805
73060000	806
73070000	807
73080000	808
73090000	809
73100000	810
73110000	811
73120000	812
73130000	813
73140000	814
73150000	815
73160000	816
73170000	817
73180000	818
73190000	819
73200000	820
73210000	821
73220000	822
73230000	823
73240000	824
73250000	825
73260000	826
73270000	827
73280000	828
73290000	829
73300000	830
73310000	831
73320000	832
73330000	833
73340000	834
73350000	835
73360000	836
73370000	837
73380000	838
73390000	839
73400000	840
73410000	841
73420000	842
73430000	843
73440000	844
73450000	845
73460000	846
73470000	847
73480000	848
73490000	849
73500000	850
73510000	851
73520000	852
73530000	853
73540000	854
73550000	855
73560000	856
73570000	857
73580000	858
73590000	859
73600000	860
73610000	861
73620000	862
73630000	863
73640000	864
73650000	865
73660000	866
73670000	867
73680000	868
73690000	869
73700000	870
73710000	871
73720000	872
73730000	873
73740000	874
73750000	875
73760000	876
73770000	877
73780000	878
73790000	879
73800000	880
73810000	881
73820000	882
73830000	883
73840000	884
73850000	885
73860000	886
73870000	887
73880000	888
73890000	889
73900000	890
73910000	891
73920000	892
73930000	893
73940000	894
73950000	895
73960000	896
73970000	897
73980000	898
73990000	899
74000000	900
74010000	901
74020000	902
74030000	903
74040000	904
74050000	905
74060000	906
74070000	907
74080000	908
74090000	909
74100000	910
74110000	911
74120000	912
74130000	913
74140000	914
74150000	915
74160000	916
74170000	917
74180000	918
74190000	919
74200000	920
74210000	921
74220000	922
74230000	923
74240000	924
74250000	925
74260000	926
74270000	927
74280000	928
74290000	929
74300000	930
74310000	931
74320000	932
74330000	933
74340000	934
74350000	935
74360000	936
74370000	937
74380000	938
74390000	939
74400000	940
74410000	941
74420000	942
74430000	943
74440000	944
74450000	945
74460000	946
74470000	947
74480000	948
74490000	949
74500000	950
74510000	951
74520000	952
74530000	953
74540000	954
74550000	955
74560000	956
74570000	957
74580000	958
74590000	959
74600000	960
74610000	961
74620000	962
74630000	963
74640000	964
74650000	965
74660000	966
74670000	967
74680000	968
74690000	969
74700000	970
74710000	971
74720000	972
74730000	973
74740000	974
74750000	975
74760000	976
74770000	977
74780000	978
74790000	979
74800000	980
74810000	981
74820000	982
74830000	983
74840000	984
74850000	985
74860000	986
74870000	987
74880000	988
74890000	989
74900000	990
74910000	991
74920000	992
74930000	993
74940000	994
74950000	995
74960000	996
74970000	997
74980000	998
74990000	999
75000000	1000
