60000000	0
60010000	1
60020000	2
60030000	3
60040000	4
60050000	5
60060000	6
60070000	7
60080000	8
60090000	9
60100000	10
60110000	11
60120000	12
60130000	13
60140000	14
60150000	15
60160000	16
60170000	17
60180000	18
60190000	19
60200000	20
60210000	21
60220000	22
60230000	23
60240000	24
60250000	25
60260000	26
60270000	27
60280000	28
60290000	29
60300000	30
60310000	31
60320000	32
60330000	33
60340000	34
60350000	35
60360000	36
60370000	37
60380000	38
60390000	39
60400000	40
60410000	41
60420000	42
60430000	43
60440000	44
60450000	45
60460000	46
60470000	47
60480000	48
60490000	49
60500000	50
60510000	51
60520000	52
60530000	53
60540000	54
60550000	55
60560000	56
60570000	57
60580000	58
60590000	59
60600000	60
60610000	61
60620000	62
60630000	63
60640000	64
60650000	65
60660000	66
60670000	67
60680000	68
60690000	69
60700000	70
60710000	71
60720000	72
60730000	73
60740000	74
60750000	75
60760000	76
60770000	77
60780000	78
60790000	79
60800000	80
60810000	81
60820000	82
60830000	83
60840000	84
60850000	85
60860000	86
60870000	87
60880000	88
60890000	89
60900000	90
60910000	91
60920000	92
60930000	93
60940000	94
60950000	95
60960000	96
60970000	97
60980000	98
60990000	99
61000000	100
61010000	101
61020000	102
61030000	103
61040000	104
61050000	105
61060000	106
61070000	107
61080000	108
61090000	109
61100000	110
61110000	111
61120000	112
61130000	113
61140000	114
61150000	115
61160000	116
61170000	117
61180000	118
61190000	119
61200000	120
61210000	121
61220000	122
61230000	123
61240000	124
61250000	125
61260000	126
61270000	127
61280000	128
61290000	129
61300000	130
61310000	131
61320000	132
61330000	133
61340000	134
61350000	135
61360000	136
61370000	137
61380000	138
61390000	139
61400000	140
61410000	141
61420000	142
61430000	143
61440000	144
61450000	145
61460000	146
61470000	147
61480000	148
61490000	149
61500000	150
61510000	151
61520000	152
61530000	153
61540000	154
61550000	155
61560000	156
61570000	157
61580000	158
61590000	159
61600000	160
61610000	161
61620000	162
61630000	163
61640000	164
61650000	165
61660000	166
61670000	167
61680000	168
61690000	169
61700000	170
61710000	171
61720000	172
61730000	173
61740000	174
61750000	175
61760000	176
61770000	177
61780000	178
61790000	179
61800000	180
61810000	181
61820000	182
61830000	183
61840000	184
61850000	185
61860000	186
61870000	187
61880000	188
61890000	189
61900000	190
61910000	191
61920000	192
61930000	193
61940000	194
61950000	195
61960000	196
61970000	197
61980000	198
61990000	199
62000000	200
62010000	201
62020000	202
62030000	203
62040000	204
62050000	205
62060000	206
62070000	207
62080000	208
62090000	209
62100000	210
62110000	211
62120000	212
62130000	213
62140000	214
62150000	215
62160000	216
62170000	217
62180000	218
62190000	219
62200000	220
62210000	221
62220000	222
62230000	223
62240000	224
62250000	225
62260000	226
62270000	227
62280000	228
62290000	229
62300000	230
62310000	231
62320000	232
62330000	233
62340000	234
62350000	235
62360000	236
62370000	237
62380000	238
62390000	239
62400000	240
62410000	241
62460000	242
62470000	243
62480000	244
62490000	245
62500000	246
62510000	247
62520000	248
62530000	249
62540000	250
62550000	251
62560000	252
62570000	253
62580000	254
62590000	255
62600000	256
62610000	257
62620000	258
62630000	259
62640000	260
62650000	261
62660000	262
62670000	263
62680000	264
62690000	265
62700000	266
62710000	267
62720000	268
62730000	269
62740000	270
62750000	271
62760000	272
62770000	273
62780000	274
62790000	275
62800000	276
62810000	277
62820000	278
62830000	279
62840000	280
62850000	281
62860000	282
62870000	283
62890000	284
62900000	285
62910000	286
62920000	287
62930000	288
62940000	289
62950000	290
62960000	291
62970000	292
62980000	293
62990000	294
63000000	295
63010000	296
63020000	297
63030000	298
63040000	299
63050000	300
63060000	301
63070000	302
63080000	303
63090000	304
63100000	305
63110000	306
63120000	307
63130000	308
63140000	309
63150000	310
63160000	311
63170000	312
63180000	313
63190000	314
63200000	315
63210000	316
63220000	317
63230000	318
63240000	319
63250000	320
63260000	321
63270000	322
63280000	323
63290000	324
63300000	325
63310000	326
63320000	327
63330000	328
63340000	329
63350000	330
63360000	331
63370000	332
63380000	333
63390000	334
63400000	335
63410000	336
63420000	337
63430000	338
63440000	339
63450000	340
63460000	341
63470000	342
63480000	343
63490000	344
63500000	345
63510000	346
63520000	347
63530000	348
63540000	349
63550000	350
63560000	351
63570000	352
63580000	353
63590000	354
63600000	355
63610000	356
63620000	357
63630000	358
63640000	359
63650000	360
63660000	361
63670000	362
63680000	363
63690000	364
63700000	365
63710000	366
63720000	367
63730000	368
63740000	369
63750000	370
63760000	371
63770000	372
63780000	373
63790000	374
63800000	375
63810000	376
63820000	377
63830000	378
63840000	379
63850000	380
63860000	381
63870000	382
63880000	383
63890000	384
63900000	385
63910000	386
63920000	387
63930000	388
63940000	389
63950000	390
63960000	391
63970000	392
63980000	393
63990000	394
64000000	395
64010000	396
64020000	397
64030000	398
64040000	399
64050000	400
64060000	401
64070000	402
64080000	403
64090000	404
64100000	405
64110000	406
64120000	407
64130000	408
64140000	409
64150000	410
64160000	411
64170000	412
64180000	413
64190000	414
64200000	415
64210000	416
64220000	417
64230000	418
64240000	419
64250000	420
64260000	421
64270000	422
64280000	423
64290000	424
64300000	425
64310000	426
64320000	427
64330000	428
64340000	429
64350000	430
64360000	431
64370000	432
64380000	433
64390000	434
64400000	435
64410000	436
64420000	437
64430000	438
64440000	439
64450000	440
64460000	441
64470000	442
64480000	443
64490000	444
64500000	445
64510000	446
64520000	447
64530000	448
64540000	449
64550000	450
64560000	451
64570000	452
64580000	453
64590000	454
64600000	455
64610000	456
64620000	457
64630000	458
64640000	459
64650000	460
64660000	461
64670000	462
64680000	463
64690000	464
64700000	465
64710000	466
64720000	467
64730000	468
64740000	469
64750000	470
64760000	471
64770000	472
64780000	473
64790000	474
64800000	475
64810000	476
64820000	477
64830000	478
64840000	479
64850000	480
64860000	481
64870000	482
64880000	483
64890000	484
64900000	485
64910000	486
64920000	487
64930000	488
64940000	489
64950000	490
64960000	491
64970000	492
64980000	493
64990000	494
65000000	495
65010000	496
65020000	497
65030000	498
65040000	499
65050000	500
65060000	501
65070000	502
65080000	503
65090000	504
65100000	505
65110000	506
65120000	507
65130000	508
65140000	509
65150000	510
65160000	511
65170000	512
65180000	513
65190000	514
65200000	515
65210000	516
65220000	517
65230000	518
65240000	519
65250000	520
65260000	521
65270000	522
65280000	523
65290000	524
65300000	525
65310000	526
65320000	527
65330000	528
65340000	529
65350000	530
65360000	531
65370000	532
65380000	533
65390000	534
65400000	535
65410000	536
65420000	537
65430000	538
65440000	539
65450000	540
65460000	541
65470000	542
65480000	543
65490000	544
65500000	545
65510000	546
65520000	547
65530000	548
65540000	549
65550000	550
65560000	551
65570000	552
65580000	553
65590000	554
65600000	555
65610000	556
65620000	557
65630000	558
65640000	559
65650000	560
65660000	561
65670000	562
65680000	563
65690000	564
65700000	565
65710000	566
65720000	567
65730000	568
65740000	569
65750000	570
65760000	571
65770000	572
65780000	573
65790000	574
65800000	575
65810000	576
65820000	577
65830000	578
65840000	579
65850000	580
65860000	581
65870000	582
65880000	583
65890000	584
65900000	585
65910000	586
65920000	587
65930000	588
65940000	589
65950000	590
65960000	591
65970000	592
65980000	593
65990000	594
66000000	595
66010000	596
66020000	597
66030000	598
66040000	599
66050000	600
66060000	601
66070000	602
66080000	603
66090000	604
66100000	605
66110000	606
66120000	607
66130000	608
66140000	609
66150000	610
66160000	611
66170000	612
66180000	613
66190000	614
66200000	615
66210000	616
66220000	617
66230000	618
66240000	619
66250000	620
66260000	621
66270000	622
66280000	623
66290000	624
66300000	625
66310000	626
66320000	627
66330000	628
66340000	629
66350000	630
66360000	631
66370000	632
66380000	633
66390000	634
66400000	635
66410000	636
66420000	637
66430000	638
66440000	639
66450000	640
66460000	641
66470000	642
66480000	643
66490000	644
66500000	645
66510000	646
66520000	647
66530000	648
66540000	649
66550000	650
66560000	651
66570000	652
66580000	653
66590000	654
66600000	655
66610000	656
66620000	657
66630000	658
66640000	659
66650000	660
66660000	661
66670000	662
66680000	663
66690000	664
66700000	665
66710000	666
66720000	667
66730000	668
66740000	669
66750000	670
66760000	671
66770000	672
66780000	673
66790000	674
66800000	675
66810000	676
66820000	677
66830000	678
66840000	679
66850000	680
66860000	681
66870000	682
66880000	683
66890000	684
66900000	685
66910000	686
66920000	687
66930000	688
66940000	689
66950000	690
66960000	691
66970000	692
66980000	693
66990000	694
67000000	695
67010000	696
67020000	697
67030000	698
67040000	699
67050000	700
67060000	701
67070000	702
67080000	703
67090000	704
67100000	705
67110000	706
67120000	707
67130000	708
67140000	709
67150000	710
67160000	711
67170000	712
67180000	713
67190000	714
67200000	715
67210000	716
67220000	717
67230000	718
67240000	719
67250000	720
67260000	721
67270000	722
67280000	723
67290000	724
67300000	725
67310000	726
67320000	727
67330000	728
67340000	729
67350000	730
67360000	731
67370000	732
67380000	733
67390000	734
67400000	735
67410000	736
67420000	737
67430000	738
67440000	739
67450000	740
67460000	741
67470000	742
67480000	743
67490000	744
67500000	745
67510000	746
67520000	747
67530000	748
67540000	749
67550000	750
67560000	751
67570000	752
67580000	753
67590000	754
67600000	755
67610000	756
67620000	757
67630000	758
67640000	759
67650000	760
67660000	761
67670000	762
67680000	763
67690000	764
67700000	765
67710000	766
67720000	767
67730000	768
67740000	769
67750000	770
67760000	771
67770000	772
67780000	773
67790000	774
67800000	775
67810000	776
67820000	777
67830000	778
67840000	779
67850000	780
67860000	781
67870000	782
67880000	783
67890000	784
67900000	785
67910000	786
67920000	787
67930000	788
67940000	789
67950000	790
67960000	791
67970000	792
67980000	793
67990000	794
68000000	795
68010000	796
68020000	797
68030000	798
68040000	799
68050000	800
68060000	801
68070000	802
68080000	803
68090000	804
68100000	805
68110000	806
68120000	807
68130000	808
68140000	809
68150000	810
68160000	811
68170000	812
68180000	813
68190000	814
68200000	815
68210000	816
68220000	817
68230000	818
68240000	819
68250000	820
68260000	821
68270000	822
68280000	823
68290000	824
68300000	825
68310000	826
68320000	827
68330000	828
68340000	829
68350000	830
68360000	831
68370000	832
68380000	833
68390000	834
68400000	835
68410000	836
68420000	837
68430000	838
68440000	839
68450000	840
68460000	841
68470000	842
68480000	843
68490000	844
68500000	845
68510000	846
68520000	847
68530000	848
68540000	849
68550000	850
68560000	851
68570000	852
68580000	853
68590000	854
68600000	855
68610000	856
68620000	857
68630000	858
68640000	859
68650000	860
68660000	861
68670000	862
68680000	863
68690000	864
68700000	865
68710000	866
68720000	867
68730000	868
68740000	869
68750000	870
68760000	871
68770000	872
68780000	873
68790000	874
68800000	875
68810000	876
68820000	877
68830000	878
68840000	879
68850000	880
68860000	881
68870000	882
68880000	883
68890000	884
68900000	885
68910000	886
68920000	887
68930000	888
68940000	889
68950000	890
68960000	891
68970000	892
68980000	893
68990000	894
69000000	895
69010000	896
69020000	897
69030000	898
69040000	899
69050000	900
69060000	901
69070000	902
69080000	903
69090000	904
69100000	905
69110000	906
69120000	907
69130000	908
69140000	909
69150000	910
69160000	911
69170000	912
69180000	913
69190000	914
69200000	915
69210000	916
69220000	917
69230000	918
69240000	919
69250000	920
69260000	921
69270000	922
69280000	923
69290000	924
69300000	925
69310000	926
69320000	927
69330000	928
69340000	929
69350000	930
69360000	931
69370000	932
69380000	933
69390000	934
69400000	935
69410000	936
69420000	937
69430000	938
69440000	939
69450000	940
69460000	941
69470000	942
69480000	943
69490000	944
69500000	945
69510000	946
69520000	947
69530000	948
69540000	949
69550000	950
69560000	951
69570000	952
69580000	953
69590000	954
69600000	955
69610000	956
69620000	957
69630000	958
69640000	959
69650000	960
69660000	961
69670000	962
69680000	963
69690000	964
69700000	965
69710000	966
69720000	967
69730000	968
69740000	969
69750000	970
69760000	971
69770000	972
69780000	973
69790000	974
69800000	975
69810000	976
69820000	977
69830000	978
69840000	979
69850000	980
69860000	981
69870000	982
69880000	983
69890000	984
69900000	985
69910000	986
69920000	987
69930000	988
69940000	989
69950000	990
69960000	991
69970000	992
69980000	993
69990000	994
70000000	995
