1	0
2	1
3	2
4	3
5	4
6	5
7	6
8	7
9	8
10	9
11	10
12	11
13	12
14	13
15	14
16	15
17	16
18	17
19	18
20	19
21	20
22	21
23	22
24	23
25	24
26	25
27	26
28	27
29	28
30	29
31	30
32	31
33	32
34	33
35	34
36	35
37	36
38	37
39	38
40	39
41	40
42	41
43	42
44	43
45	44
46	45
47	46
48	47
49	48
50	49
51	50
52	51
53	52
54	53
55	54
56	55
57	56
58	57
59	58
60	59
61	60
62	61
63	62
64	63
65	64
66	65
67	66
68	67
69	68
70	69
71	70
72	71
73	72
74	73
75	74
76	75
77	76
78	77
79	78
80	79
81	80
82	81
83	82
84	83
85	84
86	85
87	86
88	87
89	88
90	89
91	90
92	91
93	92
94	93
95	94
96	95
97	96
98	97
99	98
100	99
101	100
102	101
103	102
104	103
105	104
106	105
107	106
108	107
109	108
110	109
111	110
112	111
113	112
114	113
115	114
116	115
117	116
118	117
119	118
120	119
121	120
122	121
142	122
143	123
144	124
145	125
146	126
147	127
148	128
149	129
150	130
151	131
152	132
153	133
154	134
155	135
156	136
157	137
158	138
159	139
160	140
161	141
162	142
163	143
164	144
165	145
166	146
167	147
168	148
169	149
170	150
171	151
172	152
173	153
174	154
175	155
176	156
177	157
178	158
179	159
180	160
181	161
182	162
183	163
184	164
185	165
186	166
187	167
188	168
189	169
190	170
191	171
192	172
193	173
194	174
195	175
196	176
197	177
198	178
199	179
200	180
201	181
202	182
203	183
204	184
205	185
206	186
207	187
208	188
209	189
210	190
211	191
212	192
213	193
214	194
215	195
216	196
217	197
218	198
219	199
220	200
221	201
222	202
223	203
224	204
225	205
226	206
227	207
228	208
229	209
230	210
231	211
232	212
233	213
234	214
235	215
236	216
237	217
238	218
239	219
240	220
241	221
242	222
243	223
244	224
245	225
246	226
247	227
248	228
249	229
250	230
251	231
252	232
253	233
254	234
255	235
256	236
257	237
258	238
259	239
260	240
261	241
262	242
263	243
264	244
265	245
266	246
267	247
268	248
269	249
270	250
271	251
272	252
273	253
274	254
275	255
276	256
277	257
278	258
279	259
280	260
281	261
282	262
283	263
284	264
285	265
286	266
287	267
288	268
289	269
290	270
291	271
292	272
293	273
294	274
295	275
296	276
297	277
298	278
299	279
300	280
301	281
302	282
303	283
304	284
305	285
306	286
307	287
308	288
309	289
310	290
311	291
312	292
313	293
314	294
315	295
316	296
317	297
318	298
319	299
320	300
321	301
322	302
323	303
324	304
325	305
326	306
327	307
328	308
329	309
330	310
331	311
332	312
333	313
334	314
335	315
336	316
337	317
338	318
339	319
340	320
343	321
344	322
345	323
346	324
347	325
348	326
349	327
350	328
351	329
352	330
353	331
354	332
355	333
356	334
357	335
358	336
359	337
360	338
361	339
362	340
363	341
364	342
365	343
366	344
367	345
368	346
369	347
370	348
371	349
372	350
373	351
374	352
375	353
376	354
377	355
378	356
379	357
380	358
381	359
382	360
383	361
384	362
385	363
386	364
387	365
388	366
389	367
390	368
391	369
392	370
393	371
394	372
395	373
396	374
397	375
398	376
399	377
400	378
401	379
402	380
403	381
404	382
405	383
406	384
407	385
408	386
409	387
410	388
411	389
412	390
413	391
414	392
415	393
416	394
417	395
418	396
419	397
420	398
421	399
422	400
423	401
424	402
425	403
426	404
427	405
428	406
429	407
430	408
431	409
432	410
433	411
434	412
435	413
436	414
437	415
438	416
439	417
440	418
441	419
442	420
443	421
444	422
445	423
446	424
447	425
448	426
449	427
450	428
451	429
452	430
453	431
454	432
455	433
456	434
457	435
458	436
459	437
460	438
461	439
462	440
463	441
464	442
465	443
466	444
467	445
468	446
469	447
470	448
471	449
472	450
473	451
474	452
475	453
476	454
477	455
478	456
479	457
480	458
481	459
482	460
483	461
484	462
485	463
486	464
487	465
488	466
489	467
490	468
491	469
492	470
493	471
494	472
495	473
496	474
497	475
498	476
499	477
500	478
501	479
502	480
503	481
504	482
505	483
506	484
507	485
508	486
509	487
510	488
511	489
512	490
513	491
514	492
515	493
516	494
517	495
518	496
519	497
520	498
521	499
522	500
523	501
524	502
525	503
526	504
527	505
528	506
529	507
530	508
531	509
532	510
533	511
534	512
535	513
536	514
537	515
538	516
539	517
540	518
541	519
542	520
543	521
544	522
545	523
546	524
547	525
548	526
549	527
550	528
551	529
552	530
553	531
554	532
555	533
556	534
557	535
558	536
559	537
560	538
561	539
562	540
563	541
564	542
565	543
566	544
567	545
568	546
569	547
570	548
571	549
572	550
573	551
574	552
575	553
576	554
577	555
578	556
579	557
580	558
581	559
582	560
586	561
587	562
588	563
589	564
590	565
591	566
592	567
593	568
594	569
595	570
596	571
597	572
598	573
599	574
600	575
601	576
602	577
603	578
604	579
605	580
606	581
607	582
608	583
609	584
610	585
611	586
612	587
613	588
614	589
615	590
616	591
617	592
618	593
619	594
620	595
621	596
622	597
623	598
624	599
625	600
626	601
627	602
628	603
629	604
630	605
631	606
632	607
633	608
634	609
635	610
636	611
637	612
638	613
639	614
640	615
641	616
642	617
643	618
644	619
645	620
646	621
647	622
648	623
649	624
650	625
651	626
652	627
653	628
654	629
655	630
656	631
657	632
658	633
659	634
660	635
661	636
662	637
663	638
664	639
665	640
666	641
667	642
668	643
669	644
670	645
671	646
672	647
673	648
674	649
675	650
676	651
677	652
678	653
679	654
680	655
681	656
682	657
683	658
684	659
685	660
686	661
687	662
688	663
689	664
690	665
691	666
692	667
693	668
694	669
695	670
696	671
697	672
698	673
699	674
700	675
701	676
702	677
703	678
704	679
705	680
706	681
707	682
708	683
709	684
710	685
711	686
712	687
713	688
714	689
715	690
716	691
717	692
718	693
719	694
720	695
721	696
722	697
723	698
724	699
725	700
726	701
727	702
728	703
729	704
730	705
731	706
732	707
733	708
734	709
735	710
736	711
737	712
738	713
739	714
740	715
741	716
744	717
745	718
746	719
747	720
748	721
749	722
750	723
751	724
752	725
753	726
754	727
755	728
756	729
757	730
758	731
759	732
760	733
761	734
762	735
763	736
764	737
765	738
766	739
767	740
768	741
769	742
770	743
771	744
772	745
773	746
774	747
775	748
776	749
777	750
778	751
779	752
780	753
781	754
782	755
783	756
784	757
785	758
786	759
787	760
788	761
789	762
790	763
791	764
792	765
793	766
794	767
795	768
796	769
797	770
798	771
799	772
800	773
801	774
802	775
803	776
804	777
805	778
806	779
807	780
808	781
809	782
810	783
811	784
812	785
813	786
814	787
815	788
816	789
817	790
818	791
819	792
820	793
821	794
822	795
823	796
824	797
825	798
826	799
827	800
828	801
829	802
830	803
831	804
832	805
833	806
834	807
835	808
836	809
837	810
838	811
839	812
840	813
841	814
842	815
843	816
844	817
845	818
846	819
847	820
848	821
849	822
850	823
851	824
852	825
853	826
854	827
855	828
856	829
857	830
858	831
859	832
860	833
861	834
862	835
863	836
864	837
865	838
866	839
867	840
868	841
869	842
870	843
871	844
872	845
873	846
874	847
875	848
876	849
877	850
878	851
879	852
880	853
881	854
882	855
883	856
884	857
885	858
886	859
887	860
888	861
889	862
890	863
891	864
892	865
893	866
894	867
895	868
896	869
897	870
898	871
899	872
900	873
901	874
902	875
903	876
904	877
905	878
906	879
907	880
908	881
909	882
910	883
911	884
912	885
913	886
914	887
915	888
916	889
917	890
918	891
919	892
920	893
921	894
922	895
923	896
924	897
925	898
926	899
927	900
928	901
929	902
930	903
933	904
934	905
935	906
936	907
937	908
938	909
939	910
940	911
941	912
942	913
943	914
944	915
945	916
946	917
947	918
948	919
949	920
950	921
951	922
952	923
953	924
954	925
955	926
956	927
957	928
958	929
959	930
960	931
961	932
962	933
963	934
964	935
965	936
966	937
967	938
968	939
969	940
970	941
971	942
972	943
973	944
974	945
975	946
976	947
977	948
978	949
979	950
980	951
981	952
982	953
983	954
984	955
985	956
986	957
987	958
988	959
989	960
990	961
991	962
992	963
993	964
994	965
995	966
996	967
997	968
998	969
999	970
1000	971
1001	972
1002	973
1003	974
1004	975
1005	976
1006	977
1007	978
1008	979
1009	980
1010	981
1011	982
1012	983
1013	984
1014	985
1015	986
1016	987
1017	988
1018	989
1019	990
1020	991
1021	992
1022	993
1023	994
1024	995
1025	996
1026	997
1027	998
1028	999
1029	1000
1030	1001
1031	1002
1032	1003
1033	1004
1034	1005
1035	1006
1036	1007
1037	1008
1038	1009
1039	1010
1040	1011
1041	1012
1042	1013
1043	1014
1044	1015
1045	1016
1046	1017
1047	1018
1048	1019
1049	1020
1050	1021
1051	1022
1052	1023
1053	1024
1054	1025
1055	1026
1056	1027
1057	1028
1058	1029
1059	1030
1060	1031
1061	1032
1062	1033
1063	1034
1064	1035
1065	1036
1066	1037
1067	1038
1068	1039
1069	1040
1070	1041
1071	1042
1072	1043
1073	1044
1074	1045
1075	1046
1076	1047
1077	1048
1078	1049
1079	1050
1080	1051
1081	1052
1082	1053
1083	1054
1084	1055
1085	1056
1086	1057
1087	1058
1088	1059
1089	1060
1090	1061
1091	1062
1092	1063
1093	1064
1094	1065
1095	1066
1096	1067
1097	1068
1098	1069
1099	1070
1100	1071
1101	1072
1102	1073
1103	1074
1104	1075
1105	1076
1106	1077
1107	1078
1108	1079
1109	1080
1110	1081
1111	1082
1112	1083
1113	1084
1114	1085
1115	1086
1116	1087
1117	1088
1118	1089
1119	1090
1120	1091
1121	1092
1122	1093
1123	1094
1126	1095
1127	1096
1128	1097
1129	1098
1130	1099
1131	1100
1132	1101
1133	1102
1134	1103
1135	1104
1136	1105
1137	1106
1138	1107
1139	1108
1140	1109
1141	1110
1142	1111
1143	1112
1144	1113
1145	1114
1146	1115
1147	1116
1148	1117
1149	1118
1150	1119
1151	1120
1152	1121
1153	1122
1154	1123
1155	1124
1156	1125
1157	1126
1158	1127
1159	1128
1160	1129
1161	1130
1162	1131
1163	1132
1164	1133
1165	1134
1166	1135
1167	1136
1168	1137
1169	1138
1170	1139
1171	1140
1172	1141
1173	1142
1174	1143
1175	1144
1176	1145
1177	1146
1178	1147
1179	1148
1180	1149
1181	1150
1182	1151
1183	1152
1184	1153
1185	1154
1186	1155
1187	1156
1188	1157
1189	1158
1190	1159
1191	1160
1192	1161
1193	1162
1194	1163
1195	1164
1196	1165
1197	1166
1198	1167
1199	1168
1200	1169
1201	1170
1202	1171
1203	1172
1204	1173
1205	1174
1206	1175
1207	1176
1208	1177
1209	1178
1210	1179
1211	1180
1212	1181
1213	1182
1214	1183
1215	1184
1216	1185
1217	1186
1218	1187
1219	1188
1220	1189
1221	1190
1222	1191
1223	1192
1224	1193
1225	1194
1226	1195
1227	1196
1228	1197
1229	1198
1230	1199
1231	1200
1232	1201
1233	1202
1234	1203
1235	1204
1236	1205
1237	1206
1238	1207
1239	1208
1240	1209
1241	1210
1242	1211
1243	1212
1244	1213
1245	1214
1246	1215
1247	1216
1248	1217
1249	1218
1250	1219
1251	1220
1252	1221
1253	1222
1254	1223
1255	1224
1256	1225
1257	1226
1258	1227
1259	1228
1260	1229
1261	1230
1262	1231
1263	1232
1264	1233
1265	1234
1266	1235
1267	1236
1268	1237
1269	1238
1270	1239
1271	1240
1272	1241
1273	1242
1274	1243
1275	1244
1276	1245
1277	1246
1278	1247
1279	1248
1280	1249
1281	1250
1282	1251
1283	1252
1284	1253
1285	1254
1286	1255
1287	1256
1288	1257
1289	1258
1290	1259
1291	1260
1292	1261
1293	1262
1294	1263
1297	1264
1298	1265
1299	1266
1300	1267
1301	1268
1302	1269
1303	1270
1304	1271
1305	1272
1306	1273
1307	1274
1308	1275
1309	1276
1310	1277
1311	1278
1312	1279
1313	1280
1314	1281
1315	1282
1316	1283
1317	1284
1318	1285
1319	1286
1320	1287
1321	1288
1322	1289
1323	1290
1324	1291
1325	1292
1326	1293
1327	1294
1328	1295
1329	1296
1330	1297
1331	1298
1332	1299
1333	1300
1334	1301
1335	1302
1336	1303
1337	1304
1338	1305
1339	1306
1340	1307
1341	1308
1342	1309
1343	1310
1344	1311
1345	1312
1346	1313
1347	1314
1348	1315
1349	1316
1350	1317
1351	1318
1352	1319
1353	1320
1354	1321
1355	1322
1356	1323
1357	1324
1358	1325
1359	1326
1360	1327
1361	1328
1362	1329
1363	1330
1364	1331
1365	1332
1366	1333
1367	1334
1368	1335
1369	1336
1370	1337
1371	1338
1372	1339
1373	1340
1374	1341
1375	1342
1376	1343
1377	1344
1378	1345
1379	1346
1380	1347
1381	1348
1382	1349
1383	1350
1384	1351
1385	1352
1386	1353
1387	1354
1388	1355
1389	1356
1390	1357
1391	1358
1392	1359
1393	1360
1394	1361
1395	1362
1396	1363
1397	1364
1398	1365
1399	1366
1400	1367
1401	1368
1402	1369
1403	1370
1404	1371
1405	1372
1406	1373
1407	1374
1408	1375
1409	1376
1410	1377
1411	1378
1412	1379
1413	1380
1414	1381
1415	1382
1416	1383
1417	1384
1418	1385
1419	1386
1420	1387
1421	1388
1422	1389
1423	1390
1424	1391
1425	1392
1426	1393
1427	1394
1428	1395
1429	1396
1430	1397
1431	1398
1432	1399
1433	1400
1434	1401
1435	1402
1436	1403
1437	1404
1438	1405
1441	1406
1442	1407
1443	1408
1444	1409
1445	1410
1446	1411
1447	1412
1448	1413
1449	1414
1450	1415
1451	1416
1452	1417
1453	1418
1454	1419
1455	1420
1456	1421
1457	1422
1458	1423
1459	1424
1460	1425
1461	1426
1462	1427
1463	1428
1464	1429
1465	1430
1466	1431
1467	1432
1468	1433
1469	1434
1470	1435
1471	1436
1472	1437
1473	1438
1474	1439
1475	1440
1476	1441
1477	1442
1478	1443
1479	1444
1480	1445
1481	1446
1482	1447
1483	1448
1484	1449
1485	1450
1486	1451
1487	1452
1488	1453
1489	1454
1490	1455
1491	1456
1492	1457
1493	1458
1494	1459
1495	1460
1496	1461
1497	1462
1498	1463
1499	1464
1500	1465
1501	1466
1502	1467
1503	1468
1504	1469
1505	1470
1506	1471
1507	1472
1508	1473
1509	1474
1510	1475
1511	1476
1512	1477
1513	1478
1514	1479
1515	1480
1516	1481
1517	1482
1518	1483
1519	1484
1520	1485
1521	1486
1522	1487
1523	1488
1524	1489
1525	1490
1526	1491
1527	1492
1528	1493
1529	1494
1530	1495
1531	1496
1532	1497
1533	1498
1534	1499
1535	1500
1536	1501
1537	1502
1538	1503
1539	1504
1540	1505
1541	1506
1542	1507
1543	1508
1544	1509
1545	1510
1546	1511
1547	1512
1548	1513
1549	1514
1550	1515
1551	1516
1552	1517
1553	1518
1554	1519
1555	1520
1556	1521
1557	1522
1558	1523
1559	1524
1560	1525
1561	1526
1562	1527
1563	1528
1564	1529
1565	1530
1566	1531
1567	1532
1568	1533
1569	1534
1570	1535
1571	1536
1572	1537
1573	1538
1574	1539
1575	1540
1576	1541
1577	1542
1578	1543
1579	1544
1580	1545
1581	1546
1582	1547
1583	1548
1584	1549
1585	1550
1586	1551
1587	1552
1588	1553
1589	1554
1607	1555
1608	1556
1609	1557
1610	1558
1611	1559
1612	1560
1613	1561
1614	1562
1615	1563
1616	1564
1617	1565
1618	1566
1619	1567
1620	1568
1621	1569
1622	1570
1623	1571
1624	1572
1625	1573
1626	1574
1627	1575
1628	1576
1629	1577
1630	1578
1631	1579
1632	1580
1633	1581
1634	1582
1635	1583
1636	1584
1637	1585
1638	1586
1639	1587
1640	1588
1641	1589
1642	1590
1643	1591
1644	1592
1645	1593
1646	1594
1647	1595
1648	1596
1649	1597
1650	1598
1651	1599
1652	1600
1653	1601
1654	1602
1655	1603
1656	1604
1657	1605
1658	1606
1659	1607
1660	1608
1661	1609
1662	1610
1663	1611
1664	1612
1665	1613
1666	1614
1667	1615
1668	1616
1669	1617
1670	1618
1671	1619
1672	1620
1673	1621
1674	1622
1675	1623
1676	1624
1677	1625
1678	1626
1679	1627
1680	1628
1681	1629
1682	1630
1683	1631
1684	1632
1685	1633
1686	1634
1687	1635
1688	1636
1689	1637
1690	1638
1691	1639
1692	1640
1693	1641
1694	1642
1695	1643
1696	1644
1697	1645
1698	1646
1699	1647
1700	1648
1701	1649
1702	1650
1703	1651
1704	1652
1705	1653
1706	1654
1707	1655
1708	1656
1709	1657
1710	1658
1711	1659
1712	1660
1713	1661
1714	1662
1715	1663
1716	1664
1717	1665
1718	1666
1719	1667
1720	1668
1721	1669
1722	1670
1724	1671
1725	1672
1726	1673
1727	1674
1728	1675
1729	1676
1730	1677
1731	1678
1732	1679
1733	1680
1734	1681
1735	1682
1736	1683
1737	1684
1738	1685
1739	1686
1740	1687
1741	1688
1742	1689
1743	1690
1744	1691
1745	1692
1746	1693
1747	1694
1748	1695
1749	1696
1750	1697
1751	1698
1752	1699
1753	1700
1754	1701
1755	1702
1756	1703
1757	1704
1758	1705
1759	1706
1760	1707
1761	1708
1762	1709
1763	1710
1764	1711
1765	1712
1766	1713
1767	1714
1768	1715
1769	1716
1770	1717
1771	1718
1772	1719
1773	1720
1774	1721
1775	1722
1776	1723
1777	1724
1778	1725
1779	1726
1780	1727
1781	1728
1782	1729
1783	1730
1784	1731
1785	1732
1786	1733
1787	1734
1788	1735
1789	1736
1790	1737
1791	1738
1792	1739
1793	1740
1794	1741
1795	1742
1796	1743
1797	1744
1798	1745
1799	1746
1800	1747
1801	1748
1802	1749
1803	1750
1804	1751
1805	1752
1806	1753
1807	1754
1808	1755
1809	1756
1810	1757
1811	1758
1812	1759
1813	1760
1814	1761
1815	1762
1816	1763
1817	1764
1818	1765
1819	1766
1820	1767
1821	1768
1822	1769
1823	1770
1824	1771
1825	1772
1826	1773
1827	1774
1828	1775
1829	1776
1830	1777
1831	1778
1832	1779
1833	1780
1834	1781
1835	1782
1836	1783
1837	1784
1838	1785
1839	1786
1840	1787
1841	1788
1842	1789
1843	1790
1844	1791
1845	1792
1846	1793
1847	1794
1848	1795
1849	1796
1850	1797
1851	1798
1852	1799
1853	1800
1854	1801
1855	1802
1856	1803
1857	1804
1858	1805
1859	1806
1860	1807
1861	1808
1862	1809
1863	1810
1864	1811
1865	1812
1866	1813
1867	1814
1868	1815
1869	1816
1870	1817
1873	1818
1874	1819
1875	1820
1876	1821
1877	1822
1878	1823
1879	1824
1880	1825
1881	1826
1882	1827
1883	1828
1884	1829
1885	1830
1886	1831
1887	1832
1888	1833
1889	1834
1890	1835
1891	1836
1892	1837
1893	1838
1894	1839
1895	1840
1896	1841
1897	1842
1898	1843
1899	1844
1900	1845
1901	1846
1902	1847
1903	1848
1904	1849
1905	1850
1906	1851
1907	1852
1908	1853
1909	1854
1910	1855
1911	1856
1912	1857
1913	1858
1914	1859
1915	1860
1916	1861
1917	1862
1918	1863
1919	1864
1920	1865
1921	1866
1922	1867
1923	1868
1924	1869
1925	1870
1926	1871
1927	1872
1928	1873
1929	1874
1930	1875
1931	1876
1932	1877
1933	1878
1934	1879
1935	1880
1936	1881
1937	1882
1938	1883
1939	1884
1940	1885
1941	1886
1942	1887
1943	1888
1944	1889
1945	1890
1946	1891
1947	1892
1948	1893
1949	1894
1950	1895
1951	1896
1952	1897
1953	1898
1954	1899
1955	1900
1956	1901
1957	1902
1958	1903
1959	1904
1960	1905
1961	1906
1962	1907
1963	1908
1964	1909
1965	1910
1966	1911
1967	1912
1968	1913
1969	1914
1970	1915
1971	1916
1972	1917
1973	1918
1974	1919
1975	1920
1976	1921
1977	1922
1978	1923
1979	1924
1980	1925
1981	1926
1982	1927
1983	1928
1984	1929
1985	1930
1986	1931
1987	1932
1988	1933
1990	1934
1991	1935
1992	1936
1993	1937
1994	1938
1995	1939
1996	1940
1997	1941
1998	1942
1999	1943
2000	1944
2001	1945
2002	1946
2003	1947
2004	1948
2005	1949
2006	1950
2007	1951
2008	1952
2009	1953
2010	1954
2011	1955
2012	1956
2013	1957
2014	1958
2015	1959
2016	1960
2017	1961
2018	1962
2019	1963
2020	1964
2021	1965
2022	1966
2023	1967
2024	1968
2025	1969
2026	1970
2027	1971
2028	1972
2029	1973
2030	1974
2031	1975
2032	1976
2033	1977
2034	1978
2035	1979
2036	1980
2037	1981
2038	1982
2039	1983
2040	1984
2041	1985
2042	1986
2043	1987
2044	1988
2045	1989
2046	1990
2047	1991
2048	1992
2049	1993
2050	1994
2051	1995
2052	1996
2053	1997
2054	1998
2055	1999
2056	2000
2057	2001
2058	2002
2059	2003
2060	2004
2061	2005
2062	2006
2063	2007
2064	2008
2065	2009
2066	2010
2067	2011
2068	2012
2069	2013
2070	2014
2071	2015
2072	2016
2073	2017
2074	2018
2075	2019
2076	2020
2077	2021
2078	2022
2079	2023
2080	2024
2081	2025
2082	2026
2083	2027
2084	2028
2085	2029
2086	2030
2104	2031
2105	2032
2106	2033
2107	2034
2108	2035
2109	2036
2110	2037
2111	2038
2112	2039
2113	2040
2114	2041
2115	2042
2116	2043
2117	2044
2118	2045
2119	2046
2120	2047
2121	2048
2122	2049
2123	2050
2124	2051
2125	2052
2126	2053
2127	2054
2128	2055
2129	2056
2130	2057
2131	2058
2132	2059
2133	2060
2134	2061
2135	2062
2136	2063
2137	2064
2138	2065
2139	2066
2140	2067
2141	2068
2142	2069
2143	2070
2144	2071
2145	2072
2146	2073
2147	2074
2148	2075
2149	2076
2150	2077
2151	2078
2152	2079
2153	2080
2154	2081
2155	2082
2156	2083
2157	2084
2158	2085
2159	2086
2160	2087
2161	2088
2162	2089
2163	2090
2164	2091
2165	2092
2166	2093
2167	2094
2168	2095
2169	2096
2170	2097
2171	2098
2172	2099
2173	2100
2174	2101
2175	2102
2176	2103
2177	2104
2178	2105
2179	2106
2180	2107
2181	2108
2182	2109
2183	2110
2184	2111
2185	2112
2186	2113
2187	2114
2188	2115
2189	2116
2190	2117
2191	2118
2192	2119
2193	2120
2194	2121
2195	2122
2196	2123
2197	2124
2198	2125
2199	2126
2200	2127
2201	2128
2220	2129
2221	2130
2222	2131
2223	2132
2224	2133
2225	2134
2226	2135
2227	2136
2228	2137
2229	2138
2230	2139
2231	2140
2232	2141
2233	2142
2234	2143
2235	2144
2236	2145
2237	2146
2238	2147
2239	2148
2240	2149
2241	2150
2242	2151
2243	2152
2244	2153
2245	2154
2246	2155
2247	2156
2248	2157
2249	2158
2250	2159
2251	2160
2252	2161
2253	2162
2254	2163
2255	2164
2256	2165
2257	2166
2258	2167
2259	2168
2260	2169
2261	2170
2262	2171
2263	2172
2264	2173
2265	2174
2266	2175
2267	2176
2268	2177
2269	2178
2270	2179
2271	2180
2272	2181
2273	2182
2274	2183
2275	2184
2276	2185
2277	2186
2278	2187
2279	2188
2280	2189
2281	2190
2282	2191
2283	2192
2284	2193
2285	2194
2286	2195
2287	2196
2288	2197
2289	2198
2290	2199
2291	2200
2292	2201
2293	2202
2294	2203
2295	2204
2296	2205
2297	2206
2298	2207
2299	2208
2300	2209
2301	2210
2302	2211
2303	2212
2304	2213
2305	2214
2306	2215
2307	2216
2308	2217
2327	2218
2328	2219
2329	2220
2330	2221
2331	2222
2332	2223
2333	2224
2334	2225
2335	2226
2336	2227
2337	2228
2338	2229
2339	2230
2340	2231
2341	2232
2342	2233
2343	2234
2344	2235
2345	2236
2346	2237
2347	2238
2348	2239
2349	2240
2350	2241
2351	2242
2352	2243
2353	2244
2354	2245
2355	2246
2356	2247
2357	2248
2358	2249
2359	2250
2360	2251
2361	2252
2362	2253
2363	2254
2364	2255
2365	2256
2366	2257
2367	2258
2368	2259
2369	2260
2370	2261
2371	2262
2372	2263
2373	2264
2374	2265
2375	2266
2376	2267
2377	2268
2378	2269
2379	2270
2380	2271
2381	2272
2382	2273
2383	2274
2384	2275
2385	2276
2386	2277
2387	2278
2388	2279
2389	2280
2390	2281
2391	2282
2392	2283
2393	2284
2394	2285
2395	2286
2396	2287
2397	2288
2398	2289
2399	2290
2400	2291
2401	2292
2402	2293
2403	2294
2404	2295
2405	2296
2406	2297
2407	2298
2408	2299
2409	2300
2410	2301
2411	2302
2412	2303
2413	2304
2414	2305
2415	2306
2416	2307
2417	2308
2418	2309
2419	2310
2420	2311
2421	2312
2422	2313
2423	2314
2424	2315
2425	2316
2426	2317
2427	2318
2428	2319
2429	2320
2430	2321
2431	2322
2432	2323
2433	2324
2434	2325
2435	2326
2436	2327
2437	2328
2438	2329
2439	2330
2440	2331
2441	2332
2442	2333
2443	2334
2444	2335
2445	2336
2454	2337
2455	2338
2456	2339
2457	2340
2458	2341
2459	2342
2460	2343
2461	2344
2462	2345
2463	2346
2464	2347
2465	2348
2466	2349
2467	2350
2468	2351
2469	2352
2470	2353
2471	2354
2472	2355
2473	2356
2474	2357
2475	2358
2476	2359
2477	2360
2478	2361
2479	2362
2480	2363
2481	2364
2482	2365
2483	2366
2484	2367
2485	2368
2486	2369
2487	2370
2488	2371
2489	2372
2490	2373
2491	2374
2492	2375
2493	2376
2494	2377
2495	2378
2496	2379
2497	2380
2498	2381
2499	2382
2500	2383
2501	2384
2502	2385
2503	2386
2504	2387
2505	2388
2506	2389
2507	2390
2508	2391
2509	2392
2510	2393
2511	2394
2512	2395
2513	2396
2514	2397
2515	2398
2516	2399
2517	2400
2518	2401
2519	2402
2520	2403
2521	2404
2522	2405
2523	2406
2524	2407
2525	2408
2526	2409
2527	2410
2528	2411
2529	2412
2530	2413
2531	2414
2532	2415
2533	2416
2534	2417
2535	2418
2536	2419
2537	2420
2538	2421
2539	2422
2540	2423
2541	2424
2542	2425
2543	2426
2544	2427
2545	2428
2546	2429
2547	2430
2548	2431
2549	2432
2550	2433
2551	2434
2552	2435
2553	2436
2554	2437
2555	2438
2556	2439
2557	2440
2558	2441
2559	2442
2560	2443
2561	2444
2562	2445
2563	2446
2564	2447
2565	2448
2566	2449
2567	2450
2568	2451
2569	2452
2570	2453
2571	2454
2572	2455
2573	2456
2574	2457
2575	2458
2576	2459
2577	2460
2578	2461
2579	2462
2580	2463
2581	2464
2582	2465
2583	2466
2584	2467
2585	2468
2586	2469
2587	2470
2588	2471
2589	2472
2590	2473
2591	2474
2592	2475
2593	2476
2594	2477
2595	2478
2596	2479
2597	2480
2598	2481
2599	2482
2600	2483
2601	2484
2602	2485
2603	2486
2604	2487
2605	2488
2606	2489
2607	2490
2608	2491
2609	2492
2610	2493
2611	2494
2612	2495
2613	2496
2614	2497
2615	2498
2616	2499
2617	2500
2618	2501
2619	2502
2620	2503
2621	2504
2622	2505
2623	2506
2624	2507
2625	2508
2626	2509
2627	2510
2628	2511
2629	2512
2630	2513
2631	2514
2632	2515
2633	2516
2634	2517
2635	2518
2636	2519
2637	2520
2638	2521
2639	2522
2640	2523
2641	2524
2642	2525
2643	2526
2644	2527
2645	2528
2646	2529
2647	2530
2648	2531
2649	2532
2650	2533
2651	2534
2652	2535
2653	2536
2654	2537
2655	2538
2656	2539
2657	2540
2658	2541
2659	2542
2660	2543
2661	2544
2662	2545
2663	2546
2664	2547
2665	2548
2666	2549
2667	2550
2668	2551
2669	2552
2670	2553
2671	2554
2672	2555
2673	2556
2674	2557
2675	2558
2676	2559
2677	2560
2678	2561
2679	2562
2687	2563
2688	2564
2689	2565
2690	2566
2691	2567
2692	2568
2693	2569
2694	2570
2695	2571
2696	2572
2697	2573
2698	2574
2699	2575
2700	2576
2701	2577
2702	2578
2703	2579
2704	2580
2705	2581
2706	2582
2707	2583
2708	2584
2709	2585
2710	2586
2711	2587
2712	2588
2713	2589
2714	2590
2715	2591
2716	2592
2717	2593
2718	2594
2719	2595
2720	2596
2721	2597
2722	2598
2723	2599
2724	2600
2725	2601
2726	2602
2727	2603
2728	2604
2729	2605
2730	2606
2731	2607
2732	2608
2733	2609
2734	2610
2735	2611
2736	2612
2737	2613
2738	2614
2739	2615
2740	2616
2741	2617
2742	2618
2743	2619
2744	2620
2745	2621
2747	2622
2748	2623
2749	2624
2750	2625
2751	2626
2752	2627
2753	2628
2754	2629
2755	2630
2756	2631
2757	2632
2758	2633
2759	2634
2760	2635
2761	2636
2762	2637
2763	2638
2764	2639
2765	2640
2766	2641
2767	2642
2768	2643
2769	2644
2770	2645
2771	2646
2772	2647
2773	2648
2774	2649
2775	2650
2776	2651
2777	2652
2778	2653
2779	2654
2780	2655
2781	2656
2791	2657
2792	2658
2795	2659
2796	2660
2797	2661
2798	2662
2799	2663
2800	2664
2801	2665
2802	2666
2803	2667
2804	2668
2805	2669
2806	2670
2807	2671
2808	2672
2809	2673
2810	2674
2811	2675
2812	2676
2813	2677
2814	2678
2815	2679
2816	2680
2817	2681
2818	2682
2819	2683
2820	2684
2821	2685
2822	2686
2823	2687
2824	2688
2825	2689
2826	2690
2827	2691
2828	2692
2843	2693
2844	2694
2845	2695
2846	2696
2847	2697
2848	2698
2849	2699
2850	2700
2851	2701
2852	2702
2853	2703
2854	2704
2855	2705
2856	2706
2857	2707
2858	2708
2859	2709
2860	2710
2861	2711
2862	2712
2863	2713
2864	2714
2865	2715
2866	2716
2867	2717
2868	2718
2869	2719
2870	2720
2871	2721
2872	2722
2873	2723
2874	2724
2875	2725
2876	2726
2877	2727
2878	2728
2879	2729
2880	2730
2881	2731
2882	2732
2883	2733
2884	2734
2885	2735
2886	2736
2887	2737
2888	2738
2889	2739
2890	2740
2891	2741
2892	2742
2893	2743
2894	2744
2895	2745
2896	2746
2897	2747
2898	2748
2899	2749
2900	2750
2901	2751
2902	2752
2903	2753
2904	2754
2905	2755
2906	2756
2907	2757
2908	2758
2909	2759
2910	2760
2911	2761
2912	2762
2913	2763
2914	2764
2915	2765
2916	2766
2917	2767
2918	2768
2919	2769
2920	2770
2921	2771
2922	2772
2923	2773
2924	2774
2925	2775
2926	2776
2927	2777
2928	2778
2929	2779
2930	2780
2931	2781
2932	2782
2933	2783
2934	2784
2935	2785
2936	2786
2937	2787
2940	2788
2941	2789
2942	2790
2943	2791
2944	2792
2945	2793
2946	2794
2947	2795
2948	2796
2949	2797
2950	2798
2951	2799
2952	2800
2953	2801
2954	2802
2955	2803
2956	2804
2957	2805
2958	2806
2959	2807
2960	2808
2961	2809
2962	2810
2963	2811
2964	2812
2965	2813
2966	2814
2967	2815
2968	2816
2969	2817
2970	2818
2971	2819
2972	2820
2973	2821
2974	2822
2975	2823
2976	2824
2977	2825
2978	2826
2979	2827
2980	2828
2981	2829
2982	2830
2983	2831
2984	2832
2985	2833
2986	2834
2987	2835
2988	2836
2989	2837
2990	2838
2991	2839
2992	2840
2993	2841
2994	2842
2995	2843
2996	2844
2997	2845
2998	2846
2999	2847
3000	2848
3001	2849
3002	2850
3003	2851
3004	2852
3005	2853
3006	2854
3007	2855
3008	2856
3009	2857
3010	2858
3011	2859
3012	2860
3013	2861
3014	2862
3015	2863
3016	2864
3017	2865
3018	2866
3019	2867
3020	2868
3021	2869
3022	2870
3023	2871
3024	2872
3025	2873
3026	2874
3027	2875
3028	2876
3029	2877
3030	2878
3031	2879
3032	2880
3033	2881
3034	2882
3035	2883
3036	2884
3037	2885
3038	2886
3039	2887
3040	2888
3041	2889
3042	2890
3043	2891
3044	2892
3045	2893
3046	2894
3047	2895
3048	2896
3049	2897
3050	2898
3051	2899
3052	2900
3053	2901
3054	2902
3055	2903
3056	2904
3057	2905
3058	2906
3059	2907
3060	2908
3061	2909
3091	2910
