1	2	98.0
1	3	48.0
1	4	47.0
1	5	41.0
1	6	35.0
1	7	28.0
1	8	29.0
1	9	22.0
1	10	23.0
1	11	24.0
1	12	32.0
1	13	22.0
1	14	23.0
1	15	17.0
1	16	15.0
1	17	20.0
1	18	20.0
1	19	22.0
1	20	16.0
1	21	17.0
1	22	21.0
1	23	21.0
1	24	15.0
1	25	18.0
1	26	13.0
1	27	15.0
1	28	10.0
1	29	19.0
1	30	17.0
1	31	12.0
1	32	18.0
1	33	17.0
1	34	9.0
1	35	3.0
1	36	7.0
1	37	8.0
1	38	11.0
1	39	17.0
1	40	16.0
1	41	17.0
1	42	12.0
1	43	10.0
1	44	7.0
1	45	8.0
1	46	14.0
1	47	9.0
1	48	8.0
1	49	17.0
1	50	17.0
1	51	12.0
1	52	15.0
1	53	21.0
1	54	21.0
1	55	16.0
1	56	15.0
1	57	9.0
1	58	12.0
1	59	25.0
1	60	19.0
1	61	13.0
1	62	16.0
1	63	10.0
1	64	14.0
1	65	16.0
1	66	11.0
1	67	19.0
1	68	11.0
1	69	18.0
1	70	17.0
1	71	15.0
1	72	22.0
1	73	19.0
1	74	20.0
1	75	17.0
1	76	12.0
1	77	19.0
1	78	14.0
1	79	18.0
1	80	13.0
1	81	18.0
1	82	12.0
1	83	15.0
1	84	18.0
1	85	10.0
1	86	14.0
1	87	14.0
1	88	6.0
1	89	14.0
1	90	14.0
1	91	15.0
1	92	11.0
1	93	13.0
1	94	12.0
1	95	16.0
1	96	17.0
1	97	11.0
1	98	15.0
1	99	16.0
1	100	12.0
1	101	17.0
1	102	20.0
1	103	14.0
1	104	12.0
1	105	21.0
1	106	22.0
1	107	23.0
1	108	23.0
1	109	21.0
1	110	22.0
1	111	16.0
1	112	24.0
1	113	25.0
1	114	27.0
1	115	29.0
1	116	21.0
1	117	23.0
1	118	18.0
1	119	27.0
1	120	29.0
1	121	28.0
1	122	28.0
2	3	90.0
2	4	70.0
2	5	69.0
2	6	47.0
2	7	45.0
2	8	38.0
2	9	37.0
2	10	30.0
2	11	48.0
2	12	36.0
2	13	28.0
2	14	26.0
2	15	31.0
2	16	30.0
2	17	27.0
2	18	36.0
2	19	33.0
2	20	27.0
2	21	20.0
2	22	20.0
2	23	26.0
2	24	16.0
2	25	22.0
2	26	22.0
2	27	26.0
2	28	16.0
2	29	18.0
2	30	11.0
2	31	12.0
2	32	12.0
2	33	12.0
2	34	17.0
2	35	11.0
2	36	4.0
2	37	9.0
2	38	13.0
2	39	15.0
2	40	14.0
2	41	13.0
2	42	4.0
2	43	9.0
2	44	16.0
2	45	9.0
2	46	15.0
2	47	11.0
2	48	15.0
2	49	20.0
2	50	18.0
2	51	24.0
2	52	15.0
2	53	8.0
2	54	16.0
2	55	16.0
2	56	27.0
2	57	10.0
2	58	24.0
2	59	19.0
2	60	11.0
2	61	20.0
2	62	15.0
2	63	14.0
2	64	16.0
2	65	7.0
2	66	12.0
2	67	19.0
2	68	10.0
2	69	13.0
2	70	21.0
2	71	17.0
2	72	26.0
2	73	13.0
2	74	18.0
2	75	21.0
2	76	21.0
2	77	9.0
2	78	15.0
2	79	17.0
2	80	17.0
2	81	28.0
2	82	16.0
2	83	14.0
2	84	16.0
2	85	13.0
2	86	8.0
2	87	11.0
2	88	16.0
2	89	10.0
2	90	13.0
2	91	23.0
2	92	12.0
2	93	23.0
2	94	23.0
2	95	17.0
2	96	10.0
2	97	13.0
2	98	23.0
2	99	20.0
2	100	19.0
2	101	20.0
2	102	16.0
2	103	15.0
2	104	12.0
2	105	21.0
2	106	20.0
2	107	20.0
2	108	15.0
2	109	15.0
2	110	22.0
2	111	19.0
2	112	28.0
2	113	30.0
2	114	26.0
2	115	33.0
2	116	20.0
2	117	26.0
2	118	22.0
2	119	24.0
2	120	32.0
2	121	26.0
2	122	38.0
3	4	213.0
3	5	114.0
3	6	102.0
3	7	77.0
3	8	68.0
3	9	31.0
3	10	43.0
3	11	53.0
3	12	28.0
3	13	28.0
3	14	31.0
3	15	32.0
3	16	37.0
3	17	34.0
3	18	41.0
3	19	31.0
3	20	27.0
3	21	24.0
3	22	22.0
3	23	33.0
3	24	12.0
3	25	29.0
3	26	15.0
3	27	17.0
3	28	27.0
3	29	19.0
3	30	13.0
3	31	16.0
3	32	11.0
3	33	7.0
3	34	18.0
3	35	6.0
3	36	17.0
3	37	10.0
3	38	7.0
3	39	5.0
3	40	15.0
3	41	17.0
3	42	15.0
3	43	8.0
3	44	9.0
3	45	18.0
3	46	12.0
3	47	18.0
3	48	22.0
3	49	23.0
3	50	22.0
3	51	28.0
3	52	20.0
3	53	23.0
3	54	14.0
3	55	11.0
3	56	13.0
3	57	17.0
3	58	20.0
3	59	22.0
3	60	26.0
3	61	15.0
3	62	16.0
3	63	14.0
3	64	20.0
3	65	11.0
3	66	16.0
3	67	22.0
3	68	17.0
3	69	16.0
3	70	19.0
3	71	33.0
3	72	22.0
3	73	18.0
3	74	21.0
3	75	17.0
3	76	17.0
3	77	16.0
3	78	14.0
3	79	16.0
3	80	15.0
3	81	19.0
3	82	13.0
3	83	12.0
3	84	19.0
3	85	20.0
3	86	15.0
3	87	10.0
3	88	16.0
3	89	18.0
3	90	20.0
3	91	22.0
3	92	19.0
3	93	16.0
3	94	26.0
3	95	16.0
3	96	10.0
3	97	12.0
3	98	20.0
3	99	18.0
3	100	19.0
3	101	22.0
3	102	22.0
3	103	12.0
3	104	19.0
3	105	21.0
3	106	24.0
3	107	12.0
3	108	23.0
3	109	29.0
3	110	22.0
3	111	26.0
3	112	23.0
3	113	21.0
3	114	20.0
3	115	16.0
3	116	31.0
3	117	40.0
3	118	17.0
3	119	31.0
3	120	23.0
3	121	31.0
3	122	23.0
4	5	253.0
4	6	143.0
4	7	161.0
4	8	92.0
4	9	41.0
4	10	59.0
4	11	68.0
4	12	38.0
4	13	33.0
4	14	29.0
4	15	29.0
4	16	35.0
4	17	29.0
4	18	38.0
4	19	40.0
4	20	29.0
4	21	14.0
4	22	23.0
4	23	18.0
4	24	23.0
4	25	17.0
4	26	19.0
4	27	18.0
4	28	19.0
4	29	17.0
4	30	20.0
4	31	16.0
4	32	14.0
4	33	14.0
4	34	16.0
4	35	9.0
4	36	6.0
4	37	10.0
4	38	3.0
4	39	13.0
4	40	24.0
4	41	22.0
4	42	19.0
4	43	10.0
4	44	13.0
4	45	13.0
4	46	11.0
4	47	17.0
4	48	13.0
4	49	31.0
4	50	32.0
4	51	31.0
4	52	25.0
4	53	23.0
4	54	24.0
4	55	17.0
4	56	18.0
4	57	24.0
4	58	17.0
4	59	28.0
4	60	39.0
4	61	25.0
4	62	32.0
4	63	22.0
4	64	13.0
4	65	14.0
4	66	13.0
4	67	15.0
4	68	22.0
4	69	23.0
4	70	34.0
4	71	34.0
4	72	35.0
4	73	23.0
4	74	32.0
4	75	15.0
4	76	19.0
4	77	24.0
4	78	27.0
4	79	20.0
4	80	19.0
4	81	23.0
4	82	25.0
4	83	11.0
4	84	24.0
4	85	26.0
4	86	14.0
4	87	23.0
4	88	18.0
4	89	14.0
4	90	19.0
4	91	25.0
4	92	8.0
4	93	12.0
4	94	22.0
4	95	17.0
4	96	12.0
4	97	12.0
4	98	24.0
4	99	14.0
4	100	16.0
4	101	23.0
4	102	15.0
4	103	15.0
4	104	20.0
4	105	21.0
4	106	27.0
4	107	32.0
4	108	27.0
4	109	23.0
4	110	24.0
4	111	25.0
4	112	29.0
4	113	23.0
4	114	24.0
4	115	39.0
4	116	32.0
4	117	41.0
4	118	32.0
4	119	34.0
4	120	30.0
4	121	35.0
4	122	35.0
5	6	274.0
5	7	410.0
5	8	86.0
5	9	50.0
5	10	55.0
5	11	65.0
5	12	35.0
5	13	28.0
5	14	30.0
5	15	35.0
5	16	29.0
5	17	32.0
5	18	30.0
5	19	28.0
5	20	28.0
5	21	20.0
5	22	29.0
5	23	32.0
5	24	27.0
5	25	24.0
5	26	23.0
5	27	14.0
5	28	15.0
5	29	26.0
5	30	15.0
5	31	14.0
5	32	17.0
5	33	9.0
5	34	9.0
5	35	7.0
5	36	7.0
5	37	7.0
5	38	7.0
5	39	20.0
5	40	14.0
5	41	15.0
5	42	13.0
5	43	15.0
5	44	10.0
5	45	10.0
5	46	17.0
5	47	20.0
5	48	14.0
5	49	11.0
5	50	27.0
5	51	23.0
5	52	24.0
5	53	17.0
5	54	19.0
5	55	7.0
5	56	17.0
5	57	24.0
5	58	28.0
5	59	27.0
5	60	36.0
5	61	14.0
5	62	19.0
5	63	22.0
5	64	22.0
5	65	20.0
5	66	16.0
5	67	17.0
5	68	13.0
5	69	15.0
5	70	33.0
5	71	33.0
5	72	28.0
5	73	22.0
5	74	30.0
5	75	22.0
5	76	21.0
5	77	24.0
5	78	29.0
5	79	24.0
5	80	17.0
5	81	33.0
5	82	11.0
5	83	23.0
5	84	23.0
5	85	24.0
5	86	29.0
5	87	14.0
5	88	25.0
5	89	19.0
5	90	22.0
5	91	24.0
5	92	18.0
5	93	21.0
5	94	20.0
5	95	22.0
5	96	25.0
5	97	16.0
5	98	17.0
5	99	19.0
5	100	19.0
5	101	21.0
5	102	17.0
5	103	23.0
5	104	21.0
5	105	25.0
5	106	33.0
5	107	20.0
5	108	32.0
5	109	24.0
5	110	21.0
5	111	22.0
5	112	23.0
5	113	20.0
5	114	34.0
5	115	36.0
5	116	47.0
5	117	27.0
5	118	23.0
5	119	27.0
5	120	44.0
5	121	35.0
5	122	37.0
6	7	248.0
6	8	67.0
6	9	46.0
6	10	54.0
6	11	68.0
6	12	29.0
6	13	35.0
6	14	27.0
6	15	23.0
6	16	35.0
6	17	41.0
6	18	41.0
6	19	28.0
6	20	34.0
6	21	33.0
6	22	24.0
6	23	34.0
6	24	22.0
6	25	20.0
6	26	23.0
6	27	12.0
6	28	31.0
6	29	15.0
6	30	18.0
6	31	20.0
6	32	15.0
6	33	9.0
6	34	8.0
6	35	10.0
6	36	11.0
6	37	12.0
6	38	12.0
6	39	20.0
6	40	15.0
6	41	5.0
6	42	16.0
6	43	14.0
6	44	14.0
6	45	12.0
6	46	15.0
6	47	18.0
6	48	20.0
6	49	26.0
6	50	36.0
6	51	19.0
6	52	24.0
6	53	21.0
6	54	17.0
6	55	27.0
6	56	23.0
6	57	24.0
6	58	27.0
6	59	33.0
6	60	27.0
6	61	31.0
6	62	17.0
6	63	12.0
6	64	18.0
6	65	24.0
6	66	18.0
6	67	20.0
6	68	29.0
6	69	14.0
6	70	26.0
6	71	27.0
6	72	27.0
6	73	26.0
6	74	34.0
6	75	20.0
6	76	26.0
6	77	23.0
6	78	26.0
6	79	21.0
6	80	20.0
6	81	25.0
6	82	31.0
6	83	18.0
6	84	24.0
6	85	18.0
6	86	18.0
6	87	17.0
6	88	10.0
6	89	18.0
6	90	19.0
6	91	22.0
6	92	19.0
6	93	14.0
6	94	21.0
6	95	18.0
6	96	16.0
6	97	14.0
6	98	16.0
6	99	20.0
6	100	23.0
6	101	13.0
6	102	21.0
6	103	19.0
6	104	22.0
6	105	28.0
6	106	18.0
6	107	25.0
6	108	21.0
6	109	20.0
6	110	20.0
6	111	21.0
6	112	25.0
6	113	30.0
6	114	30.0
6	115	21.0
6	116	24.0
6	117	31.0
6	118	29.0
6	119	27.0
6	120	30.0
6	121	31.0
6	122	26.0
7	8	67.0
7	9	38.0
7	10	52.0
7	11	57.0
7	12	34.0
7	13	22.0
7	14	25.0
7	15	20.0
7	16	28.0
7	17	36.0
7	18	40.0
7	19	27.0
7	20	38.0
7	21	31.0
7	22	24.0
7	23	23.0
7	24	15.0
7	25	14.0
7	26	20.0
7	27	12.0
7	28	20.0
7	29	19.0
7	30	23.0
7	31	21.0
7	32	16.0
7	33	14.0
7	34	13.0
7	35	9.0
7	36	10.0
7	37	12.0
7	38	16.0
7	39	7.0
7	40	12.0
7	41	22.0
7	42	18.0
7	43	8.0
7	44	10.0
7	45	11.0
7	46	21.0
7	47	17.0
7	48	15.0
7	49	35.0
7	50	44.0
7	51	24.0
7	52	25.0
7	53	24.0
7	54	26.0
7	55	25.0
7	56	22.0
7	57	25.0
7	58	26.0
7	59	39.0
7	60	27.0
7	61	25.0
7	62	15.0
7	63	27.0
7	64	16.0
7	65	24.0
7	66	19.0
7	67	8.0
7	68	27.0
7	69	19.0
7	70	25.0
7	71	30.0
7	72	27.0
7	73	23.0
7	74	36.0
7	75	27.0
7	76	37.0
7	77	31.0
7	78	31.0
7	79	17.0
7	80	21.0
7	81	27.0
7	82	33.0
7	83	25.0
7	84	21.0
7	85	19.0
7	86	16.0
7	87	10.0
7	88	8.0
7	89	18.0
7	90	27.0
7	91	31.0
7	92	19.0
7	93	25.0
7	94	14.0
7	95	14.0
7	96	21.0
7	97	17.0
7	98	13.0
7	99	16.0
7	100	28.0
7	101	22.0
7	102	11.0
7	103	21.0
7	104	24.0
7	105	21.0
7	106	15.0
7	107	31.0
7	108	23.0
7	109	19.0
7	110	29.0
7	111	25.0
7	112	27.0
7	113	34.0
7	114	26.0
7	115	37.0
7	116	43.0
7	117	42.0
7	118	35.0
7	119	21.0
7	120	29.0
7	121	39.0
7	122	23.0
8	9	88.0
8	10	111.0
8	11	123.0
8	12	60.0
8	13	37.0
8	14	35.0
8	15	37.0
8	16	38.0
8	17	26.0
8	18	32.0
8	19	32.0
8	20	29.0
8	21	16.0
8	22	15.0
8	23	23.0
8	24	23.0
8	25	15.0
8	26	18.0
8	27	18.0
8	28	19.0
8	29	12.0
8	30	19.0
8	31	18.0
8	32	12.0
8	33	18.0
8	34	8.0
8	35	8.0
8	36	12.0
8	37	7.0
8	38	8.0
8	39	18.0
8	40	13.0
8	41	15.0
8	42	12.0
8	43	15.0
8	44	15.0
8	45	5.0
8	46	17.0
8	47	21.0
8	48	20.0
8	49	27.0
8	50	23.0
8	51	19.0
8	52	20.0
8	53	20.0
8	54	15.0
8	55	27.0
8	56	30.0
8	57	23.0
8	58	33.0
8	59	34.0
8	60	22.0
8	61	26.0
8	62	21.0
8	63	29.0
8	64	14.0
8	65	23.0
8	66	20.0
8	67	29.0
8	68	22.0
8	69	21.0
8	70	16.0
8	71	34.0
8	72	36.0
8	73	39.0
8	74	42.0
8	75	22.0
8	76	39.0
8	77	33.0
8	78	25.0
8	79	22.0
8	80	21.0
8	81	29.0
8	82	13.0
8	83	26.0
8	84	20.0
8	85	31.0
8	86	18.0
8	87	15.0
8	88	11.0
8	89	24.0
8	90	18.0
8	91	21.0
8	92	15.0
8	93	28.0
8	94	16.0
8	95	16.0
8	96	16.0
8	97	12.0
8	98	18.0
8	99	19.0
8	100	17.0
8	101	16.0
8	102	16.0
8	103	14.0
8	104	29.0
8	105	24.0
8	106	28.0
8	107	34.0
8	108	31.0
8	109	29.0
8	110	36.0
8	111	21.0
8	112	30.0
8	113	28.0
8	114	30.0
8	115	31.0
8	116	47.0
8	117	39.0
8	118	38.0
8	119	33.0
8	120	50.0
8	121	41.0
8	122	32.0
9	10	143.0
9	11	86.0
9	12	80.0
9	13	59.0
9	14	55.0
9	15	36.0
9	16	41.0
9	17	32.0
9	18	31.0
9	19	32.0
9	20	31.0
9	21	20.0
9	22	21.0
9	23	27.0
9	24	19.0
9	25	22.0
9	26	22.0
9	27	16.0
9	28	18.0
9	29	22.0
9	30	12.0
9	31	17.0
9	32	13.0
9	33	13.0
9	34	14.0
9	35	6.0
9	36	7.0
9	37	10.0
9	38	6.0
9	39	7.0
9	40	13.0
9	41	18.0
9	42	12.0
9	43	11.0
9	44	12.0
9	45	10.0
9	46	8.0
9	47	12.0
9	48	18.0
9	49	21.0
9	50	29.0
9	51	17.0
9	52	21.0
9	53	17.0
9	54	18.0
9	55	20.0
9	56	17.0
9	57	24.0
9	58	30.0
9	59	36.0
9	60	24.0
9	61	15.0
9	62	16.0
9	63	18.0
9	64	22.0
9	65	13.0
9	66	22.0
9	67	26.0
9	68	15.0
9	69	25.0
9	70	24.0
9	71	28.0
9	72	24.0
9	73	27.0
9	74	21.0
9	75	24.0
9	76	25.0
9	77	19.0
9	78	25.0
9	79	22.0
9	80	25.0
9	81	21.0
9	82	25.0
9	83	23.0
9	84	27.0
9	85	26.0
9	86	23.0
9	87	17.0
9	88	12.0
9	89	26.0
9	90	22.0
9	91	17.0
9	92	18.0
9	93	15.0
9	94	18.0
9	95	20.0
9	96	12.0
9	97	25.0
9	98	19.0
9	99	22.0
9	100	19.0
9	101	16.0
9	102	19.0
9	103	26.0
9	104	23.0
9	105	25.0
9	106	23.0
9	107	32.0
9	108	30.0
9	109	34.0
9	110	26.0
9	111	24.0
9	112	35.0
9	113	27.0
9	114	22.0
9	115	17.0
9	116	28.0
9	117	36.0
9	118	44.0
9	119	46.0
9	120	55.0
9	121	39.0
9	122	39.0
10	11	227.0
10	12	92.0
10	13	51.0
10	14	47.0
10	15	45.0
10	16	51.0
10	17	46.0
10	18	63.0
10	19	35.0
10	20	32.0
10	21	29.0
10	22	20.0
10	23	22.0
10	24	29.0
10	25	23.0
10	26	18.0
10	27	20.0
10	28	13.0
10	29	15.0
10	30	14.0
10	31	15.0
10	32	11.0
10	33	11.0
10	34	11.0
10	35	16.0
10	36	10.0
10	37	10.0
10	38	13.0
10	39	10.0
10	40	13.0
10	41	16.0
10	42	13.0
10	43	15.0
10	44	7.0
10	45	13.0
10	46	18.0
10	47	16.0
10	48	20.0
10	49	30.0
10	50	25.0
10	51	34.0
10	52	35.0
10	53	19.0
10	54	24.0
10	55	17.0
10	56	16.0
10	57	24.0
10	58	23.0
10	59	28.0
10	60	25.0
10	61	18.0
10	62	16.0
10	63	18.0
10	64	23.0
10	65	17.0
10	66	14.0
10	67	18.0
10	68	29.0
10	69	19.0
10	70	25.0
10	71	23.0
10	72	32.0
10	73	33.0
10	74	36.0
10	75	27.0
10	76	27.0
10	77	26.0
10	78	30.0
10	79	21.0
10	80	11.0
10	81	29.0
10	82	23.0
10	83	30.0
10	84	26.0
10	85	26.0
10	86	19.0
10	87	18.0
10	88	14.0
10	89	17.0
10	90	18.0
10	91	17.0
10	92	29.0
10	93	14.0
10	94	17.0
10	95	12.0
10	96	12.0
10	97	23.0
10	98	24.0
10	99	19.0
10	100	19.0
10	101	20.0
10	102	20.0
10	103	12.0
10	104	25.0
10	105	27.0
10	106	23.0
10	107	30.0
10	108	24.0
10	109	32.0
10	110	27.0
10	111	17.0
10	112	39.0
10	113	34.0
10	114	28.0
10	115	25.0
10	116	26.0
10	117	37.0
10	118	31.0
10	119	32.0
10	120	43.0
10	121	28.0
10	122	31.0
11	12	94.0
11	13	48.0
11	14	64.0
11	15	32.0
11	16	58.0
11	17	49.0
11	18	71.0
11	19	37.0
11	20	29.0
11	21	38.0
11	22	27.0
11	23	33.0
11	24	19.0
11	25	37.0
11	26	14.0
11	27	18.0
11	28	22.0
11	29	15.0
11	30	15.0
11	31	11.0
11	32	14.0
11	33	2.0
11	34	11.0
11	35	12.0
11	36	14.0
11	37	7.0
11	38	5.0
11	39	15.0
11	40	18.0
11	41	19.0
11	42	16.0
11	43	9.0
11	44	9.0
11	45	8.0
11	46	11.0
11	47	20.0
11	48	21.0
11	49	24.0
11	50	25.0
11	51	21.0
11	52	23.0
11	53	20.0
11	54	22.0
11	55	17.0
11	56	20.0
11	57	28.0
11	58	31.0
11	59	29.0
11	60	27.0
11	61	16.0
11	62	28.0
11	63	16.0
11	64	19.0
11	65	15.0
11	66	19.0
11	67	20.0
11	68	19.0
11	69	22.0
11	70	28.0
11	71	31.0
11	72	38.0
11	73	17.0
11	74	36.0
11	75	31.0
11	76	21.0
11	77	23.0
11	78	21.0
11	79	33.0
11	80	25.0
11	81	22.0
11	82	18.0
11	83	21.0
11	84	27.0
11	85	14.0
11	86	22.0
11	87	14.0
11	88	15.0
11	89	23.0
11	90	17.0
11	91	13.0
11	92	15.0
11	93	9.0
11	94	24.0
11	95	21.0
11	96	16.0
11	97	20.0
11	98	18.0
11	99	23.0
11	100	11.0
11	101	23.0
11	102	15.0
11	103	20.0
11	104	17.0
11	105	20.0
11	106	18.0
11	107	36.0
11	108	28.0
11	109	28.0
11	110	18.0
11	111	21.0
11	112	33.0
11	113	30.0
11	114	24.0
11	115	17.0
11	116	29.0
11	117	31.0
11	118	38.0
11	119	25.0
11	120	42.0
11	121	27.0
11	122	34.0
12	13	101.0
12	14	146.0
12	15	76.0
12	16	62.0
12	17	55.0
12	18	56.0
12	19	65.0
12	20	36.0
12	21	40.0
12	22	29.0
12	23	31.0
12	24	33.0
12	25	24.0
12	26	23.0
12	27	12.0
12	28	20.0
12	29	30.0
12	30	17.0
12	31	9.0
12	32	11.0
12	33	11.0
12	34	6.0
12	35	16.0
12	36	8.0
12	37	10.0
12	38	7.0
12	39	18.0
12	40	14.0
12	41	19.0
12	42	14.0
12	43	10.0
12	44	11.0
12	45	11.0
12	46	15.0
12	47	16.0
12	48	20.0
12	49	19.0
12	50	28.0
12	51	33.0
12	52	20.0
12	53	24.0
12	54	27.0
12	55	20.0
12	56	17.0
12	57	20.0
12	58	19.0
12	59	18.0
12	60	32.0
12	61	28.0
12	62	20.0
12	63	12.0
12	64	10.0
12	65	15.0
12	66	20.0
12	67	21.0
12	68	25.0
12	69	24.0
12	70	19.0
12	71	32.0
12	72	29.0
12	73	29.0
12	74	24.0
12	75	28.0
12	76	28.0
12	77	16.0
12	78	15.0
12	79	13.0
12	80	19.0
12	81	25.0
12	82	27.0
12	83	26.0
12	84	19.0
12	85	22.0
12	86	16.0
12	87	8.0
12	88	7.0
12	89	19.0
12	90	14.0
12	91	17.0
12	92	14.0
12	93	14.0
12	94	19.0
12	95	18.0
12	96	15.0
12	97	19.0
12	98	9.0
12	99	18.0
12	100	19.0
12	101	17.0
12	102	8.0
12	103	17.0
12	104	22.0
12	105	16.0
12	106	28.0
12	107	27.0
12	108	11.0
12	109	16.0
12	110	25.0
12	111	15.0
12	112	23.0
12	113	24.0
12	114	21.0
12	115	21.0
12	116	25.0
12	117	24.0
12	118	19.0
12	119	29.0
12	120	23.0
12	121	27.0
12	122	30.0
13	14	268.0
13	15	121.0
13	16	70.0
13	17	42.0
13	18	46.0
13	19	50.0
13	20	41.0
13	21	40.0
13	22	37.0
13	23	29.0
13	24	39.0
13	25	28.0
13	26	15.0
13	27	14.0
13	28	16.0
13	29	17.0
13	30	19.0
13	31	13.0
13	32	16.0
13	33	14.0
13	34	5.0
13	35	11.0
13	36	8.0
13	37	2.0
13	38	13.0
13	39	13.0
13	40	7.0
13	41	16.0
13	42	14.0
13	43	13.0
13	44	11.0
13	45	15.0
13	46	14.0
13	47	11.0
13	48	18.0
13	49	25.0
13	50	21.0
13	51	21.0
13	52	18.0
13	53	26.0
13	54	30.0
13	55	20.0
13	56	17.0
13	57	13.0
13	58	20.0
13	59	22.0
13	60	18.0
13	61	16.0
13	62	18.0
13	63	18.0
13	64	22.0
13	65	14.0
13	66	23.0
13	67	28.0
13	68	17.0
13	69	13.0
13	70	22.0
13	71	26.0
13	72	12.0
13	73	21.0
13	74	20.0
13	75	22.0
13	76	25.0
13	77	26.0
13	78	15.0
13	79	19.0
13	80	16.0
13	81	13.0
13	82	18.0
13	83	21.0
13	84	13.0
13	85	22.0
13	86	10.0
13	87	12.0
13	88	9.0
13	89	13.0
13	90	17.0
13	91	14.0
13	92	11.0
13	93	20.0
13	94	20.0
13	95	14.0
13	96	12.0
13	97	9.0
13	98	18.0
13	99	8.0
13	100	19.0
13	101	19.0
13	102	15.0
13	103	17.0
13	104	19.0
13	105	16.0
13	106	15.0
13	107	13.0
13	108	22.0
13	109	20.0
13	110	17.0
13	111	17.0
13	112	19.0
13	113	17.0
13	114	17.0
13	115	19.0
13	116	26.0
13	117	23.0
13	118	17.0
13	119	21.0
13	120	27.0
13	121	28.0
13	122	19.0
14	15	164.0
14	16	74.0
14	17	73.0
14	18	50.0
14	19	75.0
14	20	59.0
14	21	35.0
14	22	33.0
14	23	22.0
14	24	29.0
14	25	25.0
14	26	23.0
14	27	24.0
14	28	23.0
14	29	17.0
14	30	13.0
14	31	16.0
14	32	17.0
14	33	13.0
14	34	9.0
14	35	7.0
14	36	6.0
14	37	6.0
14	38	14.0
14	39	7.0
14	40	10.0
14	41	15.0
14	42	11.0
14	43	16.0
14	44	9.0
14	45	17.0
14	46	17.0
14	47	17.0
14	48	18.0
14	49	26.0
14	50	24.0
14	51	21.0
14	52	23.0
14	53	25.0
14	54	20.0
14	55	19.0
14	56	21.0
14	57	25.0
14	58	25.0
14	59	13.0
14	60	17.0
14	61	20.0
14	62	18.0
14	63	18.0
14	64	11.0
14	65	11.0
14	66	25.0
14	67	14.0
14	68	22.0
14	69	17.0
14	70	16.0
14	71	21.0
14	72	19.0
14	73	22.0
14	74	22.0
14	75	24.0
14	76	19.0
14	77	18.0
14	78	22.0
14	79	19.0
14	80	18.0
14	81	21.0
14	82	12.0
14	83	11.0
14	84	17.0
14	85	12.0
14	86	11.0
14	87	16.0
14	88	15.0
14	89	19.0
14	90	16.0
14	91	13.0
14	92	10.0
14	93	11.0
14	94	14.0
14	95	13.0
14	96	11.0
14	97	21.0
14	98	10.0
14	99	11.0
14	100	20.0
14	101	23.0
14	102	20.0
14	103	17.0
14	104	16.0
14	105	18.0
14	106	20.0
14	107	16.0
14	108	19.0
14	109	20.0
14	110	13.0
14	111	18.0
14	112	12.0
14	113	23.0
14	114	33.0
14	115	23.0
14	116	9.0
14	117	15.0
14	118	23.0
14	119	15.0
14	120	29.0
14	121	26.0
14	122	18.0
15	16	112.0
15	17	82.0
15	18	80.0
15	19	93.0
15	20	48.0
15	21	44.0
15	22	32.0
15	23	43.0
15	24	31.0
15	25	25.0
15	26	26.0
15	27	16.0
15	28	28.0
15	29	22.0
15	30	22.0
15	31	17.0
15	32	10.0
15	33	10.0
15	34	9.0
15	35	8.0
15	36	7.0
15	37	8.0
15	38	9.0
15	39	10.0
15	40	12.0
15	41	11.0
15	42	15.0
15	43	14.0
15	44	9.0
15	45	18.0
15	46	16.0
15	47	19.0
15	48	25.0
15	49	24.0
15	50	17.0
15	51	28.0
15	52	31.0
15	53	32.0
15	54	29.0
15	55	12.0
15	56	18.0
15	57	18.0
15	58	21.0
15	59	21.0
15	60	20.0
15	61	17.0
15	62	6.0
15	63	14.0
15	64	16.0
15	65	14.0
15	66	16.0
15	67	16.0
15	68	14.0
15	69	21.0
15	70	19.0
15	71	19.0
15	72	14.0
15	73	25.0
15	74	26.0
15	75	15.0
15	76	19.0
15	77	25.0
15	78	18.0
15	79	14.0
15	80	19.0
15	81	21.0
15	82	24.0
15	83	14.0
15	84	19.0
15	85	18.0
15	86	15.0
15	87	10.0
15	88	8.0
15	89	14.0
15	90	19.0
15	91	9.0
15	92	14.0
15	93	10.0
15	94	13.0
15	95	11.0
15	96	18.0
15	97	14.0
15	98	17.0
15	99	14.0
15	100	12.0
15	101	13.0
15	102	8.0
15	103	10.0
15	104	15.0
15	105	14.0
15	106	16.0
15	107	23.0
15	108	18.0
15	109	14.0
15	110	18.0
15	111	9.0
15	112	16.0
15	113	13.0
15	114	20.0
15	115	14.0
15	116	17.0
15	117	17.0
15	118	15.0
15	119	21.0
15	120	29.0
15	121	20.0
15	122	22.0
16	17	367.0
16	18	198.0
16	19	234.0
16	20	95.0
16	21	48.0
16	22	56.0
16	23	55.0
16	24	48.0
16	25	35.0
16	26	32.0
16	27	26.0
16	28	16.0
16	29	21.0
16	30	34.0
16	31	16.0
16	32	17.0
16	33	15.0
16	34	11.0
16	35	8.0
16	36	11.0
16	37	9.0
16	38	14.0
16	39	11.0
16	40	17.0
16	41	14.0
16	42	18.0
16	43	11.0
16	44	11.0
16	45	9.0
16	46	20.0
16	47	24.0
16	48	28.0
16	49	23.0
16	50	33.0
16	51	31.0
16	52	40.0
16	53	34.0
16	54	27.0
16	55	21.0
16	56	34.0
16	57	30.0
16	58	19.0
16	59	28.0
16	60	24.0
16	61	17.0
16	62	19.0
16	63	29.0
16	64	16.0
16	65	17.0
16	66	15.0
16	67	31.0
16	68	24.0
16	69	23.0
16	70	18.0
16	71	23.0
16	72	32.0
16	73	21.0
16	74	17.0
16	75	24.0
16	76	23.0
16	77	22.0
16	78	24.0
16	79	24.0
16	80	17.0
16	81	13.0
16	82	28.0
16	83	16.0
16	84	17.0
16	85	20.0
16	86	21.0
16	87	14.0
16	88	8.0
16	89	8.0
16	90	16.0
16	91	12.0
16	92	13.0
16	93	14.0
16	94	9.0
16	95	14.0
16	96	10.0
16	97	10.0
16	98	9.0
16	99	18.0
16	100	7.0
16	101	10.0
16	102	20.0
16	103	18.0
16	104	16.0
16	105	11.0
16	106	12.0
16	107	11.0
16	108	19.0
16	109	15.0
16	110	15.0
16	111	16.0
16	112	12.0
16	113	10.0
16	114	16.0
16	115	19.0
16	116	24.0
16	117	22.0
16	118	16.0
16	119	15.0
16	120	25.0
16	121	27.0
16	122	24.0
17	18	292.0
17	19	305.0
17	20	106.0
17	21	78.0
17	22	68.0
17	23	62.0
17	24	45.0
17	25	31.0
17	26	29.0
17	27	22.0
17	28	29.0
17	29	25.0
17	30	26.0
17	31	19.0
17	32	15.0
17	33	15.0
17	34	18.0
17	35	13.0
17	36	11.0
17	37	9.0
17	38	10.0
17	39	13.0
17	40	17.0
17	41	14.0
17	42	11.0
17	43	11.0
17	44	18.0
17	45	15.0
17	46	16.0
17	47	23.0
17	48	32.0
17	49	27.0
17	50	27.0
17	51	42.0
17	52	49.0
17	53	34.0
17	54	33.0
17	55	28.0
17	56	30.0
17	57	21.0
17	58	27.0
17	59	30.0
17	60	22.0
17	61	19.0
17	62	22.0
17	63	19.0
17	64	21.0
17	65	12.0
17	66	15.0
17	67	27.0
17	68	17.0
17	69	15.0
17	70	27.0
17	71	22.0
17	72	20.0
17	73	15.0
17	74	25.0
17	75	20.0
17	76	15.0
17	77	17.0
17	78	21.0
17	79	21.0
17	80	20.0
17	81	18.0
17	82	12.0
17	83	9.0
17	84	22.0
17	85	20.0
17	86	8.0
17	87	15.0
17	88	16.0
17	89	17.0
17	90	14.0
17	91	7.0
17	92	12.0
17	93	15.0
17	94	18.0
17	95	18.0
17	96	15.0
17	97	12.0
17	98	14.0
17	99	16.0
17	100	12.0
17	101	13.0
17	102	15.0
17	103	13.0
17	104	6.0
17	105	18.0
17	106	16.0
17	107	12.0
17	108	15.0
17	109	18.0
17	110	9.0
17	111	14.0
17	112	18.0
17	113	18.0
17	114	17.0
17	115	27.0
17	116	13.0
17	117	18.0
17	118	14.0
17	119	18.0
17	120	27.0
17	121	13.0
17	122	32.0
18	19	161.0
18	20	126.0
18	21	57.0
18	22	59.0
18	23	70.0
18	24	49.0
18	25	35.0
18	26	41.0
18	27	33.0
18	28	27.0
18	29	18.0
18	30	28.0
18	31	13.0
18	32	16.0
18	33	10.0
18	34	3.0
18	35	16.0
18	36	13.0
18	37	13.0
18	38	7.0
18	39	13.0
18	40	26.0
18	41	22.0
18	42	15.0
18	43	11.0
18	44	17.0
18	45	13.0
18	46	20.0
18	47	22.0
18	48	29.0
18	49	29.0
18	50	32.0
18	51	26.0
18	52	40.0
18	53	27.0
18	54	24.0
18	55	19.0
18	56	19.0
18	57	32.0
18	58	21.0
18	59	25.0
18	60	42.0
18	61	15.0
18	62	15.0
18	63	18.0
18	64	16.0
18	65	17.0
18	66	21.0
18	67	16.0
18	68	20.0
18	69	16.0
18	70	20.0
18	71	16.0
18	72	23.0
18	73	23.0
18	74	21.0
18	75	20.0
18	76	19.0
18	77	13.0
18	78	16.0
18	79	20.0
18	80	12.0
18	81	29.0
18	82	14.0
18	83	15.0
18	84	15.0
18	85	23.0
18	86	22.0
18	87	12.0
18	88	13.0
18	89	9.0
18	90	18.0
18	91	20.0
18	92	10.0
18	93	17.0
18	94	12.0
18	95	12.0
18	96	14.0
18	97	16.0
18	98	19.0
18	99	17.0
18	100	19.0
18	101	4.0
18	102	10.0
18	103	14.0
18	104	14.0
18	105	27.0
18	106	19.0
18	107	21.0
18	108	14.0
18	109	20.0
18	110	17.0
18	111	20.0
18	112	16.0
18	113	19.0
18	114	16.0
18	115	17.0
18	116	13.0
18	117	23.0
18	118	19.0
18	119	26.0
18	120	18.0
18	121	17.0
18	122	18.0
19	20	135.0
19	21	68.0
19	22	67.0
19	23	73.0
19	24	45.0
19	25	34.0
19	26	34.0
19	27	10.0
19	28	26.0
19	29	24.0
19	30	28.0
19	31	17.0
19	32	17.0
19	33	12.0
19	34	7.0
19	35	10.0
19	36	9.0
19	37	10.0
19	38	15.0
19	39	14.0
19	40	14.0
19	41	20.0
19	42	15.0
19	43	20.0
19	44	22.0
19	45	10.0
19	46	19.0
19	47	19.0
19	48	18.0
19	49	46.0
19	50	29.0
19	51	15.0
19	52	46.0
19	53	35.0
19	54	28.0
19	55	30.0
19	56	22.0
19	57	39.0
19	58	26.0
19	59	28.0
19	60	32.0
19	61	20.0
19	62	22.0
19	63	17.0
19	64	26.0
19	65	17.0
19	66	15.0
19	67	13.0
19	68	21.0
19	69	14.0
19	70	33.0
19	71	23.0
19	72	20.0
19	73	20.0
19	74	26.0
19	75	19.0
19	76	22.0
19	77	24.0
19	78	15.0
19	79	17.0
19	80	11.0
19	81	18.0
19	82	20.0
19	83	20.0
19	84	18.0
19	85	23.0
19	86	20.0
19	87	16.0
19	88	12.0
19	89	10.0
19	90	21.0
19	91	14.0
19	92	14.0
19	93	8.0
19	94	10.0
19	95	14.0
19	96	12.0
19	97	16.0
19	98	14.0
19	99	16.0
19	100	7.0
19	101	17.0
19	102	13.0
19	103	4.0
19	104	16.0
19	105	11.0
19	106	19.0
19	107	18.0
19	108	15.0
19	109	12.0
19	110	12.0
19	111	7.0
19	112	16.0
19	113	16.0
19	114	21.0
19	115	15.0
19	116	20.0
19	117	13.0
19	118	27.0
19	119	19.0
19	120	19.0
19	121	28.0
19	122	21.0
20	21	143.0
20	22	119.0
20	23	77.0
20	24	69.0
20	25	47.0
20	26	30.0
20	27	40.0
20	28	17.0
20	29	29.0
20	30	26.0
20	31	16.0
20	32	16.0
20	33	11.0
20	34	10.0
20	35	5.0
20	36	12.0
20	37	8.0
20	38	18.0
20	39	18.0
20	40	20.0
20	41	18.0
20	42	20.0
20	43	12.0
20	44	17.0
20	45	16.0
20	46	24.0
20	47	27.0
20	48	33.0
20	49	35.0
20	50	32.0
20	51	37.0
20	52	53.0
20	53	46.0
20	54	42.0
20	55	30.0
20	56	26.0
20	57	26.0
20	58	19.0
20	59	23.0
20	60	30.0
20	61	23.0
20	62	19.0
20	63	13.0
20	64	24.0
20	65	11.0
20	66	12.0
20	67	22.0
20	68	19.0
20	69	17.0
20	70	28.0
20	71	22.0
20	72	16.0
20	73	22.0
20	74	20.0
20	75	15.0
20	76	20.0
20	77	22.0
20	78	14.0
20	79	19.0
20	80	16.0
20	81	25.0
20	82	14.0
20	83	20.0
20	84	16.0
20	85	20.0
20	86	21.0
20	87	11.0
20	88	12.0
20	89	20.0
20	90	19.0
20	91	13.0
20	92	9.0
20	93	9.0
20	94	10.0
20	95	12.0
20	96	12.0
20	97	14.0
20	98	16.0
20	99	15.0
20	100	13.0
20	101	17.0
20	102	22.0
20	103	10.0
20	104	8.0
20	105	21.0
20	106	13.0
20	107	16.0
20	108	16.0
20	109	14.0
20	110	20.0
20	111	15.0
20	112	12.0
20	113	14.0
20	114	9.0
20	115	19.0
20	116	20.0
20	117	18.0
20	118	16.0
20	119	11.0
20	120	20.0
20	121	16.0
20	122	17.0
21	22	136.0
21	23	93.0
21	24	80.0
21	25	61.0
21	26	42.0
21	27	35.0
21	28	24.0
21	29	27.0
21	30	29.0
21	31	20.0
21	32	22.0
21	33	8.0
21	34	13.0
21	35	12.0
21	36	7.0
21	37	16.0
21	38	12.0
21	39	9.0
21	40	14.0
21	41	20.0
21	42	15.0
21	43	20.0
21	44	18.0
21	45	17.0
21	46	24.0
21	47	28.0
21	48	42.0
21	49	30.0
21	50	30.0
21	51	42.0
21	52	42.0
21	53	43.0
21	54	44.0
21	55	29.0
21	56	28.0
21	57	39.0
21	58	29.0
21	59	27.0
21	60	33.0
21	61	20.0
21	62	26.0
21	63	17.0
21	64	22.0
21	65	16.0
21	66	25.0
21	67	26.0
21	68	23.0
21	69	23.0
21	70	19.0
21	71	17.0
21	72	21.0
21	73	22.0
21	74	19.0
21	75	18.0
21	76	19.0
21	77	16.0
21	78	16.0
21	79	24.0
21	80	15.0
21	81	11.0
21	82	18.0
21	83	20.0
21	84	16.0
21	85	16.0
21	86	13.0
21	87	17.0
21	88	12.0
21	89	15.0
21	90	19.0
21	91	15.0
21	92	19.0
21	93	9.0
21	94	8.0
21	95	5.0
21	96	22.0
21	97	7.0
21	98	14.0
21	99	18.0
21	100	9.0
21	101	7.0
21	102	13.0
21	103	11.0
21	104	12.0
21	105	10.0
21	106	16.0
21	107	12.0
21	108	13.0
21	109	7.0
21	110	14.0
21	111	10.0
21	112	9.0
21	113	22.0
21	114	15.0
21	115	14.0
21	116	20.0
21	117	17.0
21	118	19.0
21	119	16.0
21	120	18.0
21	121	18.0
21	122	18.0
22	23	231.0
22	24	174.0
22	25	73.0
22	26	58.0
22	27	22.0
22	28	49.0
22	29	32.0
22	30	29.0
22	31	18.0
22	32	15.0
22	33	27.0
22	34	7.0
22	35	10.0
22	36	8.0
22	37	17.0
22	38	9.0
22	39	23.0
22	40	19.0
22	41	31.0
22	42	24.0
22	43	17.0
22	44	18.0
22	45	18.0
22	46	21.0
22	47	33.0
22	48	40.0
22	49	38.0
22	50	26.0
22	51	39.0
22	52	44.0
22	53	47.0
22	54	29.0
22	55	21.0
22	56	16.0
22	57	23.0
22	58	25.0
22	59	33.0
22	60	29.0
22	61	31.0
22	62	19.0
22	63	16.0
22	64	25.0
22	65	21.0
22	66	17.0
22	67	16.0
22	68	17.0
22	69	21.0
22	70	15.0
22	71	16.0
22	72	22.0
22	73	13.0
22	74	17.0
22	75	22.0
22	76	25.0
22	77	18.0
22	78	9.0
22	79	15.0
22	80	17.0
22	81	19.0
22	82	15.0
22	83	14.0
22	84	15.0
22	85	11.0
22	86	18.0
22	87	11.0
22	88	11.0
22	89	10.0
22	90	15.0
22	91	15.0
22	92	9.0
22	93	10.0
22	94	8.0
22	95	14.0
22	96	17.0
22	97	12.0
22	98	18.0
22	99	15.0
22	100	14.0
22	101	16.0
22	102	16.0
22	103	11.0
22	104	12.0
22	105	14.0
22	106	14.0
22	107	8.0
22	108	19.0
22	109	15.0
22	110	11.0
22	111	18.0
22	112	14.0
22	113	17.0
22	114	11.0
22	115	18.0
22	116	17.0
22	117	17.0
22	118	12.0
22	119	20.0
22	120	17.0
22	121	16.0
22	122	22.0
23	24	135.0
23	25	70.0
23	26	49.0
23	27	27.0
23	28	34.0
23	29	41.0
23	30	48.0
23	31	29.0
23	32	18.0
23	33	10.0
23	34	10.0
23	35	8.0
23	36	17.0
23	37	14.0
23	38	25.0
23	39	19.0
23	40	21.0
23	41	25.0
23	42	24.0
23	43	14.0
23	44	18.0
23	45	22.0
23	46	17.0
23	47	28.0
23	48	54.0
23	49	38.0
23	50	28.0
23	51	44.0
23	52	41.0
23	53	30.0
23	54	31.0
23	55	23.0
23	56	20.0
23	57	18.0
23	58	22.0
23	59	25.0
23	60	25.0
23	61	19.0
23	62	15.0
23	63	21.0
23	64	13.0
23	65	18.0
23	66	13.0
23	67	23.0
23	68	14.0
23	69	10.0
23	70	22.0
23	71	20.0
23	72	23.0
23	73	18.0
23	74	14.0
23	75	25.0
23	76	17.0
23	77	19.0
23	78	11.0
23	79	15.0
23	80	9.0
23	81	12.0
23	82	12.0
23	83	18.0
23	84	13.0
23	85	14.0
23	86	17.0
23	87	5.0
23	88	9.0
23	89	19.0
23	90	7.0
23	91	12.0
23	92	16.0
23	93	12.0
23	94	8.0
23	95	13.0
23	96	9.0
23	97	9.0
23	98	10.0
23	99	12.0
23	100	11.0
23	101	19.0
23	102	15.0
23	103	9.0
23	104	9.0
23	105	8.0
23	106	11.0
23	107	9.0
23	108	15.0
23	109	12.0
23	110	19.0
23	111	10.0
23	112	11.0
23	113	17.0
23	114	17.0
23	115	18.0
23	116	9.0
23	117	17.0
23	118	13.0
23	119	14.0
23	120	11.0
23	121	18.0
23	122	13.0
24	25	101.0
24	26	37.0
24	27	34.0
24	28	48.0
24	29	47.0
24	30	44.0
24	31	21.0
24	32	16.0
24	33	15.0
24	34	11.0
24	35	17.0
24	36	18.0
24	37	14.0
24	38	14.0
24	39	20.0
24	40	20.0
24	41	26.0
24	42	17.0
24	43	19.0
24	44	11.0
24	45	21.0
24	46	24.0
24	47	39.0
24	48	46.0
24	49	29.0
24	50	36.0
24	51	26.0
24	52	47.0
24	53	33.0
24	54	31.0
24	55	24.0
24	56	25.0
24	57	22.0
24	58	15.0
24	59	15.0
24	60	22.0
24	61	19.0
24	62	18.0
24	63	14.0
24	64	12.0
24	65	16.0
24	66	19.0
24	67	11.0
24	68	16.0
24	69	15.0
24	70	10.0
24	71	18.0
24	72	15.0
24	73	12.0
24	74	24.0
24	75	17.0
24	76	20.0
24	77	14.0
24	78	22.0
24	79	18.0
24	80	12.0
24	81	11.0
24	82	23.0
24	83	14.0
24	84	24.0
24	85	13.0
24	86	11.0
24	87	13.0
24	88	11.0
24	89	19.0
24	90	13.0
24	91	7.0
24	92	5.0
24	93	10.0
24	94	10.0
24	95	6.0
24	96	14.0
24	97	8.0
24	98	8.0
24	99	9.0
24	100	12.0
24	101	15.0
24	102	10.0
24	103	15.0
24	104	11.0
24	105	12.0
24	106	8.0
24	107	18.0
24	108	17.0
24	109	15.0
24	110	16.0
24	111	12.0
24	112	14.0
24	113	17.0
24	114	11.0
24	115	14.0
24	116	11.0
24	117	13.0
24	118	12.0
24	119	21.0
24	120	16.0
24	121	13.0
24	122	23.0
25	26	112.0
25	27	87.0
25	28	71.0
25	29	68.0
25	30	42.0
25	31	31.0
25	32	20.0
25	33	21.0
25	34	19.0
25	35	10.0
25	36	8.0
25	37	13.0
25	38	11.0
25	39	23.0
25	40	26.0
25	41	41.0
25	42	33.0
25	43	21.0
25	44	37.0
25	45	23.0
25	46	30.0
25	47	43.0
25	48	50.0
25	49	73.0
25	50	48.0
25	51	58.0
25	52	47.0
25	53	39.0
25	54	26.0
25	55	30.0
25	56	35.0
25	57	33.0
25	58	20.0
25	59	29.0
25	60	25.0
25	61	25.0
25	62	19.0
25	63	17.0
25	64	21.0
25	65	14.0
25	66	13.0
25	67	21.0
25	68	28.0
25	69	24.0
25	70	23.0
25	71	14.0
25	72	13.0
25	73	20.0
25	74	13.0
25	75	16.0
25	76	17.0
25	77	17.0
25	78	11.0
25	79	16.0
25	80	15.0
25	81	13.0
25	82	14.0
25	83	8.0
25	84	12.0
25	85	16.0
25	86	11.0
25	87	14.0
25	88	16.0
25	89	17.0
25	90	10.0
25	91	12.0
25	92	16.0
25	93	13.0
25	94	17.0
25	95	15.0
25	96	12.0
25	97	14.0
25	98	11.0
25	99	15.0
25	100	7.0
25	101	9.0
25	102	9.0
25	103	10.0
25	104	12.0
25	105	9.0
25	106	19.0
25	107	12.0
25	108	16.0
25	109	3.0
25	110	20.0
25	111	15.0
25	112	11.0
25	113	15.0
25	114	14.0
25	115	14.0
25	116	19.0
25	117	19.0
25	118	11.0
25	119	13.0
25	120	13.0
25	121	11.0
25	122	7.0
26	27	116.0
26	28	60.0
26	29	52.0
26	30	32.0
26	31	23.0
26	32	24.0
26	33	20.0
26	34	11.0
26	35	8.0
26	36	14.0
26	37	10.0
26	38	14.0
26	39	17.0
26	40	23.0
26	41	30.0
26	42	17.0
26	43	28.0
26	44	19.0
26	45	30.0
26	46	40.0
26	47	60.0
26	48	75.0
26	49	53.0
26	50	33.0
26	51	66.0
26	52	63.0
26	53	39.0
26	54	34.0
26	55	33.0
26	56	37.0
26	57	39.0
26	58	27.0
26	59	28.0
26	60	26.0
26	61	23.0
26	62	14.0
26	63	13.0
26	64	24.0
26	65	20.0
26	66	28.0
26	67	15.0
26	68	27.0
26	69	26.0
26	70	28.0
26	71	19.0
26	72	19.0
26	73	15.0
26	74	25.0
26	75	18.0
26	76	18.0
26	77	28.0
26	78	14.0
26	79	12.0
26	80	19.0
26	81	14.0
26	82	11.0
26	83	15.0
26	84	7.0
26	85	19.0
26	86	13.0
26	87	14.0
26	88	11.0
26	89	10.0
26	90	15.0
26	91	15.0
26	92	16.0
26	93	14.0
26	94	6.0
26	95	3.0
26	96	5.0
26	97	14.0
26	98	13.0
26	99	12.0
26	100	17.0
26	101	9.0
26	102	9.0
26	103	10.0
26	104	13.0
26	105	13.0
26	106	10.0
26	107	13.0
26	108	12.0
26	109	16.0
26	110	17.0
26	111	17.0
26	112	17.0
26	113	13.0
26	114	21.0
26	115	9.0
26	116	19.0
26	117	10.0
26	118	14.0
26	119	13.0
26	120	10.0
26	121	17.0
26	122	13.0
27	28	87.0
27	29	64.0
27	30	36.0
27	31	37.0
27	32	30.0
27	33	16.0
27	34	20.0
27	35	17.0
27	36	7.0
27	37	9.0
27	38	17.0
27	39	26.0
27	40	28.0
27	41	26.0
27	42	37.0
27	43	34.0
27	44	41.0
27	45	42.0
27	46	36.0
27	47	42.0
27	48	72.0
27	49	44.0
27	50	55.0
27	51	47.0
27	52	41.0
27	53	34.0
27	54	29.0
27	55	43.0
27	56	37.0
27	57	25.0
27	58	25.0
27	59	21.0
27	60	30.0
27	61	25.0
27	62	23.0
27	63	25.0
27	64	17.0
27	65	20.0
27	66	14.0
27	67	13.0
27	68	14.0
27	69	13.0
27	70	12.0
27	71	10.0
27	72	10.0
27	73	15.0
27	74	21.0
27	75	22.0
27	76	14.0
27	77	26.0
27	78	13.0
27	79	16.0
27	80	14.0
27	81	10.0
27	82	14.0
27	83	9.0
27	84	19.0
27	85	21.0
27	86	12.0
27	87	5.0
27	88	14.0
27	89	14.0
27	90	18.0
27	91	10.0
27	92	6.0
27	93	13.0
27	94	12.0
27	95	15.0
27	96	8.0
27	97	8.0
27	98	7.0
27	99	7.0
27	100	13.0
27	101	8.0
27	102	7.0
27	103	15.0
27	104	15.0
27	105	14.0
27	106	13.0
27	107	13.0
27	108	18.0
27	109	16.0
27	110	11.0
27	111	9.0
27	112	6.0
27	113	12.0
27	114	10.0
27	115	8.0
27	116	15.0
27	117	12.0
27	118	9.0
27	119	10.0
27	120	7.0
27	121	12.0
27	122	21.0
28	29	169.0
28	30	87.0
28	31	28.0
28	32	31.0
28	33	19.0
28	34	20.0
28	35	9.0
28	36	17.0
28	37	18.0
28	38	21.0
28	39	28.0
28	40	46.0
28	41	73.0
28	42	52.0
28	43	25.0
28	44	27.0
28	45	34.0
28	46	35.0
28	47	32.0
28	48	39.0
28	49	48.0
28	50	38.0
28	51	44.0
28	52	22.0
28	53	32.0
28	54	31.0
28	55	30.0
28	56	18.0
28	57	29.0
28	58	10.0
28	59	17.0
28	60	19.0
28	61	20.0
28	62	24.0
28	63	19.0
28	64	18.0
28	65	15.0
28	66	10.0
28	67	16.0
28	68	13.0
28	69	11.0
28	70	11.0
28	71	10.0
28	72	14.0
28	73	14.0
28	74	11.0
28	75	18.0
28	76	15.0
28	77	13.0
28	78	10.0
28	79	20.0
28	80	15.0
28	81	11.0
28	82	7.0
28	83	6.0
28	84	10.0
28	85	14.0
28	86	10.0
28	87	16.0
28	88	11.0
28	89	16.0
28	90	13.0
28	91	17.0
28	92	12.0
28	93	8.0
28	94	10.0
28	95	11.0
28	96	9.0
28	97	9.0
28	98	9.0
28	99	12.0
28	100	10.0
28	101	15.0
28	102	6.0
28	103	11.0
28	104	9.0
28	105	13.0
28	106	4.0
28	107	11.0
28	108	14.0
28	109	10.0
28	110	9.0
28	111	16.0
28	112	6.0
28	113	18.0
28	114	9.0
28	115	12.0
28	116	9.0
28	117	12.0
28	118	9.0
28	119	17.0
28	120	20.0
28	121	14.0
28	122	9.0
29	30	127.0
29	31	46.0
29	32	28.0
29	33	20.0
29	34	14.0
29	35	18.0
29	36	19.0
29	37	14.0
29	38	14.0
29	39	26.0
29	40	39.0
29	41	56.0
29	42	25.0
29	43	30.0
29	44	23.0
29	45	23.0
29	46	27.0
29	47	28.0
29	48	46.0
29	49	36.0
29	50	32.0
29	51	37.0
29	52	25.0
29	53	21.0
29	54	24.0
29	55	25.0
29	56	21.0
29	57	14.0
29	58	10.0
29	59	22.0
29	60	19.0
29	61	15.0
29	62	14.0
29	63	15.0
29	64	18.0
29	65	19.0
29	66	15.0
29	67	16.0
29	68	13.0
29	69	21.0
29	70	20.0
29	71	14.0
29	72	15.0
29	73	11.0
29	74	14.0
29	75	11.0
29	76	19.0
29	77	18.0
29	78	17.0
29	79	15.0
29	80	10.0
29	81	8.0
29	82	15.0
29	83	10.0
29	84	11.0
29	85	18.0
29	86	12.0
29	87	11.0
29	88	7.0
29	89	8.0
29	90	10.0
29	91	5.0
29	92	5.0
29	93	11.0
29	94	12.0
29	95	7.0
29	96	9.0
29	97	12.0
29	98	8.0
29	99	5.0
29	100	9.0
29	101	7.0
29	102	8.0
29	103	6.0
29	104	9.0
29	105	8.0
29	106	8.0
29	107	9.0
29	108	13.0
29	109	10.0
29	110	16.0
29	111	11.0
29	112	14.0
29	113	19.0
29	114	7.0
29	115	13.0
29	116	14.0
29	117	5.0
29	118	15.0
29	119	8.0
29	120	9.0
29	121	9.0
29	122	13.0
30	31	92.0
30	32	33.0
30	33	23.0
30	34	25.0
30	35	12.0
30	36	22.0
30	37	20.0
30	38	30.0
30	39	33.0
30	40	44.0
30	41	48.0
30	42	43.0
30	43	29.0
30	44	15.0
30	45	18.0
30	46	27.0
30	47	29.0
30	48	29.0
30	49	21.0
30	50	34.0
30	51	26.0
30	52	26.0
30	53	19.0
30	54	17.0
30	55	24.0
30	56	22.0
30	57	16.0
30	58	19.0
30	59	15.0
30	60	22.0
30	61	18.0
30	62	23.0
30	63	16.0
30	64	16.0
30	65	5.0
30	66	11.0
30	67	11.0
30	68	13.0
30	69	20.0
30	70	13.0
30	71	14.0
30	72	9.0
30	73	11.0
30	74	20.0
30	75	13.0
30	76	15.0
30	77	11.0
30	78	11.0
30	79	12.0
30	80	9.0
30	81	14.0
30	82	10.0
30	83	12.0
30	84	11.0
30	85	15.0
30	86	8.0
30	87	9.0
30	88	6.0
30	89	6.0
30	90	6.0
30	91	6.0
30	92	10.0
30	93	16.0
30	94	7.0
30	95	10.0
30	96	11.0
30	97	11.0
30	98	7.0
30	99	16.0
30	100	8.0
30	101	10.0
30	102	4.0
30	103	13.0
30	104	6.0
30	105	10.0
30	106	13.0
30	107	9.0
30	108	10.0
30	109	12.0
30	110	12.0
30	111	9.0
30	112	12.0
30	113	15.0
30	114	10.0
30	115	10.0
30	116	13.0
30	117	13.0
30	118	10.0
30	119	10.0
30	120	11.0
30	121	12.0
30	122	11.0
31	32	83.0
31	33	48.0
31	34	33.0
31	35	20.0
31	36	23.0
31	37	32.0
31	38	34.0
31	39	52.0
31	40	79.0
31	41	48.0
31	42	43.0
31	43	26.0
31	44	25.0
31	45	17.0
31	46	18.0
31	47	16.0
31	48	21.0
31	49	24.0
31	50	26.0
31	51	20.0
31	52	10.0
31	53	20.0
31	54	19.0
31	55	21.0
31	56	15.0
31	57	17.0
31	58	13.0
31	59	13.0
31	60	22.0
31	61	13.0
31	62	16.0
31	63	15.0
31	64	12.0
31	65	16.0
31	66	12.0
31	67	4.0
31	68	17.0
31	69	11.0
31	70	11.0
31	71	15.0
31	72	4.0
31	73	11.0
31	74	1.0
31	75	12.0
31	76	10.0
31	77	10.0
31	78	7.0
31	79	15.0
31	80	13.0
31	81	12.0
31	82	6.0
31	83	9.0
31	84	16.0
31	85	14.0
31	86	7.0
31	87	6.0
31	88	7.0
31	89	12.0
31	90	7.0
31	91	12.0
31	92	10.0
31	93	14.0
31	94	11.0
31	95	5.0
31	96	17.0
31	97	10.0
31	98	10.0
31	99	8.0
31	100	8.0
31	101	12.0
31	102	5.0
31	103	4.0
31	104	12.0
31	105	10.0
31	106	16.0
31	107	16.0
31	108	10.0
31	109	10.0
31	110	13.0
31	111	12.0
31	112	5.0
31	113	7.0
31	114	9.0
31	115	7.0
31	116	9.0
31	117	12.0
31	118	12.0
31	119	9.0
31	120	9.0
31	121	14.0
31	122	13.0
32	33	75.0
32	34	34.0
32	35	27.0
32	36	23.0
32	37	45.0
32	38	51.0
32	39	114.0
32	40	86.0
32	41	42.0
32	42	41.0
32	43	30.0
32	44	19.0
32	45	11.0
32	46	14.0
32	47	21.0
32	48	12.0
32	49	20.0
32	50	20.0
32	51	19.0
32	52	20.0
32	53	14.0
32	54	13.0
32	55	18.0
32	56	11.0
32	57	15.0
32	58	6.0
32	59	17.0
32	60	18.0
32	61	14.0
32	62	14.0
32	63	10.0
32	64	10.0
32	65	8.0
32	66	12.0
32	67	8.0
32	68	4.0
32	69	18.0
32	70	12.0
32	71	10.0
32	72	8.0
32	73	8.0
32	74	6.0
32	75	9.0
32	76	8.0
32	77	17.0
32	78	12.0
32	79	10.0
32	80	15.0
32	81	16.0
32	82	11.0
32	83	10.0
32	84	10.0
32	85	11.0
32	86	11.0
32	87	10.0
32	88	9.0
32	89	4.0
32	90	7.0
32	91	13.0
32	92	10.0
32	93	5.0
32	94	11.0
32	95	10.0
32	96	6.0
32	97	4.0
32	98	9.0
32	99	9.0
32	100	8.0
32	101	7.0
32	102	4.0
32	103	7.0
32	104	8.0
32	105	14.0
32	106	14.0
32	107	5.0
32	108	8.0
32	109	10.0
32	110	9.0
32	111	12.0
32	112	7.0
32	113	10.0
32	114	6.0
32	115	12.0
32	116	10.0
32	117	9.0
32	118	10.0
32	119	9.0
32	120	8.0
32	121	13.0
32	122	14.0
33	34	104.0
33	35	45.0
33	36	54.0
33	37	63.0
33	38	352.0
33	39	75.0
33	40	46.0
33	41	32.0
33	42	36.0
33	43	30.0
33	44	15.0
33	45	13.0
33	46	17.0
33	47	17.0
33	48	23.0
33	49	13.0
33	50	18.0
33	51	18.0
33	52	12.0
33	53	15.0
33	54	10.0
33	55	15.0
33	56	10.0
33	57	12.0
33	58	12.0
33	59	16.0
33	60	9.0
33	61	12.0
33	62	4.0
33	63	14.0
33	64	7.0
33	65	11.0
33	66	6.0
33	67	9.0
33	68	11.0
33	69	11.0
33	70	6.0
33	71	8.0
33	72	9.0
33	73	6.0
33	74	8.0
33	75	6.0
33	76	6.0
33	77	8.0
33	78	6.0
33	79	7.0
33	80	9.0
33	81	8.0
33	82	9.0
33	83	6.0
33	84	9.0
33	85	7.0
33	86	10.0
33	87	8.0
33	88	8.0
33	89	6.0
33	90	9.0
33	91	6.0
33	92	8.0
33	93	4.0
33	94	11.0
33	95	9.0
33	96	8.0
33	97	9.0
33	98	10.0
33	99	10.0
33	100	8.0
33	101	7.0
33	102	4.0
33	103	5.0
33	104	9.0
33	105	12.0
33	106	6.0
33	107	14.0
33	108	7.0
33	109	8.0
33	110	12.0
33	111	4.0
33	112	6.0
33	113	9.0
33	114	5.0
33	115	12.0
33	116	4.0
33	117	11.0
33	118	10.0
33	119	13.0
33	120	5.0
33	121	8.0
33	122	11.0
34	35	52.0
34	36	81.0
34	37	470.0
34	38	78.0
34	39	38.0
34	40	29.0
34	41	29.0
34	42	24.0
34	43	18.0
34	44	19.0
34	45	18.0
34	46	12.0
34	47	9.0
34	48	12.0
34	49	12.0
34	50	11.0
34	51	11.0
34	52	10.0
34	53	12.0
34	54	9.0
34	55	11.0
34	56	17.0
34	57	9.0
34	58	13.0
34	59	4.0
34	60	16.0
34	61	10.0
34	62	5.0
34	63	7.0
34	64	5.0
34	65	6.0
34	66	9.0
34	67	9.0
34	68	5.0
34	69	8.0
34	70	6.0
34	71	16.0
34	72	9.0
34	73	9.0
34	74	14.0
34	75	3.0
34	76	11.0
34	77	3.0
34	78	5.0
34	79	8.0
34	80	5.0
34	81	9.0
34	82	11.0
34	83	4.0
34	84	11.0
34	85	10.0
34	86	10.0
34	87	10.0
34	88	2.0
34	89	6.0
34	90	8.0
34	91	9.0
34	92	14.0
34	93	6.0
34	94	6.0
34	95	10.0
34	96	10.0
34	97	5.0
34	98	13.0
34	99	4.0
34	100	3.0
34	101	6.0
34	102	8.0
34	103	4.0
34	104	4.0
34	105	14.0
34	106	8.0
34	107	7.0
34	108	11.0
34	109	6.0
34	110	10.0
34	111	8.0
34	112	5.0
34	113	7.0
34	114	7.0
34	115	7.0
34	116	7.0
34	117	8.0
34	118	7.0
34	119	10.0
34	120	9.0
34	121	8.0
34	122	10.0
35	36	538.0
35	37	92.0
35	38	48.0
35	39	34.0
35	40	26.0
35	41	14.0
35	42	23.0
35	43	15.0
35	44	19.0
35	45	18.0
35	46	8.0
35	47	11.0
35	48	13.0
35	49	13.0
35	50	8.0
35	51	5.0
35	52	3.0
35	53	13.0
35	54	11.0
35	55	8.0
35	56	16.0
35	57	8.0
35	58	7.0
35	59	10.0
35	60	7.0
35	61	11.0
35	62	3.0
35	63	10.0
35	64	10.0
35	65	6.0
35	66	6.0
35	67	10.0
35	68	6.0
35	69	11.0
35	70	7.0
35	71	13.0
35	72	8.0
35	73	9.0
35	74	12.0
35	75	1.0
35	76	11.0
35	77	9.0
35	78	6.0
35	79	8.0
35	80	8.0
35	81	11.0
35	82	11.0
35	83	8.0
35	84	8.0
35	85	10.0
35	86	3.0
35	87	5.0
35	88	9.0
35	89	11.0
35	90	8.0
35	91	4.0
35	92	11.0
35	93	4.0
35	94	2.0
35	95	5.0
35	96	4.0
35	97	4.0
35	98	3.0
35	99	6.0
35	100	3.0
35	101	7.0
35	102	5.0
35	103	5.0
35	104	4.0
35	105	10.0
35	106	6.0
35	107	7.0
35	108	4.0
35	109	10.0
35	110	7.0
35	111	10.0
35	112	9.0
35	113	12.0
35	114	4.0
35	115	10.0
35	116	10.0
35	117	11.0
35	118	11.0
35	119	6.0
35	120	3.0
35	121	8.0
35	122	8.0
36	37	100.0
36	38	34.0
36	39	25.0
36	40	28.0
36	41	19.0
36	42	19.0
36	43	14.0
36	44	16.0
36	45	12.0
36	46	8.0
36	47	13.0
36	48	12.0
36	49	12.0
36	50	6.0
36	51	9.0
36	52	17.0
36	53	5.0
36	54	9.0
36	55	13.0
36	56	15.0
36	57	16.0
36	58	11.0
36	59	10.0
36	60	5.0
36	61	9.0
36	62	8.0
36	63	10.0
36	64	10.0
36	65	7.0
36	66	5.0
36	67	5.0
36	68	7.0
36	69	8.0
36	70	12.0
36	71	6.0
36	72	8.0
36	73	9.0
36	74	13.0
36	75	11.0
36	76	6.0
36	77	4.0
36	78	6.0
36	79	7.0
36	80	5.0
36	81	7.0
36	82	10.0
36	83	5.0
36	84	5.0
36	85	6.0
36	86	5.0
36	87	3.0
36	88	7.0
36	89	2.0
36	90	14.0
36	91	5.0
36	92	6.0
36	93	5.0
36	94	5.0
36	95	10.0
36	96	7.0
36	97	7.0
36	98	3.0
36	99	6.0
36	100	3.0
36	101	4.0
36	102	11.0
36	103	9.0
36	104	5.0
36	105	9.0
36	106	4.0
36	107	9.0
36	108	11.0
36	109	11.0
36	110	4.0
36	111	9.0
36	112	6.0
36	113	3.0
36	114	6.0
36	115	6.0
36	116	8.0
36	117	11.0
36	118	5.0
36	119	8.0
36	120	8.0
36	121	6.0
36	122	12.0
37	38	88.0
37	39	43.0
37	40	36.0
37	41	19.0
37	42	25.0
37	43	17.0
37	44	14.0
37	45	19.0
37	46	14.0
37	47	10.0
37	48	7.0
37	49	13.0
37	50	20.0
37	51	15.0
37	52	12.0
37	53	11.0
37	54	6.0
37	55	10.0
37	56	8.0
37	57	9.0
37	58	13.0
37	59	8.0
37	60	6.0
37	61	7.0
37	62	10.0
37	63	11.0
37	64	7.0
37	65	11.0
37	66	7.0
37	67	6.0
37	68	8.0
37	69	8.0
37	70	11.0
37	71	13.0
37	72	11.0
37	73	8.0
37	74	5.0
37	75	10.0
37	76	7.0
37	77	9.0
37	78	7.0
37	79	12.0
37	80	7.0
37	81	13.0
37	82	9.0
37	83	4.0
37	84	8.0
37	85	5.0
37	86	9.0
37	87	6.0
37	88	11.0
37	89	7.0
37	90	5.0
37	91	10.0
37	92	6.0
37	93	8.0
37	94	6.0
37	95	5.0
37	96	4.0
37	97	6.0
37	98	4.0
37	99	7.0
37	100	11.0
37	101	7.0
37	102	2.0
37	103	6.0
37	104	11.0
37	105	10.0
37	106	6.0
37	107	8.0
37	108	12.0
37	109	9.0
37	110	14.0
37	111	10.0
37	112	10.0
37	113	3.0
37	114	7.0
37	115	7.0
37	116	8.0
37	117	6.0
37	118	3.0
37	119	18.0
37	120	4.0
37	121	5.0
37	122	7.0
38	39	76.0
38	40	41.0
38	41	36.0
38	42	25.0
38	43	24.0
38	44	15.0
38	45	15.0
38	46	19.0
38	47	9.0
38	48	14.0
38	49	16.0
38	50	17.0
38	51	20.0
38	52	19.0
38	53	8.0
38	54	17.0
38	55	13.0
38	56	12.0
38	57	7.0
38	58	9.0
38	59	11.0
38	60	9.0
38	61	16.0
38	62	11.0
38	63	14.0
38	64	9.0
38	65	16.0
38	66	9.0
38	67	10.0
38	68	6.0
38	69	6.0
38	70	5.0
38	71	11.0
38	72	10.0
38	73	9.0
38	74	15.0
38	75	6.0
38	76	9.0
38	77	6.0
38	78	9.0
38	79	8.0
38	80	4.0
38	81	5.0
38	82	16.0
38	83	8.0
38	84	5.0
38	85	13.0
38	86	6.0
38	87	8.0
38	88	14.0
38	89	9.0
38	90	9.0
38	91	6.0
38	92	9.0
38	93	9.0
38	94	3.0
38	95	7.0
38	96	10.0
38	97	12.0
38	98	5.0
38	99	5.0
38	100	8.0
38	101	8.0
38	102	6.0
38	103	3.0
38	104	3.0
38	105	13.0
38	106	10.0
38	107	4.0
38	108	7.0
38	109	5.0
38	110	11.0
38	111	8.0
38	112	7.0
38	113	7.0
38	114	6.0
38	115	10.0
38	116	10.0
38	117	11.0
38	118	7.0
38	119	9.0
38	120	9.0
38	121	10.0
38	122	6.0
39	40	74.0
39	41	34.0
39	42	37.0
39	43	26.0
39	44	23.0
39	45	16.0
39	46	22.0
39	47	15.0
39	48	15.0
39	49	16.0
39	50	12.0
39	51	21.0
39	52	21.0
39	53	14.0
39	54	16.0
39	55	14.0
39	56	11.0
39	57	17.0
39	58	15.0
39	59	12.0
39	60	8.0
39	61	9.0
39	62	17.0
39	63	18.0
39	64	13.0
39	65	8.0
39	66	11.0
39	67	13.0
39	68	7.0
39	69	2.0
39	70	5.0
39	71	14.0
39	72	10.0
39	73	8.0
39	74	9.0
39	75	11.0
39	76	15.0
39	77	14.0
39	78	8.0
39	79	14.0
39	80	6.0
39	81	14.0
39	82	10.0
39	83	10.0
39	84	11.0
39	85	8.0
39	86	7.0
39	87	10.0
39	88	7.0
39	89	9.0
39	90	6.0
39	91	13.0
39	92	10.0
39	93	9.0
39	94	7.0
39	95	7.0
39	96	4.0
39	97	5.0
39	98	10.0
39	99	5.0
39	100	6.0
39	101	4.0
39	102	5.0
39	103	8.0
39	104	7.0
39	105	7.0
39	106	9.0
39	107	8.0
39	108	10.0
39	109	11.0
39	110	8.0
39	111	7.0
39	112	10.0
39	113	7.0
39	114	9.0
39	115	6.0
39	116	13.0
39	117	14.0
39	118	5.0
39	119	5.0
39	120	5.0
39	121	9.0
39	122	9.0
40	41	71.0
40	42	51.0
40	43	33.0
40	44	23.0
40	45	14.0
40	46	13.0
40	47	24.0
40	48	11.0
40	49	20.0
40	50	29.0
40	51	27.0
40	52	9.0
40	53	13.0
40	54	16.0
40	55	14.0
40	56	17.0
40	57	20.0
40	58	14.0
40	59	18.0
40	60	11.0
40	61	11.0
40	62	7.0
40	63	8.0
40	64	11.0
40	65	8.0
40	66	10.0
40	67	12.0
40	68	10.0
40	69	7.0
40	70	15.0
40	71	15.0
40	72	8.0
40	73	6.0
40	74	9.0
40	75	6.0
40	76	19.0
40	77	10.0
40	78	12.0
40	79	12.0
40	80	12.0
40	81	12.0
40	82	9.0
40	83	9.0
40	84	13.0
40	85	14.0
40	86	9.0
40	87	7.0
40	88	11.0
40	89	6.0
40	90	10.0
40	91	11.0
40	92	10.0
40	93	8.0
40	94	14.0
40	95	6.0
40	96	10.0
40	97	6.0
40	98	7.0
40	99	6.0
40	100	7.0
40	101	7.0
40	102	7.0
40	103	8.0
40	104	9.0
40	105	17.0
40	106	13.0
40	107	16.0
40	108	17.0
40	109	8.0
40	110	11.0
40	111	11.0
40	112	11.0
40	113	9.0
40	114	9.0
40	115	15.0
40	116	21.0
40	117	8.0
40	118	7.0
40	119	9.0
40	120	22.0
40	121	5.0
40	122	14.0
41	42	79.0
41	43	39.0
41	44	27.0
41	45	25.0
41	46	23.0
41	47	36.0
41	48	22.0
41	49	24.0
41	50	37.0
41	51	13.0
41	52	23.0
41	53	16.0
41	54	21.0
41	55	10.0
41	56	17.0
41	57	19.0
41	58	18.0
41	59	12.0
41	60	11.0
41	61	17.0
41	62	12.0
41	63	15.0
41	64	14.0
41	65	16.0
41	66	10.0
41	67	16.0
41	68	16.0
41	69	16.0
41	70	11.0
41	71	17.0
41	72	7.0
41	73	14.0
41	74	15.0
41	75	13.0
41	76	19.0
41	77	13.0
41	78	15.0
41	79	10.0
41	80	8.0
41	81	13.0
41	82	13.0
41	83	11.0
41	84	13.0
41	85	9.0
41	86	15.0
41	87	13.0
41	88	10.0
41	89	10.0
41	90	8.0
41	91	8.0
41	92	6.0
41	93	7.0
41	94	7.0
41	95	3.0
41	96	11.0
41	97	12.0
41	98	7.0
41	99	7.0
41	100	6.0
41	101	6.0
41	102	6.0
41	103	8.0
41	104	4.0
41	105	5.0
41	106	9.0
41	107	15.0
41	108	8.0
41	109	13.0
41	110	13.0
41	111	11.0
41	112	8.0
41	113	8.0
41	114	16.0
41	115	11.0
41	116	15.0
41	117	18.0
41	118	20.0
41	119	12.0
41	120	9.0
41	121	8.0
41	122	10.0
42	43	70.0
42	44	43.0
42	45	23.0
42	46	15.0
42	47	25.0
42	48	21.0
42	49	28.0
42	50	17.0
42	51	26.0
42	52	17.0
42	53	20.0
42	54	17.0
42	55	18.0
42	56	16.0
42	57	14.0
42	58	16.0
42	59	16.0
42	60	14.0
42	61	15.0
42	62	11.0
42	63	14.0
42	64	7.0
42	65	13.0
42	66	8.0
42	67	11.0
42	68	7.0
42	69	19.0
42	70	9.0
42	71	18.0
42	72	11.0
42	73	9.0
42	74	14.0
42	75	13.0
42	76	21.0
42	77	13.0
42	78	11.0
42	79	9.0
42	80	5.0
42	81	8.0
42	82	10.0
42	83	15.0
42	84	13.0
42	85	9.0
42	86	9.0
42	87	6.0
42	88	11.0
42	89	14.0
42	90	8.0
42	91	8.0
42	92	10.0
42	93	2.0
42	94	6.0
42	95	9.0
42	96	12.0
42	97	11.0
42	98	9.0
42	99	9.0
42	100	10.0
42	101	11.0
42	102	7.0
42	103	7.0
42	104	12.0
42	105	15.0
42	106	8.0
42	107	16.0
42	108	7.0
42	109	12.0
42	110	4.0
42	111	7.0
42	112	6.0
42	113	16.0
42	114	7.0
42	115	10.0
42	116	10.0
42	117	11.0
42	118	15.0
42	119	9.0
42	120	9.0
42	121	13.0
42	122	7.0
43	44	68.0
43	45	35.0
43	46	28.0
43	47	30.0
43	48	31.0
43	49	29.0
43	50	29.0
43	51	22.0
43	52	22.0
43	53	16.0
43	54	18.0
43	55	22.0
43	56	19.0
43	57	21.0
43	58	20.0
43	59	18.0
43	60	20.0
43	61	14.0
43	62	19.0
43	63	22.0
43	64	11.0
43	65	17.0
43	66	13.0
43	67	10.0
43	68	16.0
43	69	11.0
43	70	11.0
43	71	15.0
43	72	13.0
43	73	13.0
43	74	12.0
43	75	10.0
43	76	17.0
43	77	15.0
43	78	9.0
43	79	12.0
43	80	7.0
43	81	5.0
43	82	13.0
43	83	9.0
43	84	13.0
43	85	15.0
43	86	17.0
43	87	7.0
43	88	5.0
43	89	8.0
43	90	10.0
43	91	3.0
43	92	9.0
43	93	10.0
43	94	10.0
43	95	9.0
43	96	10.0
43	97	9.0
43	98	10.0
43	99	9.0
43	100	9.0
43	101	8.0
43	102	4.0
43	103	8.0
43	104	11.0
43	105	3.0
43	106	8.0
43	107	11.0
43	108	5.0
43	109	11.0
43	110	9.0
43	111	7.0
43	112	7.0
43	113	8.0
43	114	8.0
43	115	11.0
43	116	16.0
43	117	12.0
43	118	12.0
43	119	13.0
43	120	8.0
43	121	12.0
43	122	15.0
44	45	81.0
44	46	41.0
44	47	42.0
44	48	32.0
44	49	25.0
44	50	21.0
44	51	27.0
44	52	22.0
44	53	22.0
44	54	15.0
44	55	18.0
44	56	30.0
44	57	28.0
44	58	19.0
44	59	18.0
44	60	13.0
44	61	14.0
44	62	15.0
44	63	22.0
44	64	11.0
44	65	15.0
44	66	14.0
44	67	17.0
44	68	17.0
44	69	12.0
44	70	11.0
44	71	11.0
44	72	15.0
44	73	16.0
44	74	12.0
44	75	9.0
44	76	16.0
44	77	16.0
44	78	10.0
44	79	13.0
44	80	11.0
44	81	16.0
44	82	13.0
44	83	6.0
44	84	9.0
44	85	6.0
44	86	12.0
44	87	10.0
44	88	8.0
44	89	8.0
44	90	10.0
44	91	17.0
44	92	7.0
44	93	13.0
44	94	11.0
44	95	9.0
44	96	9.0
44	97	5.0
44	98	11.0
44	99	4.0
44	100	9.0
44	101	5.0
44	102	7.0
44	103	5.0
44	104	13.0
44	105	8.0
44	106	7.0
44	107	10.0
44	108	7.0
44	109	8.0
44	110	15.0
44	111	11.0
44	112	8.0
44	113	7.0
44	114	5.0
44	115	14.0
44	116	10.0
44	117	7.0
44	118	11.0
44	119	8.0
44	120	13.0
44	121	6.0
44	122	13.0
45	46	72.0
45	47	47.0
45	48	53.0
45	49	30.0
45	50	29.0
45	51	34.0
45	52	30.0
45	53	19.0
45	54	24.0
45	55	26.0
45	56	22.0
45	57	29.0
45	58	20.0
45	59	19.0
45	60	23.0
45	61	24.0
45	62	21.0
45	63	22.0
45	64	15.0
45	65	26.0
45	66	20.0
45	67	20.0
45	68	11.0
45	69	19.0
45	70	12.0
45	71	10.0
45	72	13.0
45	73	21.0
45	74	16.0
45	75	9.0
45	76	10.0
45	77	13.0
45	78	11.0
45	79	12.0
45	80	9.0
45	81	14.0
45	82	12.0
45	83	18.0
45	84	14.0
45	85	13.0
45	86	11.0
45	87	15.0
45	88	11.0
45	89	9.0
45	90	14.0
45	91	8.0
45	92	10.0
45	93	11.0
45	94	9.0
45	95	13.0
45	96	5.0
45	97	5.0
45	98	9.0
45	99	5.0
45	100	16.0
45	101	4.0
45	102	13.0
45	103	9.0
45	104	12.0
45	105	8.0
45	106	14.0
45	107	10.0
45	108	9.0
45	109	9.0
45	110	16.0
45	111	7.0
45	112	15.0
45	113	12.0
45	114	11.0
45	115	7.0
45	116	14.0
45	117	14.0
45	118	5.0
45	119	10.0
45	120	14.0
45	121	11.0
45	122	12.0
46	47	112.0
46	48	48.0
46	49	38.0
46	50	27.0
46	51	32.0
46	52	43.0
46	53	32.0
46	54	34.0
46	55	41.0
46	56	52.0
46	57	34.0
46	58	28.0
46	59	25.0
46	60	24.0
46	61	16.0
46	62	33.0
46	63	25.0
46	64	16.0
46	65	31.0
46	66	27.0
46	67	17.0
46	68	22.0
46	69	20.0
46	70	15.0
46	71	22.0
46	72	18.0
46	73	16.0
46	74	12.0
46	75	11.0
46	76	15.0
46	77	17.0
46	78	14.0
46	79	14.0
46	80	14.0
46	81	11.0
46	82	18.0
46	83	11.0
46	84	10.0
46	85	8.0
46	86	17.0
46	87	8.0
46	88	14.0
46	89	15.0
46	90	15.0
46	91	12.0
46	92	8.0
46	93	10.0
46	94	9.0
46	95	10.0
46	96	5.0
46	97	8.0
46	98	13.0
46	99	12.0
46	100	6.0
46	101	15.0
46	102	10.0
46	103	11.0
46	104	6.0
46	105	9.0
46	106	9.0
46	107	8.0
46	108	15.0
46	109	9.0
46	110	5.0
46	111	12.0
46	112	12.0
46	113	14.0
46	114	11.0
46	115	11.0
46	116	17.0
46	117	18.0
46	118	10.0
46	119	9.0
46	120	13.0
46	121	13.0
46	122	12.0
47	48	78.0
47	49	40.0
47	50	32.0
47	51	47.0
47	52	41.0
47	53	39.0
47	54	39.0
47	55	40.0
47	56	55.0
47	57	48.0
47	58	37.0
47	59	23.0
47	60	28.0
47	61	33.0
47	62	21.0
47	63	35.0
47	64	30.0
47	65	20.0
47	66	22.0
47	67	23.0
47	68	25.0
47	69	26.0
47	70	21.0
47	71	14.0
47	72	12.0
47	73	20.0
47	74	25.0
47	75	16.0
47	76	14.0
47	77	15.0
47	78	12.0
47	79	14.0
47	80	13.0
47	81	18.0
47	82	13.0
47	83	15.0
47	84	9.0
47	85	13.0
47	86	17.0
47	87	13.0
47	88	10.0
47	89	8.0
47	90	15.0
47	91	19.0
47	92	7.0
47	93	16.0
47	94	9.0
47	95	6.0
47	96	11.0
47	97	11.0
47	98	9.0
47	99	8.0
47	100	10.0
47	101	11.0
47	102	7.0
47	103	10.0
47	104	11.0
47	105	11.0
47	106	16.0
47	107	11.0
47	108	14.0
47	109	10.0
47	110	11.0
47	111	8.0
47	112	14.0
47	113	8.0
47	114	10.0
47	115	9.0
47	116	15.0
47	117	9.0
47	118	13.0
47	119	11.0
47	120	15.0
47	121	21.0
47	122	16.0
48	49	61.0
48	50	41.0
48	51	118.0
48	52	97.0
48	53	61.0
48	54	50.0
48	55	54.0
48	56	49.0
48	57	42.0
48	58	39.0
48	59	32.0
48	60	30.0
48	61	34.0
48	62	40.0
48	63	26.0
48	64	34.0
48	65	25.0
48	66	15.0
48	67	22.0
48	68	20.0
48	69	20.0
48	70	19.0
48	71	23.0
48	72	18.0
48	73	22.0
48	74	17.0
48	75	11.0
48	76	23.0
48	77	23.0
48	78	15.0
48	79	18.0
48	80	13.0
48	81	23.0
48	82	8.0
48	83	10.0
48	84	13.0
48	85	23.0
48	86	15.0
48	87	9.0
48	88	12.0
48	89	9.0
48	90	15.0
48	91	9.0
48	92	16.0
48	93	16.0
48	94	19.0
48	95	13.0
48	96	16.0
48	97	8.0
48	98	10.0
48	99	15.0
48	100	8.0
48	101	16.0
48	102	9.0
48	103	9.0
48	104	15.0
48	105	12.0
48	106	7.0
48	107	8.0
48	108	9.0
48	109	12.0
48	110	12.0
48	111	11.0
48	112	9.0
48	113	12.0
48	114	11.0
48	115	8.0
48	116	14.0
48	117	11.0
48	118	13.0
48	119	16.0
48	120	14.0
48	121	12.0
48	122	16.0
49	50	147.0
49	51	223.0
49	52	74.0
49	53	53.0
49	54	51.0
49	55	47.0
49	56	38.0
49	57	47.0
49	58	39.0
49	59	49.0
49	60	37.0
49	61	38.0
49	62	28.0
49	63	23.0
49	64	29.0
49	65	22.0
49	66	28.0
49	67	30.0
49	68	35.0
49	69	21.0
49	70	21.0
49	71	24.0
49	72	27.0
49	73	29.0
49	74	22.0
49	75	24.0
49	76	22.0
49	77	22.0
49	78	22.0
49	79	24.0
49	80	17.0
49	81	16.0
49	82	16.0
49	83	25.0
49	84	23.0
49	85	21.0
49	86	21.0
49	87	19.0
49	88	14.0
49	89	16.0
49	90	19.0
49	91	16.0
49	92	14.0
49	93	19.0
49	94	18.0
49	95	15.0
49	96	10.0
49	97	14.0
49	98	12.0
49	99	12.0
49	100	15.0
49	101	13.0
49	102	14.0
49	103	9.0
49	104	10.0
49	105	11.0
49	106	13.0
49	107	11.0
49	108	16.0
49	109	15.0
49	110	10.0
49	111	12.0
49	112	19.0
49	113	12.0
49	114	13.0
49	115	22.0
49	116	18.0
49	117	22.0
49	118	18.0
49	119	11.0
49	120	17.0
49	121	22.0
49	122	15.0
50	51	109.0
50	52	52.0
50	53	33.0
50	54	43.0
50	55	27.0
50	56	38.0
50	57	40.0
50	58	30.0
50	59	41.0
50	60	51.0
50	61	35.0
50	62	23.0
50	63	22.0
50	64	31.0
50	65	22.0
50	66	23.0
50	67	23.0
50	68	20.0
50	69	19.0
50	70	19.0
50	71	28.0
50	72	22.0
50	73	32.0
50	74	16.0
50	75	16.0
50	76	22.0
50	77	19.0
50	78	25.0
50	79	13.0
50	80	23.0
50	81	21.0
50	82	22.0
50	83	21.0
50	84	23.0
50	85	21.0
50	86	12.0
50	87	16.0
50	88	10.0
50	89	18.0
50	90	12.0
50	91	20.0
50	92	14.0
50	93	8.0
50	94	15.0
50	95	14.0
50	96	10.0
50	97	14.0
50	98	16.0
50	99	19.0
50	100	20.0
50	101	17.0
50	102	10.0
50	103	16.0
50	104	11.0
50	105	17.0
50	106	14.0
50	107	16.0
50	108	17.0
50	109	12.0
50	110	19.0
50	111	9.0
50	112	21.0
50	113	14.0
50	114	18.0
50	115	16.0
50	116	22.0
50	117	31.0
50	118	12.0
50	119	10.0
50	120	19.0
50	121	9.0
50	122	14.0
51	52	105.0
51	53	66.0
51	54	49.0
51	55	41.0
51	56	50.0
51	57	72.0
51	58	52.0
51	59	38.0
51	60	34.0
51	61	39.0
51	62	31.0
51	63	25.0
51	64	30.0
51	65	24.0
51	66	19.0
51	67	19.0
51	68	23.0
51	69	25.0
51	70	31.0
51	71	22.0
51	72	20.0
51	73	21.0
51	74	27.0
51	75	24.0
51	76	16.0
51	77	19.0
51	78	10.0
51	79	13.0
51	80	16.0
51	81	17.0
51	82	20.0
51	83	16.0
51	84	21.0
51	85	22.0
51	86	18.0
51	87	8.0
51	88	14.0
51	89	19.0
51	90	14.0
51	91	17.0
51	92	15.0
51	93	14.0
51	94	11.0
51	95	6.0
51	96	17.0
51	97	14.0
51	98	7.0
51	99	8.0
51	100	9.0
51	101	16.0
51	102	12.0
51	103	11.0
51	104	6.0
51	105	13.0
51	106	13.0
51	107	8.0
51	108	16.0
51	109	20.0
51	110	16.0
51	111	12.0
51	112	8.0
51	113	11.0
51	114	15.0
51	115	17.0
51	116	26.0
51	117	19.0
51	118	9.0
51	119	17.0
51	120	13.0
51	121	14.0
51	122	16.0
52	53	134.0
52	54	75.0
52	55	55.0
52	56	60.0
52	57	65.0
52	58	52.0
52	59	31.0
52	60	40.0
52	61	45.0
52	62	29.0
52	63	25.0
52	64	17.0
52	65	23.0
52	66	31.0
52	67	29.0
52	68	23.0
52	69	34.0
52	70	27.0
52	71	32.0
52	72	15.0
52	73	20.0
52	74	19.0
52	75	14.0
52	76	22.0
52	77	19.0
52	78	17.0
52	79	23.0
52	80	12.0
52	81	25.0
52	82	23.0
52	83	16.0
52	84	18.0
52	85	14.0
52	86	15.0
52	87	18.0
52	88	18.0
52	89	15.0
52	90	16.0
52	91	13.0
52	92	10.0
52	93	18.0
52	94	12.0
52	95	15.0
52	96	9.0
52	97	6.0
52	98	15.0
52	99	10.0
52	100	15.0
52	101	16.0
52	102	20.0
52	103	7.0
52	104	14.0
52	105	7.0
52	106	10.0
52	107	13.0
52	108	11.0
52	109	12.0
52	110	19.0
52	111	20.0
52	112	11.0
52	113	16.0
52	114	9.0
52	115	20.0
52	116	12.0
52	117	16.0
52	118	13.0
52	119	21.0
52	120	16.0
52	121	21.0
52	122	22.0
53	54	122.0
53	55	67.0
53	56	65.0
53	57	51.0
53	58	42.0
53	59	33.0
53	60	45.0
53	61	51.0
53	62	49.0
53	63	31.0
53	64	34.0
53	65	32.0
53	66	21.0
53	67	25.0
53	68	24.0
53	69	21.0
53	70	26.0
53	71	31.0
53	72	18.0
53	73	21.0
53	74	16.0
53	75	18.0
53	76	31.0
53	77	23.0
53	78	21.0
53	79	23.0
53	80	15.0
53	81	14.0
53	82	24.0
53	83	14.0
53	84	22.0
53	85	17.0
53	86	16.0
53	87	12.0
53	88	15.0
53	89	10.0
53	90	17.0
53	91	13.0
53	92	15.0
53	93	12.0
53	94	15.0
53	95	16.0
53	96	13.0
53	97	10.0
53	98	13.0
53	99	18.0
53	100	13.0
53	101	13.0
53	102	16.0
53	103	7.0
53	104	12.0
53	105	9.0
53	106	13.0
53	107	12.0
53	108	23.0
53	109	17.0
53	110	17.0
53	111	6.0
53	112	11.0
53	113	18.0
53	114	9.0
53	115	20.0
53	116	13.0
53	117	10.0
53	118	14.0
53	119	19.0
53	120	16.0
53	121	16.0
53	122	16.0
54	55	92.0
54	56	94.0
54	57	91.0
54	58	72.0
54	59	56.0
54	60	57.0
54	61	47.0
54	62	51.0
54	63	39.0
54	64	50.0
54	65	40.0
54	66	28.0
54	67	32.0
54	68	49.0
54	69	29.0
54	70	23.0
54	71	35.0
54	72	15.0
54	73	42.0
54	74	32.0
54	75	43.0
54	76	37.0
54	77	32.0
54	78	29.0
54	79	16.0
54	80	19.0
54	81	20.0
54	82	27.0
54	83	21.0
54	84	28.0
54	85	22.0
54	86	22.0
54	87	19.0
54	88	14.0
54	89	22.0
54	90	17.0
54	91	26.0
54	92	9.0
54	93	17.0
54	94	15.0
54	95	16.0
54	96	13.0
54	97	11.0
54	98	13.0
54	99	7.0
54	100	14.0
54	101	10.0
54	102	15.0
54	103	13.0
54	104	21.0
54	105	13.0
54	106	16.0
54	107	13.0
54	108	17.0
54	109	15.0
54	110	11.0
54	111	15.0
54	112	15.0
54	113	15.0
54	114	17.0
54	115	25.0
54	116	16.0
54	117	17.0
54	118	20.0
54	119	17.0
54	120	17.0
54	121	13.0
54	122	29.0
55	56	400.0
55	57	85.0
55	58	60.0
55	59	46.0
55	60	32.0
55	61	60.0
55	62	56.0
55	63	55.0
55	64	47.0
55	65	46.0
55	66	43.0
55	67	26.0
55	68	38.0
55	69	27.0
55	70	25.0
55	71	27.0
55	72	17.0
55	73	19.0
55	74	29.0
55	75	23.0
55	76	24.0
55	77	22.0
55	78	24.0
55	79	17.0
55	80	23.0
55	81	14.0
55	82	22.0
55	83	17.0
55	84	18.0
55	85	19.0
55	86	20.0
55	87	14.0
55	88	14.0
55	89	20.0
55	90	18.0
55	91	17.0
55	92	9.0
55	93	11.0
55	94	19.0
55	95	8.0
55	96	17.0
55	97	15.0
55	98	10.0
55	99	18.0
55	100	15.0
55	101	15.0
55	102	11.0
55	103	12.0
55	104	11.0
55	105	14.0
55	106	17.0
55	107	11.0
55	108	18.0
55	109	19.0
55	110	12.0
55	111	11.0
55	112	14.0
55	113	14.0
55	114	16.0
55	115	9.0
55	116	14.0
55	117	16.0
55	118	13.0
55	119	17.0
55	120	16.0
55	121	17.0
55	122	11.0
56	57	109.0
56	58	62.0
56	59	43.0
56	60	41.0
56	61	70.0
56	62	56.0
56	63	56.0
56	64	37.0
56	65	45.0
56	66	28.0
56	67	25.0
56	68	38.0
56	69	29.0
56	70	21.0
56	71	28.0
56	72	26.0
56	73	22.0
56	74	23.0
56	75	25.0
56	76	37.0
56	77	20.0
56	78	26.0
56	79	22.0
56	80	22.0
56	81	15.0
56	82	22.0
56	83	22.0
56	84	20.0
56	85	24.0
56	86	18.0
56	87	11.0
56	88	17.0
56	89	12.0
56	90	14.0
56	91	21.0
56	92	5.0
56	93	14.0
56	94	10.0
56	95	14.0
56	96	11.0
56	97	10.0
56	98	16.0
56	99	11.0
56	100	13.0
56	101	16.0
56	102	17.0
56	103	10.0
56	104	10.0
56	105	8.0
56	106	19.0
56	107	11.0
56	108	17.0
56	109	12.0
56	110	16.0
56	111	11.0
56	112	6.0
56	113	16.0
56	114	13.0
56	115	18.0
56	116	7.0
56	117	17.0
56	118	12.0
56	119	18.0
56	120	13.0
56	121	14.0
56	122	14.0
57	58	174.0
57	59	75.0
57	60	73.0
57	61	108.0
57	62	66.0
57	63	43.0
57	64	55.0
57	65	39.0
57	66	46.0
57	67	39.0
57	68	45.0
57	69	40.0
57	70	48.0
57	71	47.0
57	72	28.0
57	73	25.0
57	74	27.0
57	75	28.0
57	76	45.0
57	77	35.0
57	78	24.0
57	79	38.0
57	80	26.0
57	81	34.0
57	82	28.0
57	83	28.0
57	84	20.0
57	85	22.0
57	86	12.0
57	87	13.0
57	88	14.0
57	89	13.0
57	90	20.0
57	91	24.0
57	92	33.0
57	93	13.0
57	94	17.0
57	95	13.0
57	96	15.0
57	97	14.0
57	98	12.0
57	99	16.0
57	100	15.0
57	101	15.0
57	102	17.0
57	103	20.0
57	104	22.0
57	105	12.0
57	106	16.0
57	107	13.0
57	108	16.0
57	109	12.0
57	110	15.0
57	111	15.0
57	112	11.0
57	113	11.0
57	114	21.0
57	115	13.0
57	116	15.0
57	117	22.0
57	118	11.0
57	119	9.0
57	120	16.0
57	121	9.0
57	122	14.0
58	59	82.0
58	60	101.0
58	61	352.0
58	62	94.0
58	63	76.0
58	64	72.0
58	65	54.0
58	66	38.0
58	67	71.0
58	68	50.0
58	69	55.0
58	70	52.0
58	71	33.0
58	72	42.0
58	73	48.0
58	74	31.0
58	75	37.0
58	76	47.0
58	77	31.0
58	78	33.0
58	79	30.0
58	80	28.0
58	81	29.0
58	82	24.0
58	83	19.0
58	84	23.0
58	85	34.0
58	86	27.0
58	87	5.0
58	88	19.0
58	89	14.0
58	90	22.0
58	91	23.0
58	92	16.0
58	93	15.0
58	94	19.0
58	95	19.0
58	96	27.0
58	97	22.0
58	98	18.0
58	99	18.0
58	100	18.0
58	101	21.0
58	102	15.0
58	103	16.0
58	104	12.0
58	105	23.0
58	106	17.0
58	107	18.0
58	108	25.0
58	109	22.0
58	110	17.0
58	111	8.0
58	112	15.0
58	113	19.0
58	114	22.0
58	115	19.0
58	116	25.0
58	117	23.0
58	118	14.0
58	119	18.0
58	120	23.0
58	121	19.0
58	122	12.0
59	60	347.0
59	61	95.0
59	62	46.0
59	63	51.0
59	64	43.0
59	65	42.0
59	66	41.0
59	67	44.0
59	68	65.0
59	69	43.0
59	70	59.0
59	71	70.0
59	72	69.0
59	73	47.0
59	74	49.0
59	75	51.0
59	76	50.0
59	77	49.0
59	78	39.0
59	79	27.0
59	80	35.0
59	81	33.0
59	82	32.0
59	83	30.0
59	84	44.0
59	85	27.0
59	86	20.0
59	87	23.0
59	88	23.0
59	89	28.0
59	90	25.0
59	91	19.0
59	92	22.0
59	93	30.0
59	94	22.0
59	95	17.0
59	96	17.0
59	97	14.0
59	98	11.0
59	99	22.0
59	100	10.0
59	101	14.0
59	102	20.0
59	103	14.0
59	104	25.0
59	105	24.0
59	106	19.0
59	107	14.0
59	108	17.0
59	109	24.0
59	110	28.0
59	111	19.0
59	112	16.0
59	113	22.0
59	114	20.0
59	115	23.0
59	116	26.0
59	117	28.0
59	118	24.0
59	119	20.0
59	120	24.0
59	121	17.0
59	122	23.0
60	61	68.0
60	62	54.0
60	63	42.0
60	64	51.0
60	65	40.0
60	66	29.0
60	67	47.0
60	68	49.0
60	69	58.0
60	70	65.0
60	71	48.0
60	72	58.0
60	73	54.0
60	74	37.0
60	75	32.0
60	76	42.0
60	77	50.0
60	78	29.0
60	79	28.0
60	80	27.0
60	81	44.0
60	82	29.0
60	83	29.0
60	84	28.0
60	85	22.0
60	86	16.0
60	87	15.0
60	88	23.0
60	89	28.0
60	90	27.0
60	91	23.0
60	92	19.0
60	93	26.0
60	94	23.0
60	95	24.0
60	96	17.0
60	97	24.0
60	98	14.0
60	99	22.0
60	100	20.0
60	101	15.0
60	102	18.0
60	103	11.0
60	104	15.0
60	105	18.0
60	106	18.0
60	107	17.0
60	108	22.0
60	109	24.0
60	110	22.0
60	111	13.0
60	112	20.0
60	113	18.0
60	114	20.0
60	115	24.0
60	116	31.0
60	117	18.0
60	118	18.0
60	119	18.0
60	120	24.0
60	121	28.0
60	122	26.0
61	62	103.0
61	63	80.0
61	64	72.0
61	65	72.0
61	66	54.0
61	67	83.0
61	68	57.0
61	69	60.0
61	70	49.0
61	71	41.0
61	72	39.0
61	73	33.0
61	74	46.0
61	75	37.0
61	76	45.0
61	77	41.0
61	78	40.0
61	79	37.0
61	80	41.0
61	81	39.0
61	82	23.0
61	83	31.0
61	84	37.0
61	85	27.0
61	86	24.0
61	87	22.0
61	88	21.0
61	89	22.0
61	90	30.0
61	91	23.0
61	92	23.0
61	93	24.0
61	94	29.0
61	95	19.0
61	96	26.0
61	97	8.0
61	98	19.0
61	99	15.0
61	100	21.0
61	101	17.0
61	102	13.0
61	103	10.0
61	104	17.0
61	105	16.0
61	106	21.0
61	107	13.0
61	108	19.0
61	109	18.0
61	110	12.0
61	111	21.0
61	112	15.0
61	113	15.0
61	114	11.0
61	115	20.0
61	116	22.0
61	117	25.0
61	118	16.0
61	119	12.0
61	120	20.0
61	121	20.0
61	122	18.0
62	63	132.0
62	64	126.0
62	65	112.0
62	66	82.0
62	67	84.0
62	68	67.0
62	69	57.0
62	70	32.0
62	71	25.0
62	72	30.0
62	73	30.0
62	74	50.0
62	75	32.0
62	76	29.0
62	77	34.0
62	78	42.0
62	79	33.0
62	80	23.0
62	81	27.0
62	82	33.0
62	83	25.0
62	84	29.0
62	85	22.0
62	86	27.0
62	87	28.0
62	88	26.0
62	89	20.0
62	90	19.0
62	91	16.0
62	92	19.0
62	93	12.0
62	94	19.0
62	95	24.0
62	96	20.0
62	97	14.0
62	98	14.0
62	99	15.0
62	100	15.0
62	101	20.0
62	102	13.0
62	103	14.0
62	104	9.0
62	105	16.0
62	106	16.0
62	107	14.0
62	108	16.0
62	109	17.0
62	110	18.0
62	111	14.0
62	112	13.0
62	113	16.0
62	114	24.0
62	115	16.0
62	116	22.0
62	117	16.0
62	118	19.0
62	119	16.0
62	120	12.0
62	121	24.0
62	122	15.0
63	64	373.0
63	65	224.0
63	66	102.0
63	67	96.0
63	68	72.0
63	69	43.0
63	70	43.0
63	71	30.0
63	72	43.0
63	73	46.0
63	74	34.0
63	75	33.0
63	76	36.0
63	77	33.0
63	78	36.0
63	79	35.0
63	80	39.0
63	81	31.0
63	82	25.0
63	83	22.0
63	84	26.0
63	85	35.0
63	86	23.0
63	87	27.0
63	88	34.0
63	89	21.0
63	90	21.0
63	91	22.0
63	92	17.0
63	93	17.0
63	94	15.0
63	95	19.0
63	96	13.0
63	97	13.0
63	98	14.0
63	99	22.0
63	100	24.0
63	101	16.0
63	102	13.0
63	103	13.0
63	104	17.0
63	105	13.0
63	106	15.0
63	107	12.0
63	108	26.0
63	109	20.0
63	110	13.0
63	111	12.0
63	112	12.0
63	113	18.0
63	114	14.0
63	115	8.0
63	116	33.0
63	117	17.0
63	118	13.0
63	119	22.0
63	120	21.0
63	121	16.0
63	122	16.0
64	65	188.0
64	66	88.0
64	67	93.0
64	68	77.0
64	69	43.0
64	70	46.0
64	71	34.0
64	72	41.0
64	73	30.0
64	74	38.0
64	75	38.0
64	76	28.0
64	77	35.0
64	78	33.0
64	79	20.0
64	80	31.0
64	81	32.0
64	82	25.0
64	83	35.0
64	84	22.0
64	85	27.0
64	86	23.0
64	87	19.0
64	88	17.0
64	89	26.0
64	90	25.0
64	91	24.0
64	92	20.0
64	93	28.0
64	94	24.0
64	95	13.0
64	96	15.0
64	97	20.0
64	98	19.0
64	99	18.0
64	100	15.0
64	101	13.0
64	102	21.0
64	103	14.0
64	104	14.0
64	105	15.0
64	106	17.0
64	107	22.0
64	108	15.0
64	109	14.0
64	110	14.0
64	111	18.0
64	112	16.0
64	113	17.0
64	114	19.0
64	115	13.0
64	116	22.0
64	117	7.0
64	118	14.0
64	119	11.0
64	120	17.0
64	121	21.0
64	122	24.0
65	66	155.0
65	67	78.0
65	68	85.0
65	69	55.0
65	70	46.0
65	71	34.0
65	72	30.0
65	73	28.0
65	74	44.0
65	75	29.0
65	76	36.0
65	77	24.0
65	78	31.0
65	79	30.0
65	80	31.0
65	81	17.0
65	82	25.0
65	83	35.0
65	84	32.0
65	85	20.0
65	86	27.0
65	87	26.0
65	88	21.0
65	89	25.0
65	90	12.0
65	91	19.0
65	92	29.0
65	93	18.0
65	94	23.0
65	95	25.0
65	96	19.0
65	97	21.0
65	98	10.0
65	99	14.0
65	100	16.0
65	101	16.0
65	102	19.0
65	103	18.0
65	104	19.0
65	105	13.0
65	106	12.0
65	107	18.0
65	108	20.0
65	109	17.0
65	110	19.0
65	111	13.0
65	112	5.0
65	113	14.0
65	114	13.0
65	115	14.0
65	116	26.0
65	117	15.0
65	118	17.0
65	119	18.0
65	120	24.0
65	121	23.0
65	122	20.0
66	67	72.0
66	68	93.0
66	69	73.0
66	70	38.0
66	71	25.0
66	72	29.0
66	73	32.0
66	74	38.0
66	75	37.0
66	76	27.0
66	77	28.0
66	78	35.0
66	79	31.0
66	80	33.0
66	81	28.0
66	82	36.0
66	83	22.0
66	84	26.0
66	85	24.0
66	86	32.0
66	87	25.0
66	88	30.0
66	89	29.0
66	90	21.0
66	91	20.0
66	92	19.0
66	93	24.0
66	94	19.0
66	95	31.0
66	96	21.0
66	97	22.0
66	98	16.0
66	99	20.0
66	100	21.0
66	101	15.0
66	102	10.0
66	103	14.0
66	104	15.0
66	105	26.0
66	106	14.0
66	107	12.0
66	108	21.0
66	109	16.0
66	110	13.0
66	111	10.0
66	112	12.0
66	113	10.0
66	114	20.0
66	115	18.0
66	116	14.0
66	117	24.0
66	118	21.0
66	119	9.0
66	120	22.0
66	121	14.0
66	122	16.0
67	68	381.0
67	69	123.0
67	70	54.0
67	71	33.0
67	72	43.0
67	73	50.0
67	74	49.0
67	75	68.0
67	76	58.0
67	77	49.0
67	78	42.0
67	79	44.0
67	80	48.0
67	81	38.0
67	82	53.0
67	83	39.0
67	84	40.0
67	85	47.0
67	86	30.0
67	87	25.0
67	88	21.0
67	89	33.0
67	90	32.0
67	91	21.0
67	92	29.0
67	93	24.0
67	94	31.0
67	95	29.0
67	96	30.0
67	97	19.0
67	98	24.0
67	99	22.0
67	100	20.0
67	101	23.0
67	102	11.0
67	103	14.0
67	104	14.0
67	105	18.0
67	106	17.0
67	107	18.0
67	108	17.0
67	109	14.0
67	110	13.0
67	111	13.0
67	112	13.0
67	113	12.0
67	114	19.0
67	115	20.0
67	116	23.0
67	117	18.0
67	118	13.0
67	119	23.0
67	120	20.0
67	121	22.0
67	122	17.0
68	69	188.0
68	70	89.0
68	71	40.0
68	72	41.0
68	73	63.0
68	74	47.0
68	75	63.0
68	76	65.0
68	77	40.0
68	78	56.0
68	79	59.0
68	80	57.0
68	81	34.0
68	82	51.0
68	83	36.0
68	84	41.0
68	85	46.0
68	86	47.0
68	87	25.0
68	88	26.0
68	89	36.0
68	90	25.0
68	91	26.0
68	92	17.0
68	93	32.0
68	94	13.0
68	95	25.0
68	96	19.0
68	97	16.0
68	98	17.0
68	99	29.0
68	100	24.0
68	101	9.0
68	102	14.0
68	103	15.0
68	104	7.0
68	105	21.0
68	106	27.0
68	107	19.0
68	108	20.0
68	109	16.0
68	110	17.0
68	111	20.0
68	112	17.0
68	113	20.0
68	114	23.0
68	115	13.0
68	116	18.0
68	117	29.0
68	118	23.0
68	119	18.0
68	120	20.0
68	121	24.0
68	122	17.0
69	70	111.0
69	71	53.0
69	72	44.0
69	73	67.0
69	74	66.0
69	75	68.0
69	76	62.0
69	77	46.0
69	78	41.0
69	79	65.0
69	80	61.0
69	81	45.0
69	82	45.0
69	83	46.0
69	84	44.0
69	85	43.0
69	86	32.0
69	87	26.0
69	88	29.0
69	89	34.0
69	90	38.0
69	91	29.0
69	92	16.0
69	93	18.0
69	94	36.0
69	95	33.0
69	96	19.0
69	97	15.0
69	98	23.0
69	99	18.0
69	100	22.0
69	101	23.0
69	102	18.0
69	103	14.0
69	104	13.0
69	105	29.0
69	106	20.0
69	107	27.0
69	108	25.0
69	109	26.0
69	110	13.0
69	111	20.0
69	112	16.0
69	113	15.0
69	114	19.0
69	115	15.0
69	116	21.0
69	117	20.0
69	118	21.0
69	119	26.0
69	120	22.0
69	121	23.0
69	122	22.0
70	71	81.0
70	72	92.0
70	73	165.0
70	74	117.0
70	75	104.0
70	76	165.0
70	77	116.0
70	78	87.0
70	79	79.0
70	80	69.0
70	81	73.0
70	82	76.0
70	83	63.0
70	84	68.0
70	85	51.0
70	86	60.0
70	87	37.0
70	88	32.0
70	89	31.0
70	90	51.0
70	91	37.0
70	92	18.0
70	93	27.0
70	94	33.0
70	95	36.0
70	96	17.0
70	97	19.0
70	98	19.0
70	99	22.0
70	100	27.0
70	101	23.0
70	102	15.0
70	103	13.0
70	104	25.0
70	105	20.0
70	106	30.0
70	107	18.0
70	108	33.0
70	109	24.0
70	110	26.0
70	111	20.0
70	112	19.0
70	113	25.0
70	114	21.0
70	115	25.0
70	116	33.0
70	117	27.0
70	118	41.0
70	119	22.0
70	120	27.0
70	121	27.0
70	122	24.0
71	72	419.0
71	73	88.0
71	74	107.0
71	75	59.0
71	76	94.0
71	77	170.0
71	78	73.0
71	79	52.0
71	80	52.0
71	81	65.0
71	82	57.0
71	83	46.0
71	84	68.0
71	85	49.0
71	86	39.0
71	87	28.0
71	88	33.0
71	89	40.0
71	90	42.0
71	91	36.0
71	92	24.0
71	93	30.0
71	94	31.0
71	95	35.0
71	96	33.0
71	97	23.0
71	98	25.0
71	99	25.0
71	100	25.0
71	101	33.0
71	102	19.0
71	103	16.0
71	104	19.0
71	105	28.0
71	106	30.0
71	107	25.0
71	108	38.0
71	109	22.0
71	110	32.0
71	111	23.0
71	112	26.0
71	113	23.0
71	114	28.0
71	115	37.0
71	116	47.0
71	117	51.0
71	118	29.0
71	119	26.0
71	120	28.0
71	121	26.0
71	122	29.0
72	73	102.0
72	74	119.0
72	75	62.0
72	76	77.0
72	77	187.0
72	78	71.0
72	79	47.0
72	80	54.0
72	81	101.0
72	82	68.0
72	83	49.0
72	84	62.0
72	85	58.0
72	86	39.0
72	87	33.0
72	88	33.0
72	89	49.0
72	90	39.0
72	91	55.0
72	92	36.0
72	93	29.0
72	94	52.0
72	95	37.0
72	96	15.0
72	97	14.0
72	98	27.0
72	99	32.0
72	100	22.0
72	101	21.0
72	102	25.0
72	103	15.0
72	104	20.0
72	105	30.0
72	106	31.0
72	107	33.0
72	108	35.0
72	109	42.0
72	110	30.0
72	111	26.0
72	112	23.0
72	113	32.0
72	114	34.0
72	115	37.0
72	116	39.0
72	117	47.0
72	118	37.0
72	119	23.0
72	120	29.0
72	121	30.0
72	122	25.0
73	74	202.0
73	75	133.0
73	76	313.0
73	77	215.0
73	78	128.0
73	79	72.0
73	80	86.0
73	81	129.0
73	82	111.0
73	83	66.0
73	84	82.0
73	85	81.0
73	86	60.0
73	87	28.0
73	88	26.0
73	89	38.0
73	90	57.0
73	91	57.0
73	92	34.0
73	93	37.0
73	94	36.0
73	95	30.0
73	96	34.0
73	97	32.0
73	98	25.0
73	99	29.0
73	100	32.0
73	101	26.0
73	102	18.0
73	103	23.0
73	104	21.0
73	105	34.0
73	106	27.0
73	107	33.0
73	108	34.0
73	109	27.0
73	110	35.0
73	111	18.0
73	112	17.0
73	113	23.0
73	114	25.0
73	115	28.0
73	116	46.0
73	117	32.0
73	118	27.0
73	119	18.0
73	120	29.0
73	121	33.0
73	122	30.0
74	75	126.0
74	76	194.0
74	77	230.0
74	78	124.0
74	79	52.0
74	80	83.0
74	81	182.0
74	82	104.0
74	83	76.0
74	84	102.0
74	85	77.0
74	86	44.0
74	87	32.0
74	88	33.0
74	89	43.0
74	90	53.0
74	91	53.0
74	92	35.0
74	93	29.0
74	94	42.0
74	95	48.0
74	96	27.0
74	97	23.0
74	98	25.0
74	99	38.0
74	100	30.0
74	101	32.0
74	102	22.0
74	103	17.0
74	104	30.0
74	105	28.0
74	106	34.0
74	107	34.0
74	108	32.0
74	109	36.0
74	110	33.0
74	111	21.0
74	112	30.0
74	113	28.0
74	114	37.0
74	115	46.0
74	116	60.0
74	117	40.0
74	118	55.0
74	119	37.0
74	120	34.0
74	121	50.0
74	122	32.0
75	76	248.0
75	77	76.0
75	78	209.0
75	79	82.0
75	80	111.0
75	81	112.0
75	82	97.0
75	83	59.0
75	84	88.0
75	85	95.0
75	86	44.0
75	87	45.0
75	88	36.0
75	89	49.0
75	90	53.0
75	91	49.0
75	92	38.0
75	93	31.0
75	94	36.0
75	95	33.0
75	96	34.0
75	97	21.0
75	98	22.0
75	99	25.0
75	100	37.0
75	101	34.0
75	102	24.0
75	103	19.0
75	104	19.0
75	105	26.0
75	106	35.0
75	107	33.0
75	108	37.0
75	109	32.0
75	110	31.0
75	111	25.0
75	112	27.0
75	113	35.0
75	114	29.0
75	115	21.0
75	116	31.0
75	117	41.0
75	118	33.0
75	119	23.0
75	120	34.0
75	121	27.0
75	122	25.0
76	77	155.0
76	78	183.0
76	79	78.0
76	80	117.0
76	81	127.0
76	82	123.0
76	83	66.0
76	84	105.0
76	85	91.0
76	86	64.0
76	87	47.0
76	88	29.0
76	89	41.0
76	90	53.0
76	91	56.0
76	92	30.0
76	93	28.0
76	94	46.0
76	95	39.0
76	96	41.0
76	97	27.0
76	98	17.0
76	99	32.0
76	100	37.0
76	101	21.0
76	102	23.0
76	103	17.0
76	104	22.0
76	105	24.0
76	106	30.0
76	107	32.0
76	108	31.0
76	109	27.0
76	110	22.0
76	111	27.0
76	112	16.0
76	113	22.0
76	114	20.0
76	115	27.0
76	116	30.0
76	117	37.0
76	118	28.0
76	119	29.0
76	120	30.0
76	121	22.0
76	122	27.0
77	78	118.0
77	79	56.0
77	80	58.0
77	81	151.0
77	82	79.0
77	83	65.0
77	84	90.0
77	85	65.0
77	86	61.0
77	87	36.0
77	88	35.0
77	89	54.0
77	90	54.0
77	91	50.0
77	92	28.0
77	93	26.0
77	94	49.0
77	95	36.0
77	96	20.0
77	97	26.0
77	98	31.0
77	99	29.0
77	100	34.0
77	101	23.0
77	102	25.0
77	103	22.0
77	104	22.0
77	105	38.0
77	106	29.0
77	107	35.0
77	108	36.0
77	109	29.0
77	110	30.0
77	111	18.0
77	112	19.0
77	113	27.0
77	114	33.0
77	115	44.0
77	116	50.0
77	117	46.0
77	118	45.0
77	119	32.0
77	120	28.0
77	121	26.0
77	122	28.0
78	79	111.0
78	80	170.0
78	81	177.0
78	82	179.0
78	83	110.0
78	84	186.0
78	85	148.0
78	86	64.0
78	87	39.0
78	88	42.0
78	89	59.0
78	90	70.0
78	91	48.0
78	92	26.0
78	93	43.0
78	94	49.0
78	95	55.0
78	96	40.0
78	97	21.0
78	98	34.0
78	99	33.0
78	100	38.0
78	101	23.0
78	102	23.0
78	103	22.0
78	104	32.0
78	105	40.0
78	106	35.0
78	107	31.0
78	108	41.0
78	109	37.0
78	110	26.0
78	111	32.0
78	112	26.0
78	113	26.0
78	114	32.0
78	115	29.0
78	116	46.0
78	117	36.0
78	118	31.0
78	119	28.0
78	120	25.0
78	121	28.0
78	122	21.0
79	80	205.0
79	81	53.0
79	82	78.0
79	83	78.0
79	84	90.0
79	85	94.0
79	86	70.0
79	87	48.0
79	88	46.0
79	89	57.0
79	90	49.0
79	91	50.0
79	92	30.0
79	93	45.0
79	94	58.0
79	95	38.0
79	96	34.0
79	97	29.0
79	98	37.0
79	99	39.0
79	100	29.0
79	101	23.0
79	102	14.0
79	103	23.0
79	104	20.0
79	105	23.0
79	106	23.0
79	107	31.0
79	108	34.0
79	109	22.0
79	110	25.0
79	111	10.0
79	112	25.0
79	113	20.0
79	114	19.0
79	115	37.0
79	116	14.0
79	117	29.0
79	118	26.0
79	119	27.0
79	120	19.0
79	121	24.0
79	122	25.0
80	81	93.0
80	82	148.0
80	83	140.0
80	84	119.0
80	85	173.0
80	86	73.0
80	87	46.0
80	88	54.0
80	89	60.0
80	90	62.0
80	91	51.0
80	92	36.0
80	93	61.0
80	94	46.0
80	95	53.0
80	96	50.0
80	97	27.0
80	98	33.0
80	99	36.0
80	100	25.0
80	101	25.0
80	102	18.0
80	103	23.0
80	104	27.0
80	105	33.0
80	106	42.0
80	107	32.0
80	108	24.0
80	109	35.0
80	110	32.0
80	111	25.0
80	112	25.0
80	113	22.0
80	114	28.0
80	115	18.0
80	116	28.0
80	117	38.0
80	118	21.0
80	119	22.0
80	120	22.0
80	121	24.0
80	122	29.0
81	82	162.0
81	83	101.0
81	84	197.0
81	85	98.0
81	86	77.0
81	87	40.0
81	88	40.0
81	89	60.0
81	90	90.0
81	91	69.0
81	92	41.0
81	93	42.0
81	94	64.0
81	95	37.0
81	96	49.0
81	97	44.0
81	98	29.0
81	99	36.0
81	100	44.0
81	101	29.0
81	102	27.0
81	103	24.0
81	104	23.0
81	105	31.0
81	106	34.0
81	107	42.0
81	108	38.0
81	109	47.0
81	110	33.0
81	111	24.0
81	112	25.0
81	113	32.0
81	114	43.0
81	115	43.0
81	116	51.0
81	117	36.0
81	118	44.0
81	119	32.0
81	120	31.0
81	121	32.0
81	122	18.0
82	83	250.0
82	84	325.0
82	85	255.0
82	86	114.0
82	87	52.0
82	88	50.0
82	89	86.0
82	90	99.0
82	91	63.0
82	92	49.0
82	93	50.0
82	94	46.0
82	95	52.0
82	96	39.0
82	97	33.0
82	98	37.0
82	99	35.0
82	100	27.0
82	101	26.0
82	102	25.0
82	103	29.0
82	104	26.0
82	105	26.0
82	106	35.0
82	107	53.0
82	108	39.0
82	109	33.0
82	110	36.0
82	111	28.0
82	112	25.0
82	113	32.0
82	114	34.0
82	115	28.0
82	116	34.0
82	117	39.0
82	118	29.0
82	119	35.0
82	120	21.0
82	121	27.0
82	122	30.0
83	84	215.0
83	85	315.0
83	86	196.0
83	87	66.0
83	88	62.0
83	89	127.0
83	90	110.0
83	91	80.0
83	92	58.0
83	93	59.0
83	94	74.0
83	95	55.0
83	96	45.0
83	97	35.0
83	98	34.0
83	99	29.0
83	100	43.0
83	101	28.0
83	102	33.0
83	103	27.0
83	104	34.0
83	105	33.0
83	106	33.0
83	107	29.0
83	108	48.0
83	109	39.0
83	110	45.0
83	111	28.0
83	112	24.0
83	113	20.0
83	114	29.0
83	115	35.0
83	116	25.0
83	117	39.0
83	118	36.0
83	119	34.0
83	120	26.0
83	121	25.0
83	122	28.0
84	85	223.0
84	86	104.0
84	87	49.0
84	88	58.0
84	89	66.0
84	90	110.0
84	91	81.0
84	92	50.0
84	93	73.0
84	94	75.0
84	95	54.0
84	96	42.0
84	97	32.0
84	98	42.0
84	99	46.0
84	100	54.0
84	101	38.0
84	102	31.0
84	103	37.0
84	104	25.0
84	105	40.0
84	106	48.0
84	107	41.0
84	108	44.0
84	109	39.0
84	110	28.0
84	111	24.0
84	112	26.0
84	113	29.0
84	114	31.0
84	115	39.0
84	116	33.0
84	117	35.0
84	118	31.0
84	119	41.0
84	120	26.0
84	121	40.0
84	122	24.0
85	86	144.0
85	87	63.0
85	88	45.0
85	89	92.0
85	90	97.0
85	91	82.0
85	92	51.0
85	93	68.0
85	94	60.0
85	95	53.0
85	96	42.0
85	97	33.0
85	98	32.0
85	99	44.0
85	100	34.0
85	101	24.0
85	102	22.0
85	103	22.0
85	104	27.0
85	105	26.0
85	106	33.0
85	107	32.0
85	108	28.0
85	109	40.0
85	110	38.0
85	111	21.0
85	112	24.0
85	113	17.0
85	114	34.0
85	115	37.0
85	116	33.0
85	117	31.0
85	118	36.0
85	119	18.0
85	120	22.0
85	121	35.0
85	122	29.0
86	87	82.0
86	88	71.0
86	89	257.0
86	90	102.0
86	91	76.0
86	92	74.0
86	93	91.0
86	94	79.0
86	95	70.0
86	96	57.0
86	97	28.0
86	98	39.0
86	99	46.0
86	100	38.0
86	101	42.0
86	102	23.0
86	103	19.0
86	104	26.0
86	105	31.0
86	106	31.0
86	107	39.0
86	108	36.0
86	109	24.0
86	110	27.0
86	111	33.0
86	112	23.0
86	113	26.0
86	114	34.0
86	115	28.0
86	116	26.0
86	117	31.0
86	118	24.0
86	119	32.0
86	120	22.0
86	121	22.0
86	122	20.0
87	88	602.0
87	89	82.0
87	90	46.0
87	91	39.0
87	92	60.0
87	93	64.0
87	94	58.0
87	95	34.0
87	96	49.0
87	97	34.0
87	98	46.0
87	99	30.0
87	100	39.0
87	101	23.0
87	102	25.0
87	103	21.0
87	104	25.0
87	105	34.0
87	106	23.0
87	107	21.0
87	108	31.0
87	109	25.0
87	110	22.0
87	111	17.0
87	112	16.0
87	113	17.0
87	114	21.0
87	115	32.0
87	116	34.0
87	117	18.0
87	118	19.0
87	119	16.0
87	120	16.0
87	121	15.0
87	122	22.0
88	89	89.0
88	90	46.0
88	91	49.0
88	92	63.0
88	93	68.0
88	94	45.0
88	95	45.0
88	96	45.0
88	97	24.0
88	98	39.0
88	99	42.0
88	100	23.0
88	101	28.0
88	102	18.0
88	103	17.0
88	104	24.0
88	105	32.0
88	106	25.0
88	107	28.0
88	108	23.0
88	109	19.0
88	110	22.0
88	111	25.0
88	112	19.0
88	113	19.0
88	114	24.0
88	115	30.0
88	116	13.0
88	117	25.0
88	118	27.0
88	119	16.0
88	120	11.0
88	121	20.0
88	122	21.0
89	90	113.0
89	91	58.0
89	92	88.0
89	93	117.0
89	94	73.0
89	95	67.0
89	96	53.0
89	97	36.0
89	98	35.0
89	99	57.0
89	100	41.0
89	101	29.0
89	102	23.0
89	103	20.0
89	104	23.0
89	105	38.0
89	106	34.0
89	107	30.0
89	108	33.0
89	109	21.0
89	110	24.0
89	111	28.0
89	112	17.0
89	113	29.0
89	114	31.0
89	115	24.0
89	116	34.0
89	117	33.0
89	118	30.0
89	119	20.0
89	120	25.0
89	121	16.0
89	122	15.0
90	91	213.0
90	92	83.0
90	93	138.0
90	94	131.0
90	95	85.0
90	96	62.0
90	97	43.0
90	98	59.0
90	99	61.0
90	100	54.0
90	101	39.0
90	102	35.0
90	103	27.0
90	104	35.0
90	105	50.0
90	106	46.0
90	107	53.0
90	108	48.0
90	109	30.0
90	110	33.0
90	111	21.0
90	112	25.0
90	113	34.0
90	114	37.0
90	115	48.0
90	116	49.0
90	117	38.0
90	118	35.0
90	119	29.0
90	120	29.0
90	121	35.0
90	122	36.0
91	92	86.0
91	93	137.0
91	94	127.0
91	95	88.0
91	96	79.0
91	97	52.0
91	98	70.0
91	99	93.0
91	100	66.0
91	101	45.0
91	102	32.0
91	103	22.0
91	104	43.0
91	105	52.0
91	106	61.0
91	107	61.0
91	108	59.0
91	109	33.0
91	110	57.0
91	111	34.0
91	112	35.0
91	113	35.0
91	114	41.0
91	115	49.0
91	116	41.0
91	117	47.0
91	118	44.0
91	119	42.0
91	120	40.0
91	121	41.0
91	122	31.0
92	93	233.0
92	94	140.0
92	95	143.0
92	96	169.0
92	97	62.0
92	98	75.0
92	99	86.0
92	100	65.0
92	101	42.0
92	102	30.0
92	103	25.0
92	104	32.0
92	105	36.0
92	106	41.0
92	107	34.0
92	108	44.0
92	109	34.0
92	110	35.0
92	111	28.0
92	112	29.0
92	113	21.0
92	114	27.0
92	115	28.0
92	116	29.0
92	117	28.0
92	118	34.0
92	119	30.0
92	120	18.0
92	121	32.0
92	122	27.0
93	94	157.0
93	95	124.0
93	96	132.0
93	97	53.0
93	98	70.0
93	99	74.0
93	100	68.0
93	101	59.0
93	102	30.0
93	103	27.0
93	104	33.0
93	105	45.0
93	106	53.0
93	107	35.0
93	108	34.0
93	109	36.0
93	110	43.0
93	111	29.0
93	112	42.0
93	113	29.0
93	114	36.0
93	115	42.0
93	116	21.0
93	117	43.0
93	118	40.0
93	119	28.0
93	120	23.0
93	121	35.0
93	122	26.0
94	95	300.0
94	96	109.0
94	97	71.0
94	98	75.0
94	99	112.0
94	100	85.0
94	101	58.0
94	102	42.0
94	103	37.0
94	104	53.0
94	105	34.0
94	106	57.0
94	107	53.0
94	108	47.0
94	109	39.0
94	110	34.0
94	111	40.0
94	112	42.0
94	113	37.0
94	114	34.0
94	115	43.0
94	116	30.0
94	117	30.0
94	118	39.0
94	119	29.0
94	120	35.0
94	121	27.0
94	122	31.0
95	96	191.0
95	97	68.0
95	98	84.0
95	99	93.0
95	100	79.0
95	101	47.0
95	102	34.0
95	103	25.0
95	104	43.0
95	105	44.0
95	106	58.0
95	107	51.0
95	108	33.0
95	109	24.0
95	110	29.0
95	111	29.0
95	112	31.0
95	113	19.0
95	114	35.0
95	115	34.0
95	116	31.0
95	117	30.0
95	118	49.0
95	119	32.0
95	120	14.0
95	121	28.0
95	122	40.0
96	97	135.0
96	98	124.0
96	99	100.0
96	100	94.0
96	101	49.0
96	102	33.0
96	103	29.0
96	104	34.0
96	105	44.0
96	106	50.0
96	107	35.0
96	108	25.0
96	109	34.0
96	110	33.0
96	111	21.0
96	112	25.0
96	113	28.0
96	114	27.0
96	115	26.0
96	116	27.0
96	117	34.0
96	118	24.0
96	119	32.0
96	120	33.0
96	121	32.0
96	122	26.0
97	98	104.0
97	99	76.0
97	100	84.0
97	101	52.0
97	102	36.0
97	103	45.0
97	104	34.0
97	105	29.0
97	106	44.0
97	107	45.0
97	108	21.0
97	109	35.0
97	110	27.0
97	111	28.0
97	112	28.0
97	113	30.0
97	114	36.0
97	115	36.0
97	116	25.0
97	117	29.0
97	118	27.0
97	119	27.0
97	120	24.0
97	121	21.0
97	122	25.0
98	99	272.0
98	100	191.0
98	101	69.0
98	102	38.0
98	103	32.0
98	104	56.0
98	105	55.0
98	106	80.0
98	107	62.0
98	108	51.0
98	109	44.0
98	110	36.0
98	111	45.0
98	112	38.0
98	113	41.0
98	114	39.0
98	115	62.0
98	116	22.0
98	117	32.0
98	118	32.0
98	119	42.0
98	120	23.0
98	121	35.0
98	122	30.0
99	100	163.0
99	101	75.0
99	102	42.0
99	103	39.0
99	104	42.0
99	105	59.0
99	106	82.0
99	107	64.0
99	108	49.0
99	109	44.0
99	110	41.0
99	111	42.0
99	112	35.0
99	113	34.0
99	114	44.0
99	115	42.0
99	116	41.0
99	117	50.0
99	118	37.0
99	119	23.0
99	120	34.0
99	121	35.0
99	122	32.0
100	101	95.0
100	102	55.0
100	103	42.0
100	104	63.0
100	105	66.0
100	106	121.0
100	107	70.0
100	108	45.0
100	109	46.0
100	110	56.0
100	111	46.0
100	112	46.0
100	113	45.0
100	114	57.0
100	115	55.0
100	116	36.0
100	117	41.0
100	118	43.0
100	119	46.0
100	120	27.0
100	121	30.0
100	122	47.0
101	102	92.0
101	103	72.0
101	104	103.0
101	105	61.0
101	106	98.0
101	107	129.0
101	108	42.0
101	109	54.0
101	110	49.0
101	111	49.0
101	112	56.0
101	113	59.0
101	114	71.0
101	115	46.0
101	116	35.0
101	117	40.0
101	118	71.0
101	119	58.0
101	120	36.0
101	121	51.0
101	122	47.0
102	103	206.0
102	104	91.0
102	105	48.0
102	106	67.0
102	107	53.0
102	108	39.0
102	109	42.0
102	110	28.0
102	111	64.0
102	112	68.0
102	113	58.0
102	114	42.0
102	115	35.0
102	116	17.0
102	117	23.0
102	118	38.0
102	119	43.0
102	120	35.0
102	121	26.0
102	122	45.0
103	104	89.0
103	105	47.0
103	106	43.0
103	107	52.0
103	108	30.0
103	109	39.0
103	110	40.0
103	111	55.0
103	112	52.0
103	113	69.0
103	114	34.0
103	115	30.0
103	116	32.0
103	117	31.0
103	118	39.0
103	119	41.0
103	120	26.0
103	121	33.0
103	122	36.0
104	105	81.0
104	106	94.0
104	107	91.0
104	108	57.0
104	109	71.0
104	110	50.0
104	111	91.0
104	112	93.0
104	113	83.0
104	114	65.0
104	115	46.0
104	116	36.0
104	117	30.0
104	118	68.0
104	119	60.0
104	120	54.0
104	121	51.0
104	122	35.0
105	106	161.0
105	107	115.0
105	108	134.0
105	109	222.0
105	110	153.0
105	111	107.0
105	112	101.0
105	113	70.0
105	114	92.0
105	115	90.0
105	116	60.0
105	117	79.0
105	118	94.0
105	119	48.0
105	120	52.0
105	121	69.0
105	122	43.0
106	107	211.0
106	108	101.0
106	109	106.0
106	110	69.0
106	111	78.0
106	112	69.0
106	113	64.0
106	114	103.0
106	115	63.0
106	116	57.0
106	117	52.0
106	118	111.0
106	119	52.0
106	120	47.0
106	121	49.0
106	122	48.0
107	108	82.0
107	109	100.0
107	110	71.0
107	111	80.0
107	112	97.0
107	113	101.0
107	114	125.0
107	115	66.0
107	116	59.0
107	117	57.0
107	118	142.0
107	119	77.0
107	120	64.0
107	121	52.0
107	122	64.0
108	109	242.0
108	110	181.0
108	111	73.0
108	112	76.0
108	113	57.0
108	114	131.0
108	115	176.0
108	116	98.0
108	117	183.0
108	118	118.0
108	119	51.0
108	120	40.0
108	121	92.0
108	122	50.0
109	110	333.0
109	111	104.0
109	112	88.0
109	113	81.0
109	114	170.0
109	115	130.0
109	116	73.0
109	117	91.0
109	118	118.0
109	119	49.0
109	120	61.0
109	121	73.0
109	122	54.0
110	111	86.0
110	112	66.0
110	113	77.0
110	114	94.0
110	115	143.0
110	116	73.0
110	117	108.0
110	118	74.0
110	119	43.0
110	120	34.0
110	121	86.0
110	122	52.0
111	112	300.0
111	113	115.0
111	114	107.0
111	115	68.0
111	116	39.0
111	117	59.0
111	118	75.0
111	119	50.0
111	120	50.0
111	121	66.0
111	122	57.0
112	113	172.0
112	114	100.0
112	115	49.0
112	116	38.0
112	117	50.0
112	118	90.0
112	119	68.0
112	120	76.0
112	121	72.0
112	122	70.0
113	114	134.0
113	115	45.0
113	116	35.0
113	117	47.0
113	118	124.0
113	119	115.0
113	120	88.0
113	121	94.0
113	122	91.0
114	115	74.0
114	116	59.0
114	117	92.0
114	118	301.0
114	119	86.0
114	120	70.0
114	121	132.0
114	122	77.0
115	116	133.0
115	117	188.0
115	118	71.0
115	119	43.0
115	120	37.0
115	121	66.0
115	122	54.0
116	117	168.0
116	118	46.0
116	119	36.0
116	120	54.0
116	121	66.0
116	122	39.0
117	118	80.0
117	119	42.0
117	120	49.0
117	121	75.0
117	122	41.0
118	119	91.0
118	120	78.0
118	121	129.0
118	122	80.0
119	120	158.0
119	121	71.0
119	122	129.0
120	121	116.0
120	122	265.0
121	122	117.0
