1	2	63.0
1	3	35.0
1	4	39.0
1	5	28.0
1	6	25.0
1	7	25.0
1	8	26.0
1	9	18.0
1	10	27.0
1	11	23.0
1	12	16.0
1	13	18.0
1	14	10.0
1	15	22.0
1	16	19.0
1	17	16.0
1	18	12.0
1	19	19.0
1	20	15.0
1	21	4.0
1	22	13.0
1	23	17.0
1	24	14.0
1	25	18.0
1	26	13.0
1	27	12.0
1	28	15.0
1	29	16.0
1	30	13.0
1	31	5.0
1	32	7.0
1	33	13.0
1	34	8.0
1	35	8.0
1	36	6.0
1	37	4.0
1	38	8.0
1	39	9.0
1	40	7.0
1	41	10.0
1	42	8.0
1	43	8.0
1	44	6.0
1	45	8.0
1	46	4.0
1	47	7.0
1	48	12.0
1	49	10.0
1	50	8.0
1	51	15.0
1	52	10.0
1	53	12.0
1	54	10.0
1	55	9.0
1	56	9.0
1	57	9.0
1	58	14.0
1	59	16.0
1	60	20.0
1	61	9.0
1	62	8.0
1	63	9.0
1	64	13.0
1	65	11.0
1	66	8.0
1	67	8.0
1	68	9.0
1	69	14.0
1	70	12.0
1	71	9.0
1	72	16.0
1	73	13.0
1	74	9.0
1	75	14.0
1	76	14.0
1	77	11.0
1	78	8.0
1	79	10.0
1	80	6.0
1	81	11.0
1	82	14.0
1	83	12.0
1	84	12.0
1	85	12.0
1	86	9.0
1	87	7.0
1	88	8.0
1	89	5.0
1	90	20.0
1	91	15.0
1	92	9.0
1	93	15.0
1	94	11.0
1	95	16.0
1	96	7.0
1	97	14.0
1	98	7.0
1	99	8.0
1	100	12.0
1	101	11.0
1	102	19.0
1	103	10.0
1	104	12.0
1	105	9.0
1	106	19.0
1	107	16.0
1	108	14.0
1	109	22.0
1	110	22.0
1	111	22.0
1	112	14.0
1	113	21.0
1	114	23.0
1	115	9.0
1	116	17.0
1	117	23.0
1	118	13.0
1	119	20.0
1	120	19.0
1	121	19.0
1	122	19.0
2	3	71.0
2	4	56.0
2	5	24.0
2	6	36.0
2	7	41.0
2	8	35.0
2	9	27.0
2	10	35.0
2	11	29.0
2	12	15.0
2	13	21.0
2	14	21.0
2	15	19.0
2	16	16.0
2	17	24.0
2	18	28.0
2	19	18.0
2	20	21.0
2	21	13.0
2	22	17.0
2	23	14.0
2	24	16.0
2	25	11.0
2	26	11.0
2	27	7.0
2	28	11.0
2	29	11.0
2	30	15.0
2	31	11.0
2	32	15.0
2	33	8.0
2	34	8.0
2	35	6.0
2	36	9.0
2	37	7.0
2	38	6.0
2	39	13.0
2	40	11.0
2	41	12.0
2	42	10.0
2	43	7.0
2	44	12.0
2	45	17.0
2	46	11.0
2	47	9.0
2	48	11.0
2	49	21.0
2	50	13.0
2	51	10.0
2	52	7.0
2	53	11.0
2	54	8.0
2	55	6.0
2	56	9.0
2	57	13.0
2	58	14.0
2	59	16.0
2	60	14.0
2	61	15.0
2	62	7.0
2	63	6.0
2	64	12.0
2	65	14.0
2	66	10.0
2	67	13.0
2	68	11.0
2	69	8.0
2	70	10.0
2	71	15.0
2	72	14.0
2	73	12.0
2	74	14.0
2	75	14.0
2	76	9.0
2	77	12.0
2	78	18.0
2	79	12.0
2	80	14.0
2	81	14.0
2	82	9.0
2	83	18.0
2	84	11.0
2	85	13.0
2	86	8.0
2	87	9.0
2	88	13.0
2	89	9.0
2	90	12.0
2	91	16.0
2	92	18.0
2	93	7.0
2	94	7.0
2	95	12.0
2	96	8.0
2	97	13.0
2	98	10.0
2	99	13.0
2	100	9.0
2	101	17.0
2	102	12.0
2	103	18.0
2	104	10.0
2	105	13.0
2	106	15.0
2	107	17.0
2	108	22.0
2	109	13.0
2	110	13.0
2	111	18.0
2	112	9.0
2	113	16.0
2	114	25.0
2	115	14.0
2	116	24.0
2	117	19.0
2	118	18.0
2	119	18.0
2	120	14.0
2	121	16.0
2	122	25.0
3	4	175.0
3	5	106.0
3	6	69.0
3	7	66.0
3	8	42.0
3	9	43.0
3	10	34.0
3	11	32.0
3	12	32.0
3	13	20.0
3	14	24.0
3	15	27.0
3	16	31.0
3	17	19.0
3	18	27.0
3	19	29.0
3	20	22.0
3	21	22.0
3	22	18.0
3	23	26.0
3	24	14.0
3	25	17.0
3	26	16.0
3	27	19.0
3	28	10.0
3	29	16.0
3	30	14.0
3	31	11.0
3	32	13.0
3	33	7.0
3	34	11.0
3	35	2.0
3	36	12.0
3	37	6.0
3	38	6.0
3	39	11.0
3	40	12.0
3	41	9.0
3	42	19.0
3	43	8.0
3	44	16.0
3	45	10.0
3	46	5.0
3	47	12.0
3	48	10.0
3	49	22.0
3	50	17.0
3	51	13.0
3	52	20.0
3	53	19.0
3	54	9.0
3	55	12.0
3	56	19.0
3	57	12.0
3	58	13.0
3	59	15.0
3	60	21.0
3	61	18.0
3	62	9.0
3	63	9.0
3	64	7.0
3	65	8.0
3	66	8.0
3	67	10.0
3	68	11.0
3	69	21.0
3	70	19.0
3	71	19.0
3	72	17.0
3	73	23.0
3	74	17.0
3	75	19.0
3	76	11.0
3	77	17.0
3	78	17.0
3	79	16.0
3	80	11.0
3	81	12.0
3	82	11.0
3	83	14.0
3	84	20.0
3	85	11.0
3	86	8.0
3	87	17.0
3	88	12.0
3	89	14.0
3	90	19.0
3	91	13.0
3	92	5.0
3	93	10.0
3	94	18.0
3	95	9.0
3	96	9.0
3	97	12.0
3	98	18.0
3	99	16.0
3	100	14.0
3	101	24.0
3	102	8.0
3	103	9.0
3	104	13.0
3	105	20.0
3	106	15.0
3	107	21.0
3	108	8.0
3	109	15.0
3	110	21.0
3	111	25.0
3	112	18.0
3	113	15.0
3	114	17.0
3	115	21.0
3	116	17.0
3	117	19.0
3	118	23.0
3	119	18.0
3	120	18.0
3	121	20.0
3	122	20.0
4	5	188.0
4	6	114.0
4	7	131.0
4	8	56.0
4	9	37.0
4	10	42.0
4	11	53.0
4	12	18.0
4	13	19.0
4	14	17.0
4	15	20.0
4	16	30.0
4	17	25.0
4	18	19.0
4	19	28.0
4	20	16.0
4	21	28.0
4	22	19.0
4	23	25.0
4	24	17.0
4	25	19.0
4	26	9.0
4	27	11.0
4	28	12.0
4	29	9.0
4	30	13.0
4	31	17.0
4	32	5.0
4	33	12.0
4	34	11.0
4	35	11.0
4	36	7.0
4	37	5.0
4	38	8.0
4	39	6.0
4	40	12.0
4	41	12.0
4	42	11.0
4	43	9.0
4	44	8.0
4	45	8.0
4	46	10.0
4	47	11.0
4	48	11.0
4	49	16.0
4	50	23.0
4	51	20.0
4	52	23.0
4	53	13.0
4	54	13.0
4	55	16.0
4	56	12.0
4	57	16.0
4	58	9.0
4	59	16.0
4	60	16.0
4	61	13.0
4	62	8.0
4	63	13.0
4	64	10.0
4	65	17.0
4	66	13.0
4	67	11.0
4	68	11.0
4	69	16.0
4	70	20.0
4	71	32.0
4	72	29.0
4	73	13.0
4	74	25.0
4	75	14.0
4	76	11.0
4	77	28.0
4	78	23.0
4	79	21.0
4	80	18.0
4	81	18.0
4	82	14.0
4	83	16.0
4	84	16.0
4	85	22.0
4	86	13.0
4	87	14.0
4	88	10.0
4	89	10.0
4	90	17.0
4	91	13.0
4	92	18.0
4	93	7.0
4	94	23.0
4	95	13.0
4	96	11.0
4	97	9.0
4	98	20.0
4	99	15.0
4	100	16.0
4	101	15.0
4	102	11.0
4	103	16.0
4	104	15.0
4	105	19.0
4	106	16.0
4	107	12.0
4	108	21.0
4	109	21.0
4	110	19.0
4	111	16.0
4	112	10.0
4	113	20.0
4	114	17.0
4	115	26.0
4	116	31.0
4	117	15.0
4	118	24.0
4	119	22.0
4	120	20.0
4	121	25.0
4	122	28.0
5	6	220.0
5	7	306.0
5	8	59.0
5	9	38.0
5	10	52.0
5	11	64.0
5	12	36.0
5	13	23.0
5	14	17.0
5	15	28.0
5	16	29.0
5	17	29.0
5	18	29.0
5	19	26.0
5	20	15.0
5	21	17.0
5	22	17.0
5	23	31.0
5	24	16.0
5	25	28.0
5	26	8.0
5	27	17.0
5	28	14.0
5	29	16.0
5	30	11.0
5	31	9.0
5	32	18.0
5	33	11.0
5	34	3.0
5	35	9.0
5	36	8.0
5	37	7.0
5	38	7.0
5	39	12.0
5	40	14.0
5	41	14.0
5	42	18.0
5	43	8.0
5	44	10.0
5	45	12.0
5	46	10.0
5	47	10.0
5	48	20.0
5	49	33.0
5	50	17.0
5	51	20.0
5	52	19.0
5	53	15.0
5	54	24.0
5	55	9.0
5	56	19.0
5	57	16.0
5	58	23.0
5	59	18.0
5	60	26.0
5	61	23.0
5	62	10.0
5	63	16.0
5	64	10.0
5	65	12.0
5	66	10.0
5	67	15.0
5	68	16.0
5	69	17.0
5	70	15.0
5	71	30.0
5	72	33.0
5	73	14.0
5	74	25.0
5	75	19.0
5	76	18.0
5	77	26.0
5	78	15.0
5	79	14.0
5	80	12.0
5	81	21.0
5	82	22.0
5	83	17.0
5	84	16.0
5	85	14.0
5	86	14.0
5	87	11.0
5	88	16.0
5	89	14.0
5	90	18.0
5	91	14.0
5	92	7.0
5	93	15.0
5	94	13.0
5	95	15.0
5	96	12.0
5	97	10.0
5	98	9.0
5	99	15.0
5	100	21.0
5	101	12.0
5	102	14.0
5	103	14.0
5	104	12.0
5	105	26.0
5	106	15.0
5	107	12.0
5	108	23.0
5	109	18.0
5	110	22.0
5	111	16.0
5	112	23.0
5	113	16.0
5	114	16.0
5	115	22.0
5	116	38.0
5	117	27.0
5	118	21.0
5	119	23.0
5	120	23.0
5	121	27.0
5	122	29.0
6	7	198.0
6	8	62.0
6	9	30.0
6	10	36.0
6	11	57.0
6	12	44.0
6	13	26.0
6	14	32.0
6	15	13.0
6	16	25.0
6	17	26.0
6	18	30.0
6	19	26.0
6	20	27.0
6	21	15.0
6	22	27.0
6	23	19.0
6	24	16.0
6	25	22.0
6	26	8.0
6	27	11.0
6	28	12.0
6	29	19.0
6	30	20.0
6	31	15.0
6	32	13.0
6	33	9.0
6	34	8.0
6	35	6.0
6	36	7.0
6	37	8.0
6	38	10.0
6	39	13.0
6	40	13.0
6	41	17.0
6	42	11.0
6	43	10.0
6	44	11.0
6	45	12.0
6	46	13.0
6	47	13.0
6	48	12.0
6	49	14.0
6	50	16.0
6	51	21.0
6	52	23.0
6	53	15.0
6	54	17.0
6	55	16.0
6	56	22.0
6	57	27.0
6	58	19.0
6	59	25.0
6	60	21.0
6	61	15.0
6	62	14.0
6	63	13.0
6	64	14.0
6	65	16.0
6	66	14.0
6	67	17.0
6	68	19.0
6	69	18.0
6	70	18.0
6	71	15.0
6	72	20.0
6	73	15.0
6	74	21.0
6	75	18.0
6	76	18.0
6	77	28.0
6	78	19.0
6	79	21.0
6	80	13.0
6	81	21.0
6	82	18.0
6	83	21.0
6	84	13.0
6	85	14.0
6	86	13.0
6	87	15.0
6	88	10.0
6	89	12.0
6	90	14.0
6	91	17.0
6	92	12.0
6	93	13.0
6	94	12.0
6	95	10.0
6	96	16.0
6	97	7.0
6	98	16.0
6	99	8.0
6	100	14.0
6	101	11.0
6	102	15.0
6	103	19.0
6	104	14.0
6	105	24.0
6	106	11.0
6	107	15.0
6	108	14.0
6	109	16.0
6	110	15.0
6	111	19.0
6	112	8.0
6	113	22.0
6	114	17.0
6	115	20.0
6	116	36.0
6	117	19.0
6	118	27.0
6	119	19.0
6	120	26.0
6	121	27.0
6	122	24.0
7	8	63.0
7	9	41.0
7	10	42.0
7	11	51.0
7	12	22.0
7	13	17.0
7	14	22.0
7	15	17.0
7	16	33.0
7	17	22.0
7	18	27.0
7	19	21.0
7	20	27.0
7	21	23.0
7	22	20.0
7	23	20.0
7	24	17.0
7	25	18.0
7	26	15.0
7	27	15.0
7	28	6.0
7	29	15.0
7	30	9.0
7	31	11.0
7	32	7.0
7	33	7.0
7	34	9.0
7	35	4.0
7	36	8.0
7	37	5.0
7	38	7.0
7	39	12.0
7	40	9.0
7	41	13.0
7	42	9.0
7	43	9.0
7	44	9.0
7	45	12.0
7	46	8.0
7	47	18.0
7	48	17.0
7	49	27.0
7	50	17.0
7	51	16.0
7	52	24.0
7	53	20.0
7	54	14.0
7	55	13.0
7	56	16.0
7	57	17.0
7	58	18.0
7	59	27.0
7	60	21.0
7	61	20.0
7	62	21.0
7	63	19.0
7	64	23.0
7	65	15.0
7	66	16.0
7	67	16.0
7	68	12.0
7	69	12.0
7	70	19.0
7	71	31.0
7	72	23.0
7	73	24.0
7	74	27.0
7	75	16.0
7	76	15.0
7	77	23.0
7	78	25.0
7	79	15.0
7	80	20.0
7	81	15.0
7	82	20.0
7	83	20.0
7	84	14.0
7	85	17.0
7	86	11.0
7	87	11.0
7	88	18.0
7	89	13.0
7	90	12.0
7	91	14.0
7	92	15.0
7	93	18.0
7	94	15.0
7	95	17.0
7	96	16.0
7	97	9.0
7	98	22.0
7	99	12.0
7	100	21.0
7	101	20.0
7	102	15.0
7	103	13.0
7	104	11.0
7	105	23.0
7	106	16.0
7	107	23.0
7	108	17.0
7	109	26.0
7	110	28.0
7	111	12.0
7	112	13.0
7	113	10.0
7	114	20.0
7	115	21.0
7	116	22.0
7	117	34.0
7	118	24.0
7	119	29.0
7	120	24.0
7	121	37.0
7	122	24.0
8	9	63.0
8	10	100.0
8	11	96.0
8	12	43.0
8	13	27.0
8	14	32.0
8	15	26.0
8	16	29.0
8	17	26.0
8	18	30.0
8	19	24.0
8	20	28.0
8	21	32.0
8	22	21.0
8	23	25.0
8	24	18.0
8	25	18.0
8	26	14.0
8	27	11.0
8	28	15.0
8	29	14.0
8	30	14.0
8	31	13.0
8	32	7.0
8	33	10.0
8	34	11.0
8	35	10.0
8	36	2.0
8	37	6.0
8	38	5.0
8	39	6.0
8	40	14.0
8	41	10.0
8	42	6.0
8	43	6.0
8	44	7.0
8	45	8.0
8	46	13.0
8	47	6.0
8	48	11.0
8	49	17.0
8	50	24.0
8	51	20.0
8	52	25.0
8	53	12.0
8	54	26.0
8	55	10.0
8	56	15.0
8	57	20.0
8	58	21.0
8	59	23.0
8	60	20.0
8	61	18.0
8	62	9.0
8	63	11.0
8	64	12.0
8	65	13.0
8	66	12.0
8	67	19.0
8	68	15.0
8	69	20.0
8	70	26.0
8	71	26.0
8	72	22.0
8	73	22.0
8	74	29.0
8	75	19.0
8	76	21.0
8	77	20.0
8	78	12.0
8	79	22.0
8	80	19.0
8	81	31.0
8	82	15.0
8	83	17.0
8	84	23.0
8	85	15.0
8	86	14.0
8	87	11.0
8	88	13.0
8	89	7.0
8	90	16.0
8	91	17.0
8	92	10.0
8	93	14.0
8	94	17.0
8	95	12.0
8	96	16.0
8	97	16.0
8	98	19.0
8	99	18.0
8	100	24.0
8	101	17.0
8	102	12.0
8	103	24.0
8	104	19.0
8	105	22.0
8	106	27.0
8	107	23.0
8	108	18.0
8	109	19.0
8	110	22.0
8	111	22.0
8	112	20.0
8	113	27.0
8	114	24.0
8	115	20.0
8	116	31.0
8	117	30.0
8	118	29.0
8	119	21.0
8	120	31.0
8	121	39.0
8	122	39.0
9	10	103.0
9	11	74.0
9	12	59.0
9	13	30.0
9	14	32.0
9	15	32.0
9	16	27.0
9	17	32.0
9	18	20.0
9	19	48.0
9	20	18.0
9	21	21.0
9	22	18.0
9	23	23.0
9	24	22.0
9	25	14.0
9	26	20.0
9	27	10.0
9	28	11.0
9	29	11.0
9	30	10.0
9	31	11.0
9	32	7.0
9	33	10.0
9	34	8.0
9	35	3.0
9	36	6.0
9	37	10.0
9	38	9.0
9	39	13.0
9	40	8.0
9	41	11.0
9	42	2.0
9	43	4.0
9	44	6.0
9	45	8.0
9	46	11.0
9	47	14.0
9	48	15.0
9	49	29.0
9	50	20.0
9	51	20.0
9	52	17.0
9	53	11.0
9	54	13.0
9	55	25.0
9	56	14.0
9	57	18.0
9	58	11.0
9	59	21.0
9	60	16.0
9	61	17.0
9	62	16.0
9	63	10.0
9	64	9.0
9	65	10.0
9	66	15.0
9	67	21.0
9	68	23.0
9	69	20.0
9	70	18.0
9	71	20.0
9	72	13.0
9	73	20.0
9	74	23.0
9	75	21.0
9	76	21.0
9	77	30.0
9	78	21.0
9	79	14.0
9	80	5.0
9	81	21.0
9	82	19.0
9	83	17.0
9	84	14.0
9	85	18.0
9	86	16.0
9	87	18.0
9	88	8.0
9	89	14.0
9	90	27.0
9	91	15.0
9	92	13.0
9	93	16.0
9	94	16.0
9	95	11.0
9	96	19.0
9	97	12.0
9	98	13.0
9	99	19.0
9	100	18.0
9	101	12.0
9	102	16.0
9	103	16.0
9	104	22.0
9	105	30.0
9	106	23.0
9	107	23.0
9	108	31.0
9	109	23.0
9	110	17.0
9	111	21.0
9	112	24.0
9	113	18.0
9	114	29.0
9	115	12.0
9	116	23.0
9	117	19.0
9	118	27.0
9	119	34.0
9	120	41.0
9	121	46.0
9	122	42.0
10	11	172.0
10	12	67.0
10	13	42.0
10	14	49.0
10	15	33.0
10	16	36.0
10	17	40.0
10	18	47.0
10	19	34.0
10	20	21.0
10	21	24.0
10	22	23.0
10	23	24.0
10	24	16.0
10	25	21.0
10	26	15.0
10	27	12.0
10	28	19.0
10	29	12.0
10	30	18.0
10	31	12.0
10	32	16.0
10	33	11.0
10	34	5.0
10	35	6.0
10	36	13.0
10	37	7.0
10	38	11.0
10	39	2.0
10	40	14.0
10	41	10.0
10	42	8.0
10	43	9.0
10	44	7.0
10	45	10.0
10	46	7.0
10	47	17.0
10	48	14.0
10	49	21.0
10	50	23.0
10	51	13.0
10	52	15.0
10	53	14.0
10	54	22.0
10	55	22.0
10	56	18.0
10	57	16.0
10	58	10.0
10	59	19.0
10	60	31.0
10	61	25.0
10	62	15.0
10	63	14.0
10	64	10.0
10	65	14.0
10	66	16.0
10	67	12.0
10	68	19.0
10	69	17.0
10	70	23.0
10	71	12.0
10	72	31.0
10	73	18.0
10	74	19.0
10	75	21.0
10	76	16.0
10	77	16.0
10	78	23.0
10	79	5.0
10	80	17.0
10	81	28.0
10	82	18.0
10	83	16.0
10	84	14.0
10	85	9.0
10	86	15.0
10	87	15.0
10	88	19.0
10	89	15.0
10	90	12.0
10	91	20.0
10	92	18.0
10	93	12.0
10	94	15.0
10	95	15.0
10	96	13.0
10	97	11.0
10	98	9.0
10	99	15.0
10	100	18.0
10	101	18.0
10	102	16.0
10	103	7.0
10	104	18.0
10	105	21.0
10	106	20.0
10	107	23.0
10	108	22.0
10	109	16.0
10	110	15.0
10	111	19.0
10	112	21.0
10	113	28.0
10	114	22.0
10	115	17.0
10	116	28.0
10	117	21.0
10	118	29.0
10	119	27.0
10	120	15.0
10	121	30.0
10	122	24.0
11	12	61.0
11	13	41.0
11	14	34.0
11	15	26.0
11	16	48.0
11	17	34.0
11	18	50.0
11	19	43.0
11	20	31.0
11	21	28.0
11	22	24.0
11	23	22.0
11	24	12.0
11	25	24.0
11	26	15.0
11	27	17.0
11	28	10.0
11	29	24.0
11	30	13.0
11	31	8.0
11	32	11.0
11	33	6.0
11	34	6.0
11	35	5.0
11	36	5.0
11	37	4.0
11	38	8.0
11	39	2.0
11	40	17.0
11	41	16.0
11	42	9.0
11	43	9.0
11	44	9.0
11	45	9.0
11	46	14.0
11	47	16.0
11	48	18.0
11	49	29.0
11	50	21.0
11	51	17.0
11	52	21.0
11	53	22.0
11	54	17.0
11	55	15.0
11	56	17.0
11	57	18.0
11	58	14.0
11	59	21.0
11	60	22.0
11	61	17.0
11	62	13.0
11	63	16.0
11	64	11.0
11	65	14.0
11	66	14.0
11	67	13.0
11	68	14.0
11	69	26.0
11	70	12.0
11	71	19.0
11	72	24.0
11	73	22.0
11	74	21.0
11	75	22.0
11	76	16.0
11	77	22.0
11	78	26.0
11	79	10.0
11	80	9.0
11	81	16.0
11	82	18.0
11	83	17.0
11	84	21.0
11	85	22.0
11	86	10.0
11	87	8.0
11	88	15.0
11	89	12.0
11	90	17.0
11	91	13.0
11	92	15.0
11	93	19.0
11	94	10.0
11	95	8.0
11	96	18.0
11	97	11.0
11	98	16.0
11	99	15.0
11	100	19.0
11	101	9.0
11	102	14.0
11	103	11.0
11	104	19.0
11	105	25.0
11	106	23.0
11	107	18.0
11	108	20.0
11	109	12.0
11	110	32.0
11	111	15.0
11	112	21.0
11	113	15.0
11	114	20.0
11	115	16.0
11	116	27.0
11	117	21.0
11	118	29.0
11	119	17.0
11	120	29.0
11	121	24.0
11	122	23.0
12	13	80.0
12	14	103.0
12	15	61.0
12	16	48.0
12	17	60.0
12	18	45.0
12	19	52.0
12	20	38.0
12	21	23.0
12	22	26.0
12	23	24.0
12	24	22.0
12	25	14.0
12	26	21.0
12	27	11.0
12	28	20.0
12	29	15.0
12	30	11.0
12	31	12.0
12	32	11.0
12	33	11.0
12	34	8.0
12	35	6.0
12	36	7.0
12	37	7.0
12	38	7.0
12	39	13.0
12	40	7.0
12	41	11.0
12	42	8.0
12	43	13.0
12	44	12.0
12	45	10.0
12	46	12.0
12	47	11.0
12	48	21.0
12	49	20.0
12	50	13.0
12	51	18.0
12	52	18.0
12	53	24.0
12	54	23.0
12	55	16.0
12	56	23.0
12	57	26.0
12	58	18.0
12	59	19.0
12	60	17.0
12	61	15.0
12	62	15.0
12	63	10.0
12	64	15.0
12	65	16.0
12	66	17.0
12	67	9.0
12	68	10.0
12	69	9.0
12	70	11.0
12	71	13.0
12	72	21.0
12	73	14.0
12	74	16.0
12	75	17.0
12	76	13.0
12	77	19.0
12	78	25.0
12	79	7.0
12	80	17.0
12	81	19.0
12	82	12.0
12	83	14.0
12	84	19.0
12	85	17.0
12	86	24.0
12	87	8.0
12	88	16.0
12	89	11.0
12	90	15.0
12	91	12.0
12	92	9.0
12	93	11.0
12	94	16.0
12	95	14.0
12	96	11.0
12	97	18.0
12	98	14.0
12	99	13.0
12	100	11.0
12	101	17.0
12	102	10.0
12	103	12.0
12	104	15.0
12	105	19.0
12	106	16.0
12	107	15.0
12	108	12.0
12	109	16.0
12	110	13.0
12	111	17.0
12	112	18.0
12	113	15.0
12	114	19.0
12	115	16.0
12	116	15.0
12	117	15.0
12	118	10.0
12	119	22.0
12	120	18.0
12	121	21.0
12	122	15.0
13	14	192.0
13	15	103.0
13	16	59.0
13	17	42.0
13	18	39.0
13	19	42.0
13	20	23.0
13	21	32.0
13	22	14.0
13	23	18.0
13	24	18.0
13	25	23.0
13	26	22.0
13	27	13.0
13	28	14.0
13	29	14.0
13	30	14.0
13	31	14.0
13	32	16.0
13	33	11.0
13	34	6.0
13	35	2.0
13	36	6.0
13	37	7.0
13	38	10.0
13	39	7.0
13	40	10.0
13	41	10.0
13	42	2.0
13	43	6.0
13	44	14.0
13	45	13.0
13	46	12.0
13	47	13.0
13	48	21.0
13	49	19.0
13	50	15.0
13	51	15.0
13	52	25.0
13	53	23.0
13	54	26.0
13	55	14.0
13	56	12.0
13	57	17.0
13	58	17.0
13	59	16.0
13	60	26.0
13	61	12.0
13	62	14.0
13	63	16.0
13	64	10.0
13	65	12.0
13	66	11.0
13	67	14.0
13	68	20.0
13	69	16.0
13	70	11.0
13	71	18.0
13	72	14.0
13	73	12.0
13	74	20.0
13	75	11.0
13	76	16.0
13	77	15.0
13	78	15.0
13	79	10.0
13	80	15.0
13	81	8.0
13	82	9.0
13	83	14.0
13	84	15.0
13	85	10.0
13	86	10.0
13	87	10.0
13	88	8.0
13	89	7.0
13	90	9.0
13	91	17.0
13	92	12.0
13	93	5.0
13	94	11.0
13	95	13.0
13	96	10.0
13	97	13.0
13	98	10.0
13	99	18.0
13	100	11.0
13	101	12.0
13	102	13.0
13	103	18.0
13	104	16.0
13	105	13.0
13	106	10.0
13	107	11.0
13	108	19.0
13	109	16.0
13	110	15.0
13	111	9.0
13	112	14.0
13	113	16.0
13	114	19.0
13	115	11.0
13	116	13.0
13	117	12.0
13	118	14.0
13	119	18.0
13	120	19.0
13	121	16.0
13	122	16.0
14	15	124.0
14	16	55.0
14	17	51.0
14	18	47.0
14	19	56.0
14	20	43.0
14	21	29.0
14	22	33.0
14	23	30.0
14	24	27.0
14	25	18.0
14	26	21.0
14	27	15.0
14	28	15.0
14	29	15.0
14	30	12.0
14	31	10.0
14	32	9.0
14	33	9.0
14	34	6.0
14	35	4.0
14	36	3.0
14	37	4.0
14	38	4.0
14	39	11.0
14	40	19.0
14	41	15.0
14	42	14.0
14	43	5.0
14	44	8.0
14	45	5.0
14	46	10.0
14	47	4.0
14	48	13.0
14	49	25.0
14	50	16.0
14	51	20.0
14	52	20.0
14	53	19.0
14	54	16.0
14	55	18.0
14	56	14.0
14	57	14.0
14	58	16.0
14	59	19.0
14	60	17.0
14	61	17.0
14	62	14.0
14	63	13.0
14	64	15.0
14	65	13.0
14	66	12.0
14	67	10.0
14	68	12.0
14	69	16.0
14	70	13.0
14	71	17.0
14	72	20.0
14	73	10.0
14	74	20.0
14	75	12.0
14	76	16.0
14	77	13.0
14	78	18.0
14	79	13.0
14	80	14.0
14	81	9.0
14	82	14.0
14	83	13.0
14	84	9.0
14	85	15.0
14	86	12.0
14	87	11.0
14	88	8.0
14	89	12.0
14	90	12.0
14	91	11.0
14	92	10.0
14	93	20.0
14	94	10.0
14	95	13.0
14	96	11.0
14	97	8.0
14	98	9.0
14	99	13.0
14	100	10.0
14	101	10.0
14	102	10.0
14	103	14.0
14	104	9.0
14	105	13.0
14	106	17.0
14	107	10.0
14	108	12.0
14	109	10.0
14	110	14.0
14	111	12.0
14	112	9.0
14	113	19.0
14	114	23.0
14	115	12.0
14	116	15.0
14	117	18.0
14	118	8.0
14	119	17.0
14	120	21.0
14	121	14.0
14	122	16.0
15	16	83.0
15	17	64.0
15	18	50.0
15	19	83.0
15	20	45.0
15	21	38.0
15	22	32.0
15	23	45.0
15	24	30.0
15	25	22.0
15	26	26.0
15	27	11.0
15	28	20.0
15	29	13.0
15	30	19.0
15	31	11.0
15	32	11.0
15	33	5.0
15	34	3.0
15	35	8.0
15	36	10.0
15	37	13.0
15	38	6.0
15	39	16.0
15	40	7.0
15	41	10.0
15	42	20.0
15	43	6.0
15	44	12.0
15	45	9.0
15	46	8.0
15	47	15.0
15	48	23.0
15	49	24.0
15	50	19.0
15	51	20.0
15	52	12.0
15	53	18.0
15	54	15.0
15	55	13.0
15	56	14.0
15	57	14.0
15	58	22.0
15	59	17.0
15	60	19.0
15	61	19.0
15	62	21.0
15	63	14.0
15	64	13.0
15	65	13.0
15	66	17.0
15	67	15.0
15	68	12.0
15	69	13.0
15	70	9.0
15	71	7.0
15	72	18.0
15	73	8.0
15	74	15.0
15	75	15.0
15	76	17.0
15	77	21.0
15	78	13.0
15	79	14.0
15	80	5.0
15	81	12.0
15	82	9.0
15	83	15.0
15	84	15.0
15	85	13.0
15	86	10.0
15	87	11.0
15	88	10.0
15	89	13.0
15	90	9.0
15	91	9.0
15	92	10.0
15	93	11.0
15	94	9.0
15	95	9.0
15	96	7.0
15	97	9.0
15	98	10.0
15	99	14.0
15	100	11.0
15	101	13.0
15	102	8.0
15	103	10.0
15	104	11.0
15	105	7.0
15	106	14.0
15	107	16.0
15	108	12.0
15	109	12.0
15	110	8.0
15	111	13.0
15	112	17.0
15	113	14.0
15	114	13.0
15	115	11.0
15	116	11.0
15	117	11.0
15	118	14.0
15	119	17.0
15	120	24.0
15	121	15.0
15	122	17.0
16	17	291.0
16	18	167.0
16	19	197.0
16	20	91.0
16	21	59.0
16	22	37.0
16	23	57.0
16	24	41.0
16	25	27.0
16	26	17.0
16	27	14.0
16	28	19.0
16	29	19.0
16	30	12.0
16	31	14.0
16	32	10.0
16	33	7.0
16	34	11.0
16	35	7.0
16	36	4.0
16	37	7.0
16	38	18.0
16	39	11.0
16	40	8.0
16	41	17.0
16	42	7.0
16	43	12.0
16	44	12.0
16	45	16.0
16	46	10.0
16	47	14.0
16	48	29.0
16	49	28.0
16	50	31.0
16	51	24.0
16	52	23.0
16	53	30.0
16	54	21.0
16	55	15.0
16	56	27.0
16	57	17.0
16	58	17.0
16	59	16.0
16	60	26.0
16	61	12.0
16	62	15.0
16	63	16.0
16	64	15.0
16	65	13.0
16	66	12.0
16	67	12.0
16	68	14.0
16	69	14.0
16	70	14.0
16	71	15.0
16	72	21.0
16	73	13.0
16	74	13.0
16	75	10.0
16	76	17.0
16	77	20.0
16	78	14.0
16	79	14.0
16	80	17.0
16	81	12.0
16	82	13.0
16	83	15.0
16	84	20.0
16	85	12.0
16	86	14.0
16	87	15.0
16	88	19.0
16	89	10.0
16	90	14.0
16	91	15.0
16	92	15.0
16	93	10.0
16	94	14.0
16	95	9.0
16	96	5.0
16	97	8.0
16	98	19.0
16	99	8.0
16	100	5.0
16	101	9.0
16	102	14.0
16	103	12.0
16	104	10.0
16	105	14.0
16	106	9.0
16	107	18.0
16	108	20.0
16	109	9.0
16	110	11.0
16	111	6.0
16	112	18.0
16	113	9.0
16	114	6.0
16	115	14.0
16	116	15.0
16	117	21.0
16	118	24.0
16	119	15.0
16	120	11.0
16	121	16.0
16	122	17.0
17	18	219.0
17	19	239.0
17	20	96.0
17	21	51.0
17	22	50.0
17	23	53.0
17	24	37.0
17	25	28.0
17	26	25.0
17	27	21.0
17	28	21.0
17	29	27.0
17	30	16.0
17	31	21.0
17	32	18.0
17	33	7.0
17	34	6.0
17	35	6.0
17	36	2.0
17	37	6.0
17	38	5.0
17	39	7.0
17	40	12.0
17	41	16.0
17	42	17.0
17	43	14.0
17	44	16.0
17	45	11.0
17	46	17.0
17	47	17.0
17	48	27.0
17	49	18.0
17	50	26.0
17	51	25.0
17	52	18.0
17	53	31.0
17	54	26.0
17	55	18.0
17	56	15.0
17	57	17.0
17	58	20.0
17	59	20.0
17	60	25.0
17	61	18.0
17	62	21.0
17	63	8.0
17	64	11.0
17	65	8.0
17	66	17.0
17	67	14.0
17	68	14.0
17	69	12.0
17	70	16.0
17	71	18.0
17	72	20.0
17	73	12.0
17	74	19.0
17	75	14.0
17	76	18.0
17	77	15.0
17	78	17.0
17	79	16.0
17	80	16.0
17	81	17.0
17	82	16.0
17	83	9.0
17	84	19.0
17	85	18.0
17	86	13.0
17	87	12.0
17	88	7.0
17	89	11.0
17	90	13.0
17	91	10.0
17	92	6.0
17	93	10.0
17	94	12.0
17	95	13.0
17	96	14.0
17	97	10.0
17	98	14.0
17	99	11.0
17	100	9.0
17	101	11.0
17	102	7.0
17	103	9.0
17	104	10.0
17	105	16.0
17	106	11.0
17	107	12.0
17	108	15.0
17	109	11.0
17	110	15.0
17	111	12.0
17	112	19.0
17	113	15.0
17	114	14.0
17	115	11.0
17	116	21.0
17	117	14.0
17	118	19.0
17	119	22.0
17	120	16.0
17	121	18.0
17	122	17.0
18	19	118.0
18	20	83.0
18	21	44.0
18	22	46.0
18	23	47.0
18	24	46.0
18	25	27.0
18	26	31.0
18	27	17.0
18	28	28.0
18	29	23.0
18	30	13.0
18	31	13.0
18	32	11.0
18	33	15.0
18	34	12.0
18	35	8.0
18	36	8.0
18	37	12.0
18	38	14.0
18	39	13.0
18	40	15.0
18	41	13.0
18	42	16.0
18	43	16.0
18	44	16.0
18	45	11.0
18	46	16.0
18	47	15.0
18	48	19.0
18	49	28.0
18	50	30.0
18	51	31.0
18	52	32.0
18	53	27.0
18	54	21.0
18	55	25.0
18	56	19.0
18	57	18.0
18	58	21.0
18	59	20.0
18	60	30.0
18	61	14.0
18	62	26.0
18	63	15.0
18	64	19.0
18	65	12.0
18	66	13.0
18	67	14.0
18	68	15.0
18	69	13.0
18	70	17.0
18	71	17.0
18	72	17.0
18	73	17.0
18	74	14.0
18	75	22.0
18	76	18.0
18	77	20.0
18	78	19.0
18	79	21.0
18	80	12.0
18	81	10.0
18	82	20.0
18	83	13.0
18	84	11.0
18	85	15.0
18	86	8.0
18	87	6.0
18	88	13.0
18	89	2.0
18	90	15.0
18	91	10.0
18	92	11.0
18	93	9.0
18	94	20.0
18	95	18.0
18	96	9.0
18	97	16.0
18	98	10.0
18	99	16.0
18	100	16.0
18	101	11.0
18	102	7.0
18	103	8.0
18	104	7.0
18	105	8.0
18	106	13.0
18	107	7.0
18	108	14.0
18	109	11.0
18	110	10.0
18	111	13.0
18	112	14.0
18	113	20.0
18	114	12.0
18	115	9.0
18	116	19.0
18	117	14.0
18	118	11.0
18	119	16.0
18	120	17.0
18	121	12.0
18	122	18.0
19	20	121.0
19	21	57.0
19	22	59.0
19	23	52.0
19	24	34.0
19	25	27.0
19	26	23.0
19	27	14.0
19	28	12.0
19	29	12.0
19	30	21.0
19	31	14.0
19	32	15.0
19	33	9.0
19	34	4.0
19	35	9.0
19	36	8.0
19	37	12.0
19	38	3.0
19	39	15.0
19	40	18.0
19	41	11.0
19	42	6.0
19	43	11.0
19	44	12.0
19	45	11.0
19	46	17.0
19	47	18.0
19	48	26.0
19	49	25.0
19	50	27.0
19	51	22.0
19	52	29.0
19	53	25.0
19	54	16.0
19	55	21.0
19	56	21.0
19	57	19.0
19	58	20.0
19	59	17.0
19	60	16.0
19	61	19.0
19	62	18.0
19	63	11.0
19	64	15.0
19	65	15.0
19	66	14.0
19	67	29.0
19	68	14.0
19	69	21.0
19	70	9.0
19	71	17.0
19	72	22.0
19	73	19.0
19	74	21.0
19	75	19.0
19	76	15.0
19	77	20.0
19	78	10.0
19	79	16.0
19	80	11.0
19	81	17.0
19	82	15.0
19	83	13.0
19	84	12.0
19	85	14.0
19	86	10.0
19	87	9.0
19	88	8.0
19	89	23.0
19	90	8.0
19	91	11.0
19	92	12.0
19	93	9.0
19	94	14.0
19	95	14.0
19	96	10.0
19	97	8.0
19	98	11.0
19	99	10.0
19	100	7.0
19	101	18.0
19	102	11.0
19	103	8.0
19	104	11.0
19	105	11.0
19	106	10.0
19	107	19.0
19	108	14.0
19	109	17.0
19	110	13.0
19	111	14.0
19	112	9.0
19	113	13.0
19	114	16.0
19	115	12.0
19	116	16.0
19	117	8.0
19	118	16.0
19	119	11.0
19	120	8.0
19	121	25.0
19	122	8.0
20	21	136.0
20	22	87.0
20	23	75.0
20	24	51.0
20	25	38.0
20	26	21.0
20	27	29.0
20	28	24.0
20	29	35.0
20	30	21.0
20	31	13.0
20	32	15.0
20	33	8.0
20	34	10.0
20	35	7.0
20	36	8.0
20	37	10.0
20	38	10.0
20	39	10.0
20	40	15.0
20	41	16.0
20	42	10.0
20	43	13.0
20	44	10.0
20	45	21.0
20	46	21.0
20	47	23.0
20	48	26.0
20	49	33.0
20	50	26.0
20	51	27.0
20	52	39.0
20	53	40.0
20	54	23.0
20	55	21.0
20	56	23.0
20	57	14.0
20	58	25.0
20	59	29.0
20	60	25.0
20	61	15.0
20	62	15.0
20	63	15.0
20	64	14.0
20	65	18.0
20	66	15.0
20	67	16.0
20	68	13.0
20	69	14.0
20	70	22.0
20	71	17.0
20	72	10.0
20	73	12.0
20	74	11.0
20	75	10.0
20	76	19.0
20	77	21.0
20	78	13.0
20	79	12.0
20	80	15.0
20	81	13.0
20	82	9.0
20	83	11.0
20	84	6.0
20	85	14.0
20	86	15.0
20	87	7.0
20	88	3.0
20	89	13.0
20	90	11.0
20	91	15.0
20	92	5.0
20	93	10.0
20	94	6.0
20	95	10.0
20	96	13.0
20	97	12.0
20	98	10.0
20	99	10.0
20	100	12.0
20	101	12.0
20	102	9.0
20	103	9.0
20	104	12.0
20	105	12.0
20	106	13.0
20	107	9.0
20	108	11.0
20	109	14.0
20	110	21.0
20	111	5.0
20	112	10.0
20	113	8.0
20	114	9.0
20	115	6.0
20	116	14.0
20	117	13.0
20	118	10.0
20	119	14.0
20	120	15.0
20	121	13.0
20	122	16.0
21	22	126.0
21	23	65.0
21	24	58.0
21	25	29.0
21	26	32.0
21	27	31.0
21	28	18.0
21	29	18.0
21	30	24.0
21	31	25.0
21	32	6.0
21	33	13.0
21	34	10.0
21	35	4.0
21	36	6.0
21	37	13.0
21	38	11.0
21	39	13.0
21	40	7.0
21	41	14.0
21	42	9.0
21	43	15.0
21	44	19.0
21	45	17.0
21	46	19.0
21	47	25.0
21	48	30.0
21	49	36.0
21	50	31.0
21	51	38.0
21	52	36.0
21	53	39.0
21	54	18.0
21	55	26.0
21	56	20.0
21	57	24.0
21	58	24.0
21	59	23.0
21	60	26.0
21	61	18.0
21	62	16.0
21	63	23.0
21	64	14.0
21	65	7.0
21	66	12.0
21	67	18.0
21	68	21.0
21	69	17.0
21	70	17.0
21	71	19.0
21	72	11.0
21	73	14.0
21	74	19.0
21	75	12.0
21	76	18.0
21	77	15.0
21	78	18.0
21	79	13.0
21	80	7.0
21	81	13.0
21	82	16.0
21	83	8.0
21	84	12.0
21	85	6.0
21	86	9.0
21	87	9.0
21	88	12.0
21	89	10.0
21	90	10.0
21	91	12.0
21	92	7.0
21	93	3.0
21	94	11.0
21	95	10.0
21	96	9.0
21	97	6.0
21	98	6.0
21	99	15.0
21	100	12.0
21	101	13.0
21	102	7.0
21	103	8.0
21	104	7.0
21	105	9.0
21	106	8.0
21	107	15.0
21	108	10.0
21	109	16.0
21	110	14.0
21	111	9.0
21	112	18.0
21	113	12.0
21	114	12.0
21	115	6.0
21	116	10.0
21	117	5.0
21	118	12.0
21	119	12.0
21	120	19.0
21	121	10.0
21	122	13.0
22	23	132.0
22	24	128.0
22	25	63.0
22	26	37.0
22	27	25.0
22	28	18.0
22	29	36.0
22	30	26.0
22	31	18.0
22	32	10.0
22	33	4.0
22	34	14.0
22	35	7.0
22	36	14.0
22	37	9.0
22	38	16.0
22	39	9.0
22	40	17.0
22	41	15.0
22	42	15.0
22	43	14.0
22	44	11.0
22	45	15.0
22	46	13.0
22	47	21.0
22	48	41.0
22	49	29.0
22	50	26.0
22	51	47.0
22	52	25.0
22	53	18.0
22	54	22.0
22	55	14.0
22	56	16.0
22	57	18.0
22	58	20.0
22	59	16.0
22	60	23.0
22	61	23.0
22	62	22.0
22	63	15.0
22	64	17.0
22	65	16.0
22	66	13.0
22	67	15.0
22	68	11.0
22	69	9.0
22	70	18.0
22	71	23.0
22	72	12.0
22	73	9.0
22	74	23.0
22	75	12.0
22	76	8.0
22	77	10.0
22	78	14.0
22	79	7.0
22	80	10.0
22	81	14.0
22	82	10.0
22	83	10.0
22	84	14.0
22	85	10.0
22	86	9.0
22	87	11.0
22	88	12.0
22	89	8.0
22	90	7.0
22	91	6.0
22	92	6.0
22	93	9.0
22	94	11.0
22	95	16.0
22	96	6.0
22	97	7.0
22	98	11.0
22	99	10.0
22	100	8.0
22	101	8.0
22	102	5.0
22	103	7.0
22	104	9.0
22	105	13.0
22	106	12.0
22	107	12.0
22	108	10.0
22	109	10.0
22	110	15.0
22	111	14.0
22	112	8.0
22	113	12.0
22	114	11.0
22	115	17.0
22	116	14.0
22	117	10.0
22	118	12.0
22	119	8.0
22	120	10.0
22	121	13.0
22	122	7.0
23	24	145.0
23	25	59.0
23	26	24.0
23	27	24.0
23	28	27.0
23	29	31.0
23	30	29.0
23	31	12.0
23	32	10.0
23	33	21.0
23	34	6.0
23	35	7.0
23	36	13.0
23	37	9.0
23	38	13.0
23	39	9.0
23	40	13.0
23	41	22.0
23	42	16.0
23	43	13.0
23	44	15.0
23	45	15.0
23	46	10.0
23	47	15.0
23	48	30.0
23	49	36.0
23	50	25.0
23	51	35.0
23	52	42.0
23	53	29.0
23	54	25.0
23	55	14.0
23	56	13.0
23	57	19.0
23	58	21.0
23	59	16.0
23	60	11.0
23	61	16.0
23	62	20.0
23	63	15.0
23	64	14.0
23	65	15.0
23	66	14.0
23	67	8.0
23	68	13.0
23	69	15.0
23	70	15.0
23	71	16.0
23	72	15.0
23	73	10.0
23	74	11.0
23	75	21.0
23	76	15.0
23	77	13.0
23	78	13.0
23	79	13.0
23	80	9.0
23	81	13.0
23	82	7.0
23	83	17.0
23	84	14.0
23	85	12.0
23	86	12.0
23	87	11.0
23	88	10.0
23	89	15.0
23	90	10.0
23	91	13.0
23	92	9.0
23	93	9.0
23	94	10.0
23	95	12.0
23	96	14.0
23	97	11.0
23	98	7.0
23	99	11.0
23	100	9.0
23	101	16.0
23	102	9.0
23	103	14.0
23	104	6.0
23	105	7.0
23	106	12.0
23	107	8.0
23	108	15.0
23	109	8.0
23	110	13.0
23	111	14.0
23	112	11.0
23	113	5.0
23	114	9.0
23	115	14.0
23	116	18.0
23	117	8.0
23	118	13.0
23	119	10.0
23	120	14.0
23	121	12.0
23	122	11.0
24	25	51.0
24	26	40.0
24	27	28.0
24	28	35.0
24	29	29.0
24	30	26.0
24	31	19.0
24	32	15.0
24	33	9.0
24	34	11.0
24	35	10.0
24	36	8.0
24	37	17.0
24	38	8.0
24	39	11.0
24	40	16.0
24	41	19.0
24	42	18.0
24	43	22.0
24	44	18.0
24	45	14.0
24	46	25.0
24	47	21.0
24	48	26.0
24	49	27.0
24	50	22.0
24	51	27.0
24	52	40.0
24	53	24.0
24	54	19.0
24	55	27.0
24	56	16.0
24	57	21.0
24	58	26.0
24	59	26.0
24	60	25.0
24	61	14.0
24	62	13.0
24	63	13.0
24	64	10.0
24	65	10.0
24	66	9.0
24	67	15.0
24	68	19.0
24	69	10.0
24	70	17.0
24	71	20.0
24	72	11.0
24	73	18.0
24	74	15.0
24	75	12.0
24	76	16.0
24	77	10.0
24	78	12.0
24	79	14.0
24	80	5.0
24	81	9.0
24	82	8.0
24	83	12.0
24	84	11.0
24	85	10.0
24	86	6.0
24	87	9.0
24	88	6.0
24	89	10.0
24	90	6.0
24	91	11.0
24	92	8.0
24	93	11.0
24	94	6.0
24	95	4.0
24	96	10.0
24	97	9.0
24	98	9.0
24	99	11.0
24	100	15.0
24	101	7.0
24	102	8.0
24	103	4.0
24	104	9.0
24	105	7.0
24	106	9.0
24	107	9.0
24	108	12.0
24	109	13.0
24	110	15.0
24	111	7.0
24	112	6.0
24	113	10.0
24	114	13.0
24	115	8.0
24	116	16.0
24	117	13.0
24	118	13.0
24	119	6.0
24	120	14.0
24	121	10.0
24	122	11.0
25	26	80.0
25	27	59.0
25	28	40.0
25	29	48.0
25	30	46.0
25	31	20.0
25	32	14.0
25	33	17.0
25	34	9.0
25	35	10.0
25	36	8.0
25	37	8.0
25	38	13.0
25	39	13.0
25	40	17.0
25	41	20.0
25	42	25.0
25	43	21.0
25	44	11.0
25	45	20.0
25	46	21.0
25	47	38.0
25	48	49.0
25	49	45.0
25	50	40.0
25	51	48.0
25	52	31.0
25	53	35.0
25	54	28.0
25	55	15.0
25	56	23.0
25	57	18.0
25	58	15.0
25	59	25.0
25	60	24.0
25	61	24.0
25	62	22.0
25	63	16.0
25	64	14.0
25	65	13.0
25	66	9.0
25	67	16.0
25	68	14.0
25	69	19.0
25	70	17.0
25	71	11.0
25	72	18.0
25	73	13.0
25	74	18.0
25	75	21.0
25	76	13.0
25	77	12.0
25	78	19.0
25	79	12.0
25	80	9.0
25	81	13.0
25	82	10.0
25	83	3.0
25	84	11.0
25	85	13.0
25	86	12.0
25	87	6.0
25	88	5.0
25	89	12.0
25	90	13.0
25	91	10.0
25	92	10.0
25	93	4.0
25	94	12.0
25	95	14.0
25	96	8.0
25	97	8.0
25	98	8.0
25	99	11.0
25	100	9.0
25	101	7.0
25	102	5.0
25	103	7.0
25	104	16.0
25	105	9.0
25	106	13.0
25	107	7.0
25	108	9.0
25	109	9.0
25	110	4.0
25	111	11.0
25	112	8.0
25	113	10.0
25	114	10.0
25	115	8.0
25	116	12.0
25	117	10.0
25	118	15.0
25	119	12.0
25	120	8.0
25	121	9.0
25	122	19.0
26	27	94.0
26	28	51.0
26	29	43.0
26	30	26.0
26	31	18.0
26	32	20.0
26	33	13.0
26	34	18.0
26	35	15.0
26	36	11.0
26	37	6.0
26	38	11.0
26	39	11.0
26	40	16.0
26	41	21.0
26	42	19.0
26	43	18.0
26	44	17.0
26	45	32.0
26	46	26.0
26	47	30.0
26	48	66.0
26	49	28.0
26	50	35.0
26	51	49.0
26	52	51.0
26	53	29.0
26	54	32.0
26	55	26.0
26	56	33.0
26	57	27.0
26	58	26.0
26	59	28.0
26	60	14.0
26	61	17.0
26	62	23.0
26	63	19.0
26	64	12.0
26	65	14.0
26	66	16.0
26	67	19.0
26	68	17.0
26	69	17.0
26	70	15.0
26	71	19.0
26	72	16.0
26	73	12.0
26	74	18.0
26	75	7.0
26	76	11.0
26	77	16.0
26	78	14.0
26	79	8.0
26	80	17.0
26	81	8.0
26	82	10.0
26	83	10.0
26	84	12.0
26	85	12.0
26	86	7.0
26	87	8.0
26	88	10.0
26	89	9.0
26	90	9.0
26	91	10.0
26	92	7.0
26	93	7.0
26	94	13.0
26	95	11.0
26	96	7.0
26	97	10.0
26	98	15.0
26	99	13.0
26	100	6.0
26	101	11.0
26	102	8.0
26	103	10.0
26	104	6.0
26	105	12.0
26	106	7.0
26	107	8.0
26	108	13.0
26	109	13.0
26	110	13.0
26	111	8.0
26	112	11.0
26	113	13.0
26	114	8.0
26	115	3.0
26	116	16.0
26	117	5.0
26	118	14.0
26	119	10.0
26	120	12.0
26	121	10.0
26	122	17.0
27	28	68.0
27	29	61.0
27	30	36.0
27	31	20.0
27	32	21.0
27	33	18.0
27	34	13.0
27	35	7.0
27	36	16.0
27	37	13.0
27	38	19.0
27	39	15.0
27	40	15.0
27	41	36.0
27	42	24.0
27	43	28.0
27	44	29.0
27	45	33.0
27	46	36.0
27	47	43.0
27	48	66.0
27	49	39.0
27	50	35.0
27	51	50.0
27	52	31.0
27	53	23.0
27	54	26.0
27	55	18.0
27	56	18.0
27	57	27.0
27	58	14.0
27	59	28.0
27	60	9.0
27	61	15.0
27	62	12.0
27	63	13.0
27	64	14.0
27	65	14.0
27	66	10.0
27	67	19.0
27	68	18.0
27	69	13.0
27	70	6.0
27	71	8.0
27	72	15.0
27	73	11.0
27	74	15.0
27	75	12.0
27	76	9.0
27	77	14.0
27	78	15.0
27	79	13.0
27	80	13.0
27	81	12.0
27	82	12.0
27	83	7.0
27	84	7.0
27	85	10.0
27	86	9.0
27	87	8.0
27	88	9.0
27	89	12.0
27	90	7.0
27	91	8.0
27	92	10.0
27	93	4.0
27	94	5.0
27	95	11.0
27	96	10.0
27	97	6.0
27	98	7.0
27	99	12.0
27	100	7.0
27	101	13.0
27	102	9.0
27	103	5.0
27	104	6.0
27	105	9.0
27	106	8.0
27	107	9.0
27	108	2.0
27	109	6.0
27	110	6.0
27	111	9.0
27	112	11.0
27	113	11.0
27	114	8.0
27	115	11.0
27	116	11.0
27	117	12.0
27	118	4.0
27	119	7.0
27	120	11.0
27	121	13.0
27	122	8.0
28	29	116.0
28	30	60.0
28	31	31.0
28	32	28.0
28	33	17.0
28	34	14.0
28	35	9.0
28	36	3.0
28	37	13.0
28	38	14.0
28	39	30.0
28	40	30.0
28	41	37.0
28	42	28.0
28	43	28.0
28	44	20.0
28	45	18.0
28	46	25.0
28	47	18.0
28	48	26.0
28	49	36.0
28	50	27.0
28	51	38.0
28	52	22.0
28	53	18.0
28	54	12.0
28	55	19.0
28	56	20.0
28	57	18.0
28	58	14.0
28	59	19.0
28	60	19.0
28	61	15.0
28	62	12.0
28	63	17.0
28	64	14.0
28	65	14.0
28	66	13.0
28	67	10.0
28	68	15.0
28	69	13.0
28	70	12.0
28	71	16.0
28	72	17.0
28	73	13.0
28	74	15.0
28	75	15.0
28	76	15.0
28	77	12.0
28	78	13.0
28	79	6.0
28	80	6.0
28	81	13.0
28	82	11.0
28	83	7.0
28	84	11.0
28	85	11.0
28	86	15.0
28	87	7.0
28	88	7.0
28	89	5.0
28	90	7.0
28	91	14.0
28	92	11.0
28	93	10.0
28	94	15.0
28	95	9.0
28	96	11.0
28	97	4.0
28	98	12.0
28	99	9.0
28	100	8.0
28	101	11.0
28	102	6.0
28	103	9.0
28	104	9.0
28	105	6.0
28	106	10.0
28	107	6.0
28	108	8.0
28	109	9.0
28	110	14.0
28	111	11.0
28	112	11.0
28	113	10.0
28	114	13.0
28	115	6.0
28	116	8.0
28	117	9.0
28	118	2.0
28	119	11.0
28	120	11.0
28	121	14.0
28	122	15.0
29	30	98.0
29	31	41.0
29	32	21.0
29	33	16.0
29	34	13.0
29	35	19.0
29	36	5.0
29	37	12.0
29	38	17.0
29	39	17.0
29	40	33.0
29	41	35.0
29	42	30.0
29	43	24.0
29	44	17.0
29	45	24.0
29	46	18.0
29	47	27.0
29	48	30.0
29	49	29.0
29	50	29.0
29	51	37.0
29	52	13.0
29	53	24.0
29	54	18.0
29	55	11.0
29	56	16.0
29	57	24.0
29	58	16.0
29	59	20.0
29	60	20.0
29	61	16.0
29	62	4.0
29	63	13.0
29	64	18.0
29	65	9.0
29	66	15.0
29	67	11.0
29	68	11.0
29	69	10.0
29	70	13.0
29	71	6.0
29	72	11.0
29	73	5.0
29	74	7.0
29	75	17.0
29	76	8.0
29	77	11.0
29	78	5.0
29	79	6.0
29	80	13.0
29	81	14.0
29	82	9.0
29	83	2.0
29	84	11.0
29	85	8.0
29	86	10.0
29	87	7.0
29	88	9.0
29	89	11.0
29	90	10.0
29	91	9.0
29	92	5.0
29	93	9.0
29	94	9.0
29	95	4.0
29	96	7.0
29	97	8.0
29	98	5.0
29	99	14.0
29	100	10.0
29	101	6.0
29	102	2.0
29	103	5.0
29	104	11.0
29	105	14.0
29	106	7.0
29	107	4.0
29	108	10.0
29	109	8.0
29	110	10.0
29	111	6.0
29	112	6.0
29	113	11.0
29	114	8.0
29	115	9.0
29	116	17.0
29	117	18.0
29	118	12.0
29	119	8.0
29	120	9.0
29	121	11.0
29	122	11.0
30	31	54.0
30	32	26.0
30	33	23.0
30	34	15.0
30	35	17.0
30	36	12.0
30	37	11.0
30	38	17.0
30	39	26.0
30	40	48.0
30	41	31.0
30	42	34.0
30	43	28.0
30	44	24.0
30	45	21.0
30	46	15.0
30	47	22.0
30	48	27.0
30	49	15.0
30	50	18.0
30	51	28.0
30	52	19.0
30	53	18.0
30	54	18.0
30	55	10.0
30	56	9.0
30	57	20.0
30	58	16.0
30	59	12.0
30	60	10.0
30	61	12.0
30	62	17.0
30	63	9.0
30	64	9.0
30	65	4.0
30	66	8.0
30	67	13.0
30	68	5.0
30	69	10.0
30	70	14.0
30	71	9.0
30	72	7.0
30	73	15.0
30	74	12.0
30	75	12.0
30	76	16.0
30	77	19.0
30	78	16.0
30	79	7.0
30	80	7.0
30	81	9.0
30	82	13.0
30	83	8.0
30	84	6.0
30	85	11.0
30	86	8.0
30	87	6.0
30	88	5.0
30	89	9.0
30	90	11.0
30	91	3.0
30	92	7.0
30	93	4.0
30	94	2.0
30	95	4.0
30	96	3.0
30	97	7.0
30	98	6.0
30	99	5.0
30	100	8.0
30	101	12.0
30	102	8.0
30	103	10.0
30	104	4.0
30	105	7.0
30	106	10.0
30	107	8.0
30	108	10.0
30	109	8.0
30	110	9.0
30	111	10.0
30	112	8.0
30	113	8.0
30	114	9.0
30	115	6.0
30	116	7.0
30	117	9.0
30	118	5.0
30	119	6.0
30	120	11.0
30	121	9.0
30	122	6.0
31	32	82.0
31	33	31.0
31	34	11.0
31	35	17.0
31	36	26.0
31	37	20.0
31	38	23.0
31	39	39.0
31	40	81.0
31	41	46.0
31	42	31.0
31	43	28.0
31	44	25.0
31	45	18.0
31	46	19.0
31	47	14.0
31	48	15.0
31	49	18.0
31	50	12.0
31	51	14.0
31	52	19.0
31	53	9.0
31	54	13.0
31	55	12.0
31	56	8.0
31	57	11.0
31	58	15.0
31	59	11.0
31	60	11.0
31	61	11.0
31	62	11.0
31	63	9.0
31	64	13.0
31	65	9.0
31	66	14.0
31	67	9.0
31	68	5.0
31	69	11.0
31	70	10.0
31	71	6.0
31	72	9.0
31	73	11.0
31	74	5.0
31	75	8.0
31	76	8.0
31	77	10.0
31	78	10.0
31	79	8.0
31	80	4.0
31	81	7.0
31	82	11.0
31	83	10.0
31	84	9.0
31	85	6.0
31	86	16.0
31	87	18.0
31	88	8.0
31	89	8.0
31	90	6.0
31	91	6.0
31	92	3.0
31	93	17.0
31	94	8.0
31	95	11.0
31	96	6.0
31	97	3.0
31	98	3.0
31	99	7.0
31	100	4.0
31	101	5.0
31	102	7.0
31	103	4.0
31	104	6.0
31	105	10.0
31	106	10.0
31	107	9.0
31	108	8.0
31	109	4.0
31	110	9.0
31	111	12.0
31	112	7.0
31	113	11.0
31	114	4.0
31	115	12.0
31	116	8.0
31	117	5.0
31	118	10.0
31	119	8.0
31	120	9.0
31	121	9.0
31	122	8.0
32	33	51.0
32	34	31.0
32	35	28.0
32	36	22.0
32	37	33.0
32	38	46.0
32	39	101.0
32	40	52.0
32	41	42.0
32	42	29.0
32	43	20.0
32	44	12.0
32	45	14.0
32	46	14.0
32	47	7.0
32	48	20.0
32	49	18.0
32	50	7.0
32	51	17.0
32	52	16.0
32	53	9.0
32	54	11.0
32	55	8.0
32	56	13.0
32	57	8.0
32	58	8.0
32	59	13.0
32	60	9.0
32	61	6.0
32	62	6.0
32	63	10.0
32	64	14.0
32	65	11.0
32	66	9.0
32	67	14.0
32	68	7.0
32	69	12.0
32	70	8.0
32	71	9.0
32	72	7.0
32	73	7.0
32	74	7.0
32	75	14.0
32	76	8.0
32	77	6.0
32	78	7.0
32	79	12.0
32	80	5.0
32	81	9.0
32	82	7.0
32	83	15.0
32	84	9.0
32	85	2.0
32	86	14.0
32	87	6.0
32	88	8.0
32	89	9.0
32	90	12.0
32	91	9.0
32	92	10.0
32	93	11.0
32	94	13.0
32	95	5.0
32	96	7.0
32	97	4.0
32	98	5.0
32	99	5.0
32	100	8.0
32	101	9.0
32	102	6.0
32	103	9.0
32	104	8.0
32	105	10.0
32	106	6.0
32	107	10.0
32	108	6.0
32	109	5.0
32	110	9.0
32	111	6.0
32	112	4.0
32	113	5.0
32	114	8.0
32	115	13.0
32	116	7.0
32	117	6.0
32	118	7.0
32	119	9.0
32	120	11.0
32	121	12.0
32	122	13.0
33	34	79.0
33	35	37.0
33	36	32.0
33	37	45.0
33	38	279.0
33	39	74.0
33	40	40.0
33	41	24.0
33	42	27.0
33	43	14.0
33	44	11.0
33	45	6.0
33	46	10.0
33	47	6.0
33	48	11.0
33	49	11.0
33	50	12.0
33	51	13.0
33	52	16.0
33	53	8.0
33	54	11.0
33	55	13.0
33	56	12.0
33	57	14.0
33	58	7.0
33	59	9.0
33	60	7.0
33	61	10.0
33	62	7.0
33	63	7.0
33	64	15.0
33	65	9.0
33	66	9.0
33	67	5.0
33	68	7.0
33	69	12.0
33	70	4.0
33	71	4.0
33	72	8.0
33	73	11.0
33	74	8.0
33	75	7.0
33	76	9.0
33	77	10.0
33	78	9.0
33	79	6.0
33	80	9.0
33	81	3.0
33	82	8.0
33	83	4.0
33	84	8.0
33	85	5.0
33	86	4.0
33	87	5.0
33	88	3.0
33	89	6.0
33	90	8.0
33	91	5.0
33	92	3.0
33	93	3.0
33	94	4.0
33	95	5.0
33	96	4.0
33	97	9.0
33	98	10.0
33	99	5.0
33	100	7.0
33	101	10.0
33	102	3.0
33	103	6.0
33	104	3.0
33	105	7.0
33	106	5.0
33	107	6.0
33	108	3.0
33	109	7.0
33	110	3.0
33	111	11.0
33	112	6.0
33	113	3.0
33	114	7.0
33	115	7.0
33	116	5.0
33	117	3.0
33	118	4.0
33	119	4.0
33	120	3.0
33	121	8.0
33	122	10.0
34	35	70.0
34	36	57.0
34	37	365.0
34	38	70.0
34	39	35.0
34	40	23.0
34	41	26.0
34	42	23.0
34	43	13.0
34	44	15.0
34	45	12.0
34	46	9.0
34	47	6.0
34	48	14.0
34	49	10.0
34	50	7.0
34	51	5.0
34	52	7.0
34	53	1.0
34	54	9.0
34	55	6.0
34	56	7.0
34	57	5.0
34	58	10.0
34	59	12.0
34	60	7.0
34	61	9.0
34	62	10.0
34	63	6.0
34	64	6.0
34	65	8.0
34	66	6.0
34	67	5.0
34	68	5.0
34	69	8.0
34	70	4.0
34	71	7.0
34	72	7.0
34	73	1.0
34	74	8.0
34	75	3.0
34	76	5.0
34	77	4.0
34	78	3.0
34	79	1.0
34	80	11.0
34	81	6.0
34	82	6.0
34	83	5.0
34	84	4.0
34	85	5.0
34	86	12.0
34	87	4.0
34	88	6.0
34	89	5.0
34	90	11.0
34	91	7.0
34	92	7.0
34	93	9.0
34	94	5.0
34	95	9.0
34	96	6.0
34	97	3.0
34	98	9.0
34	99	7.0
34	100	5.0
34	101	3.0
34	102	4.0
34	103	7.0
34	104	4.0
34	105	5.0
34	106	7.0
34	107	3.0
34	108	14.0
34	109	8.0
34	110	6.0
34	111	6.0
34	112	6.0
34	113	7.0
34	114	4.0
34	115	7.0
34	116	7.0
34	117	6.0
34	118	6.0
34	119	5.0
34	120	5.0
34	121	3.0
34	122	3.0
35	36	406.0
35	37	64.0
35	38	36.0
35	39	17.0
35	40	22.0
35	41	20.0
35	42	18.0
35	43	13.0
35	44	9.0
35	45	10.0
35	46	8.0
35	47	6.0
35	48	17.0
35	49	5.0
35	50	6.0
35	51	8.0
35	52	8.0
35	53	10.0
35	54	4.0
35	55	8.0
35	56	6.0
35	57	9.0
35	58	8.0
35	59	5.0
35	60	5.0
35	61	3.0
35	62	5.0
35	63	9.0
35	64	5.0
35	65	6.0
35	66	13.0
35	67	5.0
35	68	4.0
35	69	8.0
35	70	7.0
35	71	11.0
35	72	3.0
35	73	6.0
35	74	6.0
35	75	11.0
35	76	8.0
35	77	10.0
35	78	8.0
35	79	6.0
35	80	8.0
35	81	11.0
35	82	6.0
35	83	4.0
35	84	9.0
35	85	2.0
35	86	11.0
35	87	5.0
35	88	11.0
35	89	5.0
35	90	6.0
35	91	4.0
35	92	4.0
35	93	5.0
35	94	2.0
35	95	7.0
35	96	3.0
35	97	2.0
35	98	4.0
35	99	3.0
35	100	7.0
35	101	9.0
35	102	6.0
35	103	4.0
35	104	6.0
35	105	6.0
35	106	2.0
35	107	7.0
35	108	5.0
35	109	9.0
35	110	6.0
35	111	3.0
35	112	5.0
35	113	4.0
35	114	6.0
35	115	5.0
35	116	6.0
35	117	14.0
35	118	4.0
35	119	6.0
35	120	3.0
35	121	5.0
35	122	6.0
36	37	53.0
36	38	37.0
36	39	27.0
36	40	13.0
36	41	10.0
36	42	15.0
36	43	10.0
36	44	19.0
36	45	6.0
36	46	6.0
36	47	8.0
36	48	12.0
36	49	14.0
36	50	5.0
36	51	10.0
36	52	6.0
36	53	9.0
36	54	11.0
36	55	6.0
36	56	9.0
36	57	9.0
36	58	7.0
36	59	7.0
36	60	5.0
36	61	6.0
36	62	8.0
36	63	11.0
36	64	12.0
36	65	7.0
36	66	8.0
36	67	14.0
36	68	5.0
36	69	2.0
36	70	8.0
36	71	3.0
36	72	2.0
36	73	3.0
36	74	9.0
36	75	5.0
36	76	8.0
36	77	4.0
36	78	1.0
36	79	2.0
36	80	1.0
36	81	5.0
36	82	3.0
36	83	3.0
36	84	5.0
36	85	9.0
36	86	4.0
36	87	5.0
36	88	2.0
36	89	1.0
36	90	3.0
36	91	2.0
36	92	4.0
36	93	8.0
36	94	9.0
36	95	2.0
36	96	3.0
36	97	3.0
36	98	6.0
36	99	2.0
36	100	5.0
36	101	7.0
36	102	5.0
36	103	7.0
36	104	3.0
36	105	6.0
36	106	5.0
36	107	3.0
36	108	4.0
36	109	6.0
36	110	9.0
36	111	6.0
36	112	5.0
36	113	6.0
36	114	7.0
36	115	6.0
36	116	8.0
36	117	7.0
36	118	8.0
36	119	4.0
36	120	4.0
36	121	4.0
36	122	7.0
37	38	59.0
37	39	37.0
37	40	16.0
37	41	16.0
37	42	22.0
37	43	18.0
37	44	12.0
37	45	16.0
37	46	7.0
37	47	4.0
37	48	4.0
37	49	12.0
37	50	16.0
37	51	13.0
37	52	16.0
37	53	9.0
37	54	10.0
37	55	7.0
37	56	12.0
37	57	8.0
37	58	7.0
37	59	9.0
37	60	12.0
37	61	8.0
37	62	7.0
37	63	8.0
37	64	11.0
37	65	7.0
37	66	2.0
37	67	8.0
37	68	3.0
37	69	4.0
37	70	10.0
37	71	4.0
37	72	8.0
37	73	10.0
37	74	3.0
37	75	9.0
37	76	11.0
37	77	3.0
37	78	5.0
37	79	5.0
37	80	11.0
37	81	8.0
37	82	4.0
37	83	7.0
37	84	4.0
37	85	13.0
37	86	7.0
37	87	3.0
37	88	6.0
37	89	3.0
37	90	5.0
37	91	3.0
37	92	7.0
37	93	4.0
37	94	7.0
37	95	6.0
37	96	3.0
37	97	4.0
37	98	4.0
37	99	3.0
37	100	6.0
37	101	7.0
37	102	8.0
37	103	5.0
37	104	9.0
37	105	3.0
37	106	5.0
37	107	8.0
37	108	6.0
37	109	7.0
37	110	6.0
37	111	9.0
37	112	6.0
37	113	7.0
37	114	6.0
37	115	4.0
37	116	8.0
37	117	8.0
37	118	2.0
37	119	7.0
37	120	6.0
37	121	7.0
37	122	5.0
38	39	72.0
38	40	32.0
38	41	20.0
38	42	19.0
38	43	15.0
38	44	18.0
38	45	15.0
38	46	5.0
38	47	10.0
38	48	15.0
38	49	10.0
38	50	17.0
38	51	12.0
38	52	7.0
38	53	9.0
38	54	8.0
38	55	7.0
38	56	7.0
38	57	12.0
38	58	13.0
38	59	2.0
38	60	8.0
38	61	10.0
38	62	10.0
38	63	11.0
38	64	10.0
38	65	4.0
38	66	7.0
38	67	5.0
38	68	9.0
38	69	7.0
38	70	5.0
38	71	7.0
38	72	9.0
38	73	3.0
38	74	5.0
38	75	7.0
38	76	5.0
38	77	9.0
38	78	6.0
38	79	4.0
38	80	11.0
38	81	11.0
38	82	3.0
38	83	4.0
38	84	2.0
38	85	8.0
38	86	7.0
38	87	7.0
38	88	5.0
38	89	10.0
38	90	6.0
38	91	6.0
38	92	6.0
38	93	5.0
38	94	7.0
38	95	10.0
38	96	3.0
38	97	7.0
38	98	6.0
38	99	9.0
38	100	3.0
38	101	6.0
38	102	5.0
38	103	8.0
38	104	1.0
38	105	3.0
38	106	8.0
38	107	7.0
38	108	5.0
38	109	9.0
38	110	5.0
38	111	12.0
38	112	4.0
38	113	9.0
38	114	6.0
38	115	8.0
38	116	7.0
38	117	6.0
38	118	11.0
38	119	3.0
38	120	5.0
38	121	2.0
38	122	8.0
39	40	65.0
39	41	39.0
39	42	35.0
39	43	27.0
39	44	10.0
39	45	8.0
39	46	10.0
39	47	9.0
39	48	15.0
39	49	13.0
39	50	15.0
39	51	18.0
39	52	12.0
39	53	9.0
39	54	13.0
39	55	9.0
39	56	8.0
39	57	14.0
39	58	7.0
39	59	12.0
39	60	5.0
39	61	10.0
39	62	8.0
39	63	8.0
39	64	9.0
39	65	9.0
39	66	7.0
39	67	7.0
39	68	8.0
39	69	18.0
39	70	6.0
39	71	10.0
39	72	1.0
39	73	6.0
39	74	8.0
39	75	13.0
39	76	7.0
39	77	15.0
39	78	5.0
39	79	5.0
39	80	11.0
39	81	1.0
39	82	5.0
39	83	11.0
39	84	2.0
39	85	8.0
39	86	7.0
39	87	4.0
39	88	7.0
39	89	3.0
39	90	7.0
39	91	4.0
39	92	11.0
39	93	3.0
39	94	3.0
39	95	7.0
39	96	5.0
39	97	5.0
39	98	8.0
39	99	6.0
39	100	7.0
39	101	8.0
39	102	3.0
39	103	4.0
39	104	5.0
39	105	13.0
39	106	5.0
39	107	8.0
39	108	7.0
39	109	8.0
39	110	5.0
39	111	10.0
39	112	5.0
39	113	9.0
39	114	5.0
39	115	3.0
39	116	12.0
39	117	4.0
39	118	7.0
39	119	8.0
39	120	9.0
39	121	3.0
39	122	3.0
40	41	76.0
40	42	43.0
40	43	25.0
40	44	24.0
40	45	17.0
40	46	16.0
40	47	11.0
40	48	19.0
40	49	18.0
40	50	22.0
40	51	19.0
40	52	10.0
40	53	10.0
40	54	13.0
40	55	14.0
40	56	17.0
40	57	14.0
40	58	12.0
40	59	11.0
40	60	10.0
40	61	12.0
40	62	10.0
40	63	11.0
40	64	11.0
40	65	16.0
40	66	10.0
40	67	12.0
40	68	14.0
40	69	13.0
40	70	10.0
40	71	8.0
40	72	12.0
40	73	9.0
40	74	8.0
40	75	10.0
40	76	5.0
40	77	9.0
40	78	15.0
40	79	8.0
40	80	9.0
40	81	9.0
40	82	6.0
40	83	11.0
40	84	7.0
40	85	9.0
40	86	8.0
40	87	8.0
40	88	5.0
40	89	8.0
40	90	10.0
40	91	6.0
40	92	17.0
40	93	5.0
40	94	13.0
40	95	5.0
40	96	6.0
40	97	7.0
40	98	5.0
40	99	10.0
40	100	2.0
40	101	9.0
40	102	11.0
40	103	6.0
40	104	15.0
40	105	4.0
40	106	10.0
40	107	3.0
40	108	8.0
40	109	9.0
40	110	4.0
40	111	7.0
40	112	11.0
40	113	11.0
40	114	9.0
40	115	7.0
40	116	7.0
40	117	7.0
40	118	13.0
40	119	10.0
40	120	10.0
40	121	6.0
40	122	6.0
41	42	73.0
41	43	29.0
41	44	20.0
41	45	27.0
41	46	13.0
41	47	11.0
41	48	18.0
41	49	16.0
41	50	21.0
41	51	21.0
41	52	23.0
41	53	17.0
41	54	13.0
41	55	18.0
41	56	11.0
41	57	18.0
41	58	19.0
41	59	10.0
41	60	17.0
41	61	20.0
41	62	11.0
41	63	12.0
41	64	6.0
41	65	9.0
41	66	14.0
41	67	11.0
41	68	9.0
41	69	5.0
41	70	8.0
41	71	12.0
41	72	17.0
41	73	10.0
41	74	9.0
41	75	7.0
41	76	7.0
41	77	10.0
41	78	4.0
41	79	10.0
41	80	14.0
41	81	10.0
41	82	7.0
41	83	8.0
41	84	11.0
41	85	13.0
41	86	11.0
41	87	3.0
41	88	7.0
41	89	17.0
41	90	11.0
41	91	9.0
41	92	2.0
41	93	13.0
41	94	10.0
41	95	5.0
41	96	8.0
41	97	8.0
41	98	6.0
41	99	10.0
41	100	9.0
41	101	7.0
41	102	9.0
41	103	6.0
41	104	4.0
41	105	7.0
41	106	10.0
41	107	6.0
41	108	11.0
41	109	12.0
41	110	6.0
41	111	6.0
41	112	7.0
41	113	5.0
41	114	9.0
41	115	7.0
41	116	14.0
41	117	7.0
41	118	8.0
41	119	11.0
41	120	11.0
41	121	9.0
41	122	11.0
42	43	54.0
42	44	37.0
42	45	27.0
42	46	10.0
42	47	10.0
42	48	18.0
42	49	15.0
42	50	17.0
42	51	19.0
42	52	17.0
42	53	9.0
42	54	17.0
42	55	14.0
42	56	15.0
42	57	14.0
42	58	20.0
42	59	17.0
42	60	10.0
42	61	10.0
42	62	8.0
42	63	14.0
42	64	16.0
42	65	15.0
42	66	8.0
42	67	9.0
42	68	14.0
42	69	13.0
42	70	4.0
42	71	3.0
42	72	8.0
42	73	10.0
42	74	10.0
42	75	7.0
42	76	4.0
42	77	13.0
42	78	12.0
42	79	7.0
42	80	5.0
42	81	11.0
42	82	3.0
42	83	11.0
42	84	3.0
42	85	8.0
42	86	5.0
42	87	9.0
42	88	9.0
42	89	5.0
42	90	4.0
42	91	7.0
42	92	6.0
42	93	7.0
42	94	13.0
42	95	12.0
42	96	10.0
42	97	3.0
42	98	8.0
42	99	5.0
42	100	5.0
42	101	5.0
42	102	4.0
42	103	2.0
42	104	9.0
42	105	10.0
42	106	6.0
42	107	5.0
42	108	6.0
42	109	10.0
42	110	8.0
42	111	3.0
42	112	11.0
42	113	5.0
42	114	8.0
42	115	6.0
42	116	10.0
42	117	8.0
42	118	7.0
42	119	8.0
42	120	12.0
42	121	5.0
42	122	2.0
43	44	61.0
43	45	34.0
43	46	29.0
43	47	19.0
43	48	31.0
43	49	19.0
43	50	20.0
43	51	11.0
43	52	14.0
43	53	14.0
43	54	16.0
43	55	14.0
43	56	20.0
43	57	24.0
43	58	14.0
43	59	15.0
43	60	17.0
43	61	11.0
43	62	8.0
43	63	12.0
43	64	11.0
43	65	10.0
43	66	10.0
43	67	10.0
43	68	12.0
43	69	9.0
43	70	7.0
43	71	14.0
43	72	10.0
43	73	12.0
43	74	7.0
43	75	9.0
43	76	3.0
43	77	9.0
43	78	14.0
43	79	12.0
43	80	6.0
43	81	9.0
43	82	11.0
43	83	7.0
43	84	13.0
43	85	13.0
43	86	6.0
43	87	7.0
43	88	7.0
43	89	5.0
43	90	7.0
43	91	7.0
43	92	9.0
43	93	6.0
43	94	4.0
43	95	7.0
43	96	8.0
43	97	3.0
43	98	7.0
43	99	9.0
43	100	7.0
43	101	2.0
43	102	6.0
43	103	3.0
43	104	11.0
43	105	7.0
43	106	8.0
43	107	4.0
43	108	6.0
43	109	10.0
43	110	3.0
43	111	2.0
43	112	4.0
43	113	4.0
43	114	9.0
43	115	6.0
43	116	11.0
43	117	12.0
43	118	11.0
43	119	10.0
43	120	5.0
43	121	12.0
43	122	14.0
44	45	76.0
44	46	27.0
44	47	35.0
44	48	16.0
44	49	26.0
44	50	19.0
44	51	16.0
44	52	16.0
44	53	20.0
44	54	20.0
44	55	21.0
44	56	13.0
44	57	11.0
44	58	10.0
44	59	13.0
44	60	6.0
44	61	17.0
44	62	10.0
44	63	12.0
44	64	11.0
44	65	15.0
44	66	11.0
44	67	11.0
44	68	18.0
44	69	12.0
44	70	7.0
44	71	10.0
44	72	14.0
44	73	11.0
44	74	12.0
44	75	9.0
44	76	9.0
44	77	12.0
44	78	8.0
44	79	10.0
44	80	2.0
44	81	9.0
44	82	6.0
44	83	9.0
44	84	12.0
44	85	5.0
44	86	12.0
44	87	13.0
44	88	6.0
44	89	10.0
44	90	12.0
44	91	7.0
44	92	8.0
44	93	8.0
44	94	8.0
44	95	6.0
44	96	10.0
44	97	4.0
44	98	10.0
44	99	5.0
44	100	5.0
44	101	2.0
44	102	7.0
44	103	6.0
44	104	3.0
44	105	5.0
44	106	3.0
44	107	14.0
44	108	10.0
44	109	8.0
44	110	6.0
44	111	6.0
44	112	5.0
44	113	4.0
44	114	9.0
44	115	6.0
44	116	1.0
44	117	8.0
44	118	10.0
44	119	7.0
44	120	4.0
44	121	8.0
44	122	2.0
45	46	70.0
45	47	44.0
45	48	26.0
45	49	13.0
45	50	20.0
45	51	23.0
45	52	25.0
45	53	26.0
45	54	23.0
45	55	30.0
45	56	20.0
45	57	17.0
45	58	19.0
45	59	13.0
45	60	18.0
45	61	12.0
45	62	13.0
45	63	11.0
45	64	15.0
45	65	19.0
45	66	16.0
45	67	19.0
45	68	11.0
45	69	20.0
45	70	10.0
45	71	13.0
45	72	20.0
45	73	9.0
45	74	8.0
45	75	9.0
45	76	9.0
45	77	5.0
45	78	7.0
45	79	10.0
45	80	6.0
45	81	11.0
45	82	14.0
45	83	13.0
45	84	8.0
45	85	4.0
45	86	12.0
45	87	11.0
45	88	13.0
45	89	9.0
45	90	6.0
45	91	9.0
45	92	12.0
45	93	7.0
45	94	12.0
45	95	8.0
45	96	9.0
45	97	7.0
45	98	8.0
45	99	7.0
45	100	4.0
45	101	5.0
45	102	11.0
45	103	5.0
45	104	5.0
45	105	9.0
45	106	6.0
45	107	17.0
45	108	11.0
45	109	12.0
45	110	6.0
45	111	4.0
45	112	6.0
45	113	4.0
45	114	7.0
45	115	15.0
45	116	6.0
45	117	9.0
45	118	9.0
45	119	9.0
45	120	14.0
45	121	9.0
45	122	6.0
46	47	81.0
46	48	29.0
46	49	16.0
46	50	25.0
46	51	33.0
46	52	35.0
46	53	21.0
46	54	23.0
46	55	29.0
46	56	45.0
46	57	25.0
46	58	22.0
46	59	20.0
46	60	23.0
46	61	23.0
46	62	27.0
46	63	17.0
46	64	32.0
46	65	15.0
46	66	15.0
46	67	14.0
46	68	14.0
46	69	11.0
46	70	13.0
46	71	9.0
46	72	10.0
46	73	11.0
46	74	11.0
46	75	17.0
46	76	15.0
46	77	11.0
46	78	16.0
46	79	14.0
46	80	14.0
46	81	13.0
46	82	10.0
46	83	8.0
46	84	14.0
46	85	10.0
46	86	7.0
46	87	14.0
46	88	5.0
46	89	8.0
46	90	7.0
46	91	5.0
46	92	6.0
46	93	9.0
46	94	11.0
46	95	9.0
46	96	12.0
46	97	8.0
46	98	8.0
46	99	8.0
46	100	8.0
46	101	9.0
46	102	4.0
46	103	5.0
46	104	7.0
46	105	7.0
46	106	10.0
46	107	7.0
46	108	12.0
46	109	3.0
46	110	12.0
46	111	9.0
46	112	8.0
46	113	5.0
46	114	9.0
46	115	10.0
46	116	12.0
46	117	10.0
46	118	14.0
46	119	11.0
46	120	7.0
46	121	9.0
46	122	8.0
47	48	56.0
47	49	28.0
47	50	23.0
47	51	38.0
47	52	31.0
47	53	31.0
47	54	47.0
47	55	37.0
47	56	39.0
47	57	21.0
47	58	17.0
47	59	26.0
47	60	20.0
47	61	20.0
47	62	24.0
47	63	21.0
47	64	20.0
47	65	13.0
47	66	17.0
47	67	17.0
47	68	18.0
47	69	15.0
47	70	16.0
47	71	16.0
47	72	18.0
47	73	16.0
47	74	16.0
47	75	10.0
47	76	8.0
47	77	6.0
47	78	11.0
47	79	11.0
47	80	10.0
47	81	14.0
47	82	10.0
47	83	13.0
47	84	11.0
47	85	12.0
47	86	12.0
47	87	8.0
47	88	6.0
47	89	15.0
47	90	13.0
47	91	13.0
47	92	11.0
47	93	10.0
47	94	7.0
47	95	8.0
47	96	9.0
47	97	12.0
47	98	9.0
47	99	3.0
47	100	8.0
47	101	7.0
47	102	7.0
47	103	12.0
47	104	7.0
47	105	12.0
47	106	12.0
47	107	11.0
47	108	7.0
47	109	10.0
47	110	10.0
47	111	9.0
47	112	8.0
47	113	7.0
47	114	9.0
47	115	8.0
47	116	10.0
47	117	6.0
47	118	8.0
47	119	6.0
47	120	14.0
47	121	11.0
47	122	10.0
48	49	62.0
48	50	33.0
48	51	99.0
48	52	65.0
48	53	48.0
48	54	43.0
48	55	44.0
48	56	46.0
48	57	31.0
48	58	27.0
48	59	27.0
48	60	29.0
48	61	35.0
48	62	29.0
48	63	21.0
48	64	20.0
48	65	14.0
48	66	21.0
48	67	16.0
48	68	13.0
48	69	29.0
48	70	10.0
48	71	18.0
48	72	14.0
48	73	11.0
48	74	10.0
48	75	18.0
48	76	16.0
48	77	18.0
48	78	18.0
48	79	16.0
48	80	11.0
48	81	2.0
48	82	11.0
48	83	9.0
48	84	16.0
48	85	12.0
48	86	12.0
48	87	8.0
48	88	15.0
48	89	9.0
48	90	11.0
48	91	12.0
48	92	16.0
48	93	8.0
48	94	13.0
48	95	9.0
48	96	13.0
48	97	7.0
48	98	7.0
48	99	6.0
48	100	5.0
48	101	12.0
48	102	7.0
48	103	3.0
48	104	8.0
48	105	14.0
48	106	5.0
48	107	6.0
48	108	10.0
48	109	16.0
48	110	17.0
48	111	9.0
48	112	13.0
48	113	6.0
48	114	4.0
48	115	7.0
48	116	16.0
48	117	11.0
48	118	9.0
48	119	8.0
48	120	8.0
48	121	9.0
48	122	7.0
49	50	110.0
49	51	177.0
49	52	64.0
49	53	29.0
49	54	32.0
49	55	35.0
49	56	40.0
49	57	37.0
49	58	36.0
49	59	33.0
49	60	33.0
49	61	30.0
49	62	24.0
49	63	25.0
49	64	29.0
49	65	21.0
49	66	14.0
49	67	14.0
49	68	22.0
49	69	16.0
49	70	22.0
49	71	22.0
49	72	30.0
49	73	19.0
49	74	16.0
49	75	16.0
49	76	21.0
49	77	18.0
49	78	19.0
49	79	15.0
49	80	21.0
49	81	16.0
49	82	13.0
49	83	19.0
49	84	9.0
49	85	16.0
49	86	9.0
49	87	5.0
49	88	12.0
49	89	14.0
49	90	9.0
49	91	21.0
49	92	13.0
49	93	13.0
49	94	10.0
49	95	12.0
49	96	8.0
49	97	10.0
49	98	8.0
49	99	12.0
49	100	11.0
49	101	6.0
49	102	10.0
49	103	7.0
49	104	10.0
49	105	8.0
49	106	11.0
49	107	16.0
49	108	6.0
49	109	16.0
49	110	14.0
49	111	10.0
49	112	8.0
49	113	8.0
49	114	16.0
49	115	18.0
49	116	10.0
49	117	17.0
49	118	7.0
49	119	12.0
49	120	11.0
49	121	19.0
49	122	12.0
50	51	72.0
50	52	38.0
50	53	29.0
50	54	34.0
50	55	19.0
50	56	26.0
50	57	41.0
50	58	16.0
50	59	38.0
50	60	40.0
50	61	23.0
50	62	19.0
50	63	21.0
50	64	16.0
50	65	23.0
50	66	21.0
50	67	14.0
50	68	15.0
50	69	24.0
50	70	15.0
50	71	23.0
50	72	15.0
50	73	20.0
50	74	12.0
50	75	20.0
50	76	16.0
50	77	15.0
50	78	16.0
50	79	21.0
50	80	14.0
50	81	8.0
50	82	8.0
50	83	11.0
50	84	11.0
50	85	15.0
50	86	19.0
50	87	6.0
50	88	10.0
50	89	13.0
50	90	11.0
50	91	15.0
50	92	11.0
50	93	10.0
50	94	13.0
50	95	13.0
50	96	16.0
50	97	10.0
50	98	15.0
50	99	10.0
50	100	7.0
50	101	9.0
50	102	10.0
50	103	6.0
50	104	8.0
50	105	9.0
50	106	8.0
50	107	12.0
50	108	10.0
50	109	16.0
50	110	12.0
50	111	10.0
50	112	14.0
50	113	13.0
50	114	11.0
50	115	15.0
50	116	17.0
50	117	13.0
50	118	13.0
50	119	11.0
50	120	12.0
50	121	9.0
50	122	16.0
51	52	86.0
51	53	47.0
51	54	40.0
51	55	34.0
51	56	38.0
51	57	32.0
51	58	31.0
51	59	25.0
51	60	26.0
51	61	36.0
51	62	33.0
51	63	19.0
51	64	20.0
51	65	17.0
51	66	13.0
51	67	23.0
51	68	19.0
51	69	27.0
51	70	20.0
51	71	22.0
51	72	16.0
51	73	10.0
51	74	20.0
51	75	17.0
51	76	17.0
51	77	8.0
51	78	20.0
51	79	14.0
51	80	16.0
51	81	19.0
51	82	17.0
51	83	11.0
51	84	16.0
51	85	9.0
51	86	14.0
51	87	11.0
51	88	12.0
51	89	13.0
51	90	10.0
51	91	10.0
51	92	12.0
51	93	5.0
51	94	7.0
51	95	13.0
51	96	9.0
51	97	9.0
51	98	6.0
51	99	16.0
51	100	8.0
51	101	15.0
51	102	10.0
51	103	10.0
51	104	5.0
51	105	11.0
51	106	15.0
51	107	10.0
51	108	15.0
51	109	12.0
51	110	11.0
51	111	8.0
51	112	10.0
51	113	6.0
51	114	9.0
51	115	10.0
51	116	15.0
51	117	9.0
51	118	15.0
51	119	13.0
51	120	16.0
51	121	16.0
51	122	14.0
52	53	100.0
52	54	74.0
52	55	45.0
52	56	48.0
52	57	42.0
52	58	27.0
52	59	24.0
52	60	33.0
52	61	25.0
52	62	32.0
52	63	26.0
52	64	25.0
52	65	17.0
52	66	21.0
52	67	25.0
52	68	18.0
52	69	27.0
52	70	29.0
52	71	23.0
52	72	15.0
52	73	26.0
52	74	17.0
52	75	14.0
52	76	18.0
52	77	13.0
52	78	23.0
52	79	14.0
52	80	11.0
52	81	14.0
52	82	10.0
52	83	13.0
52	84	11.0
52	85	6.0
52	86	7.0
52	87	6.0
52	88	7.0
52	89	13.0
52	90	9.0
52	91	9.0
52	92	10.0
52	93	16.0
52	94	7.0
52	95	11.0
52	96	8.0
52	97	8.0
52	98	6.0
52	99	10.0
52	100	13.0
52	101	8.0
52	102	12.0
52	103	8.0
52	104	9.0
52	105	15.0
52	106	5.0
52	107	11.0
52	108	13.0
52	109	15.0
52	110	7.0
52	111	12.0
52	112	9.0
52	113	11.0
52	114	10.0
52	115	15.0
52	116	11.0
52	117	14.0
52	118	10.0
52	119	13.0
52	120	17.0
52	121	11.0
52	122	8.0
53	54	90.0
53	55	50.0
53	56	48.0
53	57	42.0
53	58	38.0
53	59	32.0
53	60	22.0
53	61	42.0
53	62	22.0
53	63	19.0
53	64	16.0
53	65	24.0
53	66	16.0
53	67	28.0
53	68	33.0
53	69	19.0
53	70	16.0
53	71	21.0
53	72	24.0
53	73	20.0
53	74	10.0
53	75	16.0
53	76	20.0
53	77	22.0
53	78	13.0
53	79	15.0
53	80	22.0
53	81	17.0
53	82	18.0
53	83	13.0
53	84	18.0
53	85	16.0
53	86	14.0
53	87	4.0
53	88	8.0
53	89	10.0
53	90	9.0
53	91	17.0
53	92	12.0
53	93	11.0
53	94	10.0
53	95	11.0
53	96	11.0
53	97	5.0
53	98	12.0
53	99	10.0
53	100	10.0
53	101	14.0
53	102	13.0
53	103	11.0
53	104	7.0
53	105	9.0
53	106	14.0
53	107	10.0
53	108	11.0
53	109	15.0
53	110	9.0
53	111	8.0
53	112	6.0
53	113	9.0
53	114	16.0
53	115	9.0
53	116	20.0
53	117	18.0
53	118	11.0
53	119	17.0
53	120	6.0
53	121	12.0
53	122	12.0
54	55	68.0
54	56	81.0
54	57	104.0
54	58	66.0
54	59	39.0
54	60	47.0
54	61	56.0
54	62	40.0
54	63	29.0
54	64	39.0
54	65	26.0
54	66	25.0
54	67	39.0
54	68	30.0
54	69	30.0
54	70	24.0
54	71	24.0
54	72	27.0
54	73	21.0
54	74	22.0
54	75	9.0
54	76	17.0
54	77	20.0
54	78	20.0
54	79	16.0
54	80	12.0
54	81	22.0
54	82	7.0
54	83	10.0
54	84	17.0
54	85	9.0
54	86	14.0
54	87	16.0
54	88	12.0
54	89	15.0
54	90	13.0
54	91	13.0
54	92	14.0
54	93	17.0
54	94	12.0
54	95	9.0
54	96	9.0
54	97	13.0
54	98	12.0
54	99	15.0
54	100	12.0
54	101	13.0
54	102	10.0
54	103	14.0
54	104	8.0
54	105	14.0
54	106	10.0
54	107	13.0
54	108	3.0
54	109	16.0
54	110	11.0
54	111	10.0
54	112	10.0
54	113	6.0
54	114	13.0
54	115	15.0
54	116	26.0
54	117	19.0
54	118	15.0
54	119	15.0
54	120	13.0
54	121	11.0
54	122	11.0
55	56	290.0
55	57	57.0
55	58	55.0
55	59	38.0
55	60	30.0
55	61	57.0
55	62	36.0
55	63	30.0
55	64	35.0
55	65	26.0
55	66	30.0
55	67	25.0
55	68	22.0
55	69	30.0
55	70	16.0
55	71	25.0
55	72	20.0
55	73	15.0
55	74	12.0
55	75	23.0
55	76	19.0
55	77	11.0
55	78	10.0
55	79	23.0
55	80	22.0
55	81	12.0
55	82	18.0
55	83	14.0
55	84	21.0
55	85	14.0
55	86	10.0
55	87	20.0
55	88	15.0
55	89	12.0
55	90	11.0
55	91	11.0
55	92	13.0
55	93	12.0
55	94	9.0
55	95	14.0
55	96	16.0
55	97	15.0
55	98	6.0
55	99	11.0
55	100	10.0
55	101	11.0
55	102	7.0
55	103	6.0
55	104	7.0
55	105	10.0
55	106	13.0
55	107	9.0
55	108	10.0
55	109	12.0
55	110	10.0
55	111	10.0
55	112	11.0
55	113	11.0
55	114	13.0
55	115	11.0
55	116	16.0
55	117	20.0
55	118	8.0
55	119	17.0
55	120	12.0
55	121	11.0
55	122	4.0
56	57	75.0
56	58	55.0
56	59	41.0
56	60	32.0
56	61	64.0
56	62	45.0
56	63	48.0
56	64	33.0
56	65	34.0
56	66	30.0
56	67	30.0
56	68	28.0
56	69	21.0
56	70	13.0
56	71	19.0
56	72	22.0
56	73	18.0
56	74	17.0
56	75	20.0
56	76	21.0
56	77	16.0
56	78	11.0
56	79	13.0
56	80	18.0
56	81	8.0
56	82	16.0
56	83	11.0
56	84	18.0
56	85	11.0
56	86	18.0
56	87	19.0
56	88	9.0
56	89	20.0
56	90	10.0
56	91	4.0
56	92	12.0
56	93	10.0
56	94	12.0
56	95	12.0
56	96	9.0
56	97	13.0
56	98	8.0
56	99	9.0
56	100	9.0
56	101	8.0
56	102	5.0
56	103	9.0
56	104	9.0
56	105	13.0
56	106	10.0
56	107	16.0
56	108	18.0
56	109	9.0
56	110	19.0
56	111	10.0
56	112	10.0
56	113	8.0
56	114	13.0
56	115	9.0
56	116	11.0
56	117	13.0
56	118	10.0
56	119	13.0
56	120	14.0
56	121	19.0
56	122	15.0
57	58	120.0
57	59	58.0
57	60	71.0
57	61	87.0
57	62	46.0
57	63	45.0
57	64	51.0
57	65	32.0
57	66	36.0
57	67	30.0
57	68	35.0
57	69	31.0
57	70	32.0
57	71	29.0
57	72	21.0
57	73	25.0
57	74	23.0
57	75	27.0
57	76	16.0
57	77	20.0
57	78	17.0
57	79	13.0
57	80	20.0
57	81	19.0
57	82	19.0
57	83	19.0
57	84	18.0
57	85	18.0
57	86	17.0
57	87	20.0
57	88	9.0
57	89	20.0
57	90	18.0
57	91	15.0
57	92	10.0
57	93	13.0
57	94	15.0
57	95	9.0
57	96	12.0
57	97	12.0
57	98	15.0
57	99	11.0
57	100	14.0
57	101	10.0
57	102	12.0
57	103	16.0
57	104	9.0
57	105	10.0
57	106	7.0
57	107	14.0
57	108	20.0
57	109	16.0
57	110	11.0
57	111	14.0
57	112	23.0
57	113	8.0
57	114	7.0
57	115	12.0
57	116	22.0
57	117	15.0
57	118	11.0
57	119	7.0
57	120	12.0
57	121	7.0
57	122	11.0
58	59	71.0
58	60	51.0
58	61	277.0
58	62	73.0
58	63	51.0
58	64	47.0
58	65	41.0
58	66	37.0
58	67	64.0
58	68	48.0
58	69	47.0
58	70	46.0
58	71	33.0
58	72	26.0
58	73	36.0
58	74	36.0
58	75	34.0
58	76	40.0
58	77	36.0
58	78	26.0
58	79	28.0
58	80	30.0
58	81	27.0
58	82	31.0
58	83	18.0
58	84	15.0
58	85	32.0
58	86	20.0
58	87	12.0
58	88	9.0
58	89	19.0
58	90	12.0
58	91	15.0
58	92	14.0
58	93	12.0
58	94	19.0
58	95	11.0
58	96	16.0
58	97	12.0
58	98	15.0
58	99	9.0
58	100	16.0
58	101	15.0
58	102	19.0
58	103	5.0
58	104	16.0
58	105	14.0
58	106	16.0
58	107	17.0
58	108	17.0
58	109	7.0
58	110	10.0
58	111	14.0
58	112	23.0
58	113	11.0
58	114	9.0
58	115	21.0
58	116	20.0
58	117	17.0
58	118	11.0
58	119	19.0
58	120	16.0
58	121	11.0
58	122	10.0
59	60	276.0
59	61	56.0
59	62	50.0
59	63	32.0
59	64	44.0
59	65	39.0
59	66	26.0
59	67	34.0
59	68	37.0
59	69	61.0
59	70	47.0
59	71	41.0
59	72	54.0
59	73	32.0
59	74	36.0
59	75	30.0
59	76	28.0
59	77	42.0
59	78	19.0
59	79	17.0
59	80	32.0
59	81	27.0
59	82	30.0
59	83	18.0
59	84	32.0
59	85	25.0
59	86	20.0
59	87	24.0
59	88	20.0
59	89	22.0
59	90	17.0
59	91	21.0
59	92	19.0
59	93	21.0
59	94	25.0
59	95	13.0
59	96	19.0
59	97	14.0
59	98	13.0
59	99	9.0
59	100	15.0
59	101	27.0
59	102	12.0
59	103	13.0
59	104	21.0
59	105	14.0
59	106	12.0
59	107	20.0
59	108	19.0
59	109	16.0
59	110	24.0
59	111	11.0
59	112	18.0
59	113	25.0
59	114	14.0
59	115	16.0
59	116	20.0
59	117	24.0
59	118	15.0
59	119	21.0
59	120	19.0
59	121	12.0
59	122	13.0
60	61	62.0
60	62	40.0
60	63	38.0
60	64	37.0
60	65	34.0
60	66	33.0
60	67	38.0
60	68	28.0
60	69	42.0
60	70	39.0
60	71	43.0
60	72	48.0
60	73	43.0
60	74	33.0
60	75	28.0
60	76	34.0
60	77	47.0
60	78	16.0
60	79	30.0
60	80	25.0
60	81	28.0
60	82	25.0
60	83	18.0
60	84	38.0
60	85	26.0
60	86	17.0
60	87	14.0
60	88	19.0
60	89	15.0
60	90	20.0
60	91	17.0
60	92	16.0
60	93	11.0
60	94	19.0
60	95	17.0
60	96	17.0
60	97	9.0
60	98	15.0
60	99	11.0
60	100	7.0
60	101	19.0
60	102	10.0
60	103	13.0
60	104	17.0
60	105	16.0
60	106	16.0
60	107	20.0
60	108	20.0
60	109	14.0
60	110	12.0
60	111	14.0
60	112	12.0
60	113	22.0
60	114	23.0
60	115	20.0
60	116	19.0
60	117	9.0
60	118	19.0
60	119	18.0
60	120	23.0
60	121	20.0
60	122	13.0
61	62	77.0
61	63	59.0
61	64	50.0
61	65	44.0
61	66	42.0
61	67	61.0
61	68	54.0
61	69	43.0
61	70	37.0
61	71	29.0
61	72	29.0
61	73	33.0
61	74	31.0
61	75	24.0
61	76	32.0
61	77	24.0
61	78	33.0
61	79	30.0
61	80	27.0
61	81	26.0
61	82	22.0
61	83	22.0
61	84	25.0
61	85	22.0
61	86	17.0
61	87	17.0
61	88	10.0
61	89	19.0
61	90	19.0
61	91	18.0
61	92	12.0
61	93	18.0
61	94	14.0
61	95	18.0
61	96	16.0
61	97	11.0
61	98	8.0
61	99	18.0
61	100	13.0
61	101	12.0
61	102	5.0
61	103	5.0
61	104	12.0
61	105	16.0
61	106	17.0
61	107	17.0
61	108	15.0
61	109	19.0
61	110	13.0
61	111	10.0
61	112	13.0
61	113	14.0
61	114	16.0
61	115	16.0
61	116	20.0
61	117	14.0
61	118	13.0
61	119	17.0
61	120	12.0
61	121	23.0
61	122	12.0
62	63	105.0
62	64	81.0
62	65	93.0
62	66	65.0
62	67	71.0
62	68	62.0
62	69	42.0
62	70	33.0
62	71	25.0
62	72	22.0
62	73	20.0
62	74	31.0
62	75	25.0
62	76	25.0
62	77	20.0
62	78	16.0
62	79	32.0
62	80	24.0
62	81	18.0
62	82	22.0
62	83	23.0
62	84	13.0
62	85	20.0
62	86	17.0
62	87	11.0
62	88	18.0
62	89	22.0
62	90	11.0
62	91	17.0
62	92	12.0
62	93	10.0
62	94	15.0
62	95	17.0
62	96	13.0
62	97	12.0
62	98	21.0
62	99	6.0
62	100	14.0
62	101	15.0
62	102	4.0
62	103	5.0
62	104	9.0
62	105	11.0
62	106	15.0
62	107	11.0
62	108	16.0
62	109	17.0
62	110	8.0
62	111	8.0
62	112	9.0
62	113	9.0
62	114	11.0
62	115	11.0
62	116	13.0
62	117	11.0
62	118	11.0
62	119	15.0
62	120	14.0
62	121	8.0
62	122	10.0
63	64	292.0
63	65	186.0
63	66	80.0
63	67	44.0
63	68	57.0
63	69	57.0
63	70	38.0
63	71	26.0
63	72	23.0
63	73	21.0
63	74	25.0
63	75	15.0
63	76	23.0
63	77	17.0
63	78	25.0
63	79	18.0
63	80	23.0
63	81	26.0
63	82	21.0
63	83	18.0
63	84	17.0
63	85	28.0
63	86	25.0
63	87	18.0
63	88	14.0
63	89	16.0
63	90	14.0
63	91	12.0
63	92	16.0
63	93	15.0
63	94	22.0
63	95	21.0
63	96	20.0
63	97	10.0
63	98	11.0
63	99	13.0
63	100	17.0
63	101	9.0
63	102	13.0
63	103	8.0
63	104	16.0
63	105	8.0
63	106	11.0
63	107	11.0
63	108	13.0
63	109	15.0
63	110	16.0
63	111	13.0
63	112	9.0
63	113	12.0
63	114	12.0
63	115	19.0
63	116	14.0
63	117	6.0
63	118	9.0
63	119	13.0
63	120	14.0
63	121	11.0
63	122	10.0
64	65	130.0
64	66	59.0
64	67	61.0
64	68	61.0
64	69	41.0
64	70	31.0
64	71	32.0
64	72	26.0
64	73	34.0
64	74	24.0
64	75	27.0
64	76	26.0
64	77	25.0
64	78	17.0
64	79	19.0
64	80	29.0
64	81	24.0
64	82	18.0
64	83	21.0
64	84	25.0
64	85	18.0
64	86	24.0
64	87	16.0
64	88	14.0
64	89	22.0
64	90	17.0
64	91	17.0
64	92	15.0
64	93	10.0
64	94	22.0
64	95	9.0
64	96	11.0
64	97	17.0
64	98	15.0
64	99	10.0
64	100	10.0
64	101	13.0
64	102	7.0
64	103	5.0
64	104	10.0
64	105	13.0
64	106	5.0
64	107	15.0
64	108	12.0
64	109	19.0
64	110	7.0
64	111	11.0
64	112	12.0
64	113	12.0
64	114	18.0
64	115	19.0
64	116	20.0
64	117	13.0
64	118	11.0
64	119	8.0
64	120	7.0
64	121	22.0
64	122	19.0
65	66	127.0
65	67	64.0
65	68	54.0
65	69	32.0
65	70	25.0
65	71	17.0
65	72	28.0
65	73	30.0
65	74	26.0
65	75	11.0
65	76	29.0
65	77	25.0
65	78	18.0
65	79	21.0
65	80	24.0
65	81	18.0
65	82	24.0
65	83	25.0
65	84	24.0
65	85	23.0
65	86	27.0
65	87	24.0
65	88	19.0
65	89	17.0
65	90	12.0
65	91	18.0
65	92	19.0
65	93	15.0
65	94	12.0
65	95	17.0
65	96	21.0
65	97	15.0
65	98	14.0
65	99	17.0
65	100	13.0
65	101	7.0
65	102	12.0
65	103	11.0
65	104	8.0
65	105	16.0
65	106	16.0
65	107	11.0
65	108	15.0
65	109	7.0
65	110	11.0
65	111	13.0
65	112	11.0
65	113	11.0
65	114	21.0
65	115	11.0
65	116	11.0
65	117	13.0
65	118	17.0
65	119	19.0
65	120	16.0
65	121	12.0
65	122	9.0
66	67	74.0
66	68	50.0
66	69	44.0
66	70	34.0
66	71	26.0
66	72	16.0
66	73	32.0
66	74	17.0
66	75	32.0
66	76	25.0
66	77	23.0
66	78	21.0
66	79	22.0
66	80	27.0
66	81	17.0
66	82	27.0
66	83	24.0
66	84	23.0
66	85	25.0
66	86	24.0
66	87	18.0
66	88	24.0
66	89	24.0
66	90	17.0
66	91	14.0
66	92	14.0
66	93	11.0
66	94	14.0
66	95	13.0
66	96	16.0
66	97	23.0
66	98	17.0
66	99	10.0
66	100	20.0
66	101	6.0
66	102	20.0
66	103	8.0
66	104	14.0
66	105	9.0
66	106	11.0
66	107	15.0
66	108	11.0
66	109	16.0
66	110	15.0
66	111	16.0
66	112	12.0
66	113	9.0
66	114	12.0
66	115	13.0
66	116	12.0
66	117	16.0
66	118	10.0
66	119	10.0
66	120	21.0
66	121	12.0
66	122	7.0
67	68	320.0
67	69	116.0
67	70	61.0
67	71	27.0
67	72	44.0
67	73	44.0
67	74	31.0
67	75	33.0
67	76	35.0
67	77	33.0
67	78	27.0
67	79	36.0
67	80	44.0
67	81	25.0
67	82	23.0
67	83	19.0
67	84	29.0
67	85	25.0
67	86	30.0
67	87	30.0
67	88	15.0
67	89	27.0
67	90	14.0
67	91	19.0
67	92	18.0
67	93	25.0
67	94	26.0
67	95	18.0
67	96	16.0
67	97	20.0
67	98	10.0
67	99	8.0
67	100	12.0
67	101	20.0
67	102	18.0
67	103	14.0
67	104	13.0
67	105	9.0
67	106	15.0
67	107	16.0
67	108	20.0
67	109	17.0
67	110	14.0
67	111	9.0
67	112	11.0
67	113	8.0
67	114	19.0
67	115	19.0
67	116	16.0
67	117	23.0
67	118	15.0
67	119	22.0
67	120	18.0
67	121	16.0
67	122	10.0
68	69	153.0
68	70	56.0
68	71	37.0
68	72	48.0
68	73	45.0
68	74	31.0
68	75	46.0
68	76	46.0
68	77	37.0
68	78	41.0
68	79	37.0
68	80	36.0
68	81	31.0
68	82	35.0
68	83	30.0
68	84	20.0
68	85	32.0
68	86	32.0
68	87	23.0
68	88	18.0
68	89	32.0
68	90	20.0
68	91	22.0
68	92	20.0
68	93	16.0
68	94	17.0
68	95	18.0
68	96	19.0
68	97	14.0
68	98	12.0
68	99	14.0
68	100	12.0
68	101	15.0
68	102	16.0
68	103	14.0
68	104	11.0
68	105	16.0
68	106	14.0
68	107	13.0
68	108	13.0
68	109	11.0
68	110	15.0
68	111	16.0
68	112	16.0
68	113	18.0
68	114	9.0
68	115	11.0
68	116	15.0
68	117	24.0
68	118	15.0
68	119	16.0
68	120	11.0
68	121	17.0
68	122	16.0
69	70	87.0
69	71	43.0
69	72	28.0
69	73	48.0
69	74	40.0
69	75	65.0
69	76	52.0
69	77	32.0
69	78	32.0
69	79	48.0
69	80	51.0
69	81	19.0
69	82	41.0
69	83	27.0
69	84	18.0
69	85	35.0
69	86	28.0
69	87	27.0
69	88	29.0
69	89	19.0
69	90	38.0
69	91	25.0
69	92	16.0
69	93	16.0
69	94	15.0
69	95	20.0
69	96	21.0
69	97	20.0
69	98	26.0
69	99	16.0
69	100	23.0
69	101	15.0
69	102	8.0
69	103	5.0
69	104	11.0
69	105	16.0
69	106	16.0
69	107	18.0
69	108	22.0
69	109	17.0
69	110	19.0
69	111	13.0
69	112	21.0
69	113	12.0
69	114	12.0
69	115	25.0
69	116	21.0
69	117	17.0
69	118	16.0
69	119	23.0
69	120	17.0
69	121	21.0
69	122	17.0
70	71	75.0
70	72	66.0
70	73	135.0
70	74	88.0
70	75	98.0
70	76	119.0
70	77	91.0
70	78	71.0
70	79	43.0
70	80	53.0
70	81	60.0
70	82	63.0
70	83	39.0
70	84	65.0
70	85	36.0
70	86	40.0
70	87	25.0
70	88	24.0
70	89	25.0
70	90	36.0
70	91	33.0
70	92	23.0
70	93	28.0
70	94	19.0
70	95	30.0
70	96	14.0
70	97	17.0
70	98	20.0
70	99	26.0
70	100	23.0
70	101	16.0
70	102	17.0
70	103	17.0
70	104	13.0
70	105	24.0
70	106	18.0
70	107	26.0
70	108	26.0
70	109	29.0
70	110	17.0
70	111	11.0
70	112	15.0
70	113	18.0
70	114	21.0
70	115	15.0
70	116	20.0
70	117	27.0
70	118	25.0
70	119	27.0
70	120	24.0
70	121	23.0
70	122	19.0
71	72	302.0
71	73	84.0
71	74	82.0
71	75	43.0
71	76	56.0
71	77	100.0
71	78	57.0
71	79	19.0
71	80	26.0
71	81	49.0
71	82	49.0
71	83	33.0
71	84	37.0
71	85	33.0
71	86	32.0
71	87	25.0
71	88	21.0
71	89	34.0
71	90	33.0
71	91	31.0
71	92	24.0
71	93	21.0
71	94	37.0
71	95	24.0
71	96	16.0
71	97	12.0
71	98	16.0
71	99	29.0
71	100	15.0
71	101	17.0
71	102	16.0
71	103	17.0
71	104	19.0
71	105	28.0
71	106	21.0
71	107	28.0
71	108	24.0
71	109	34.0
71	110	18.0
71	111	15.0
71	112	18.0
71	113	20.0
71	114	26.0
71	115	31.0
71	116	30.0
71	117	41.0
71	118	20.0
71	119	28.0
71	120	29.0
71	121	24.0
71	122	25.0
72	73	98.0
72	74	100.0
72	75	49.0
72	76	69.0
72	77	132.0
72	78	53.0
72	79	42.0
72	80	40.0
72	81	63.0
72	82	53.0
72	83	41.0
72	84	41.0
72	85	31.0
72	86	38.0
72	87	28.0
72	88	16.0
72	89	19.0
72	90	28.0
72	91	36.0
72	92	18.0
72	93	24.0
72	94	27.0
72	95	25.0
72	96	27.0
72	97	19.0
72	98	23.0
72	99	20.0
72	100	20.0
72	101	25.0
72	102	19.0
72	103	13.0
72	104	13.0
72	105	21.0
72	106	26.0
72	107	22.0
72	108	27.0
72	109	30.0
72	110	28.0
72	111	15.0
72	112	18.0
72	113	24.0
72	114	29.0
72	115	31.0
72	116	38.0
72	117	29.0
72	118	29.0
72	119	21.0
72	120	23.0
72	121	29.0
72	122	25.0
73	74	144.0
73	75	94.0
73	76	251.0
73	77	160.0
73	78	116.0
73	79	52.0
73	80	93.0
73	81	114.0
73	82	91.0
73	83	73.0
73	84	70.0
73	85	66.0
73	86	41.0
73	87	23.0
73	88	25.0
73	89	41.0
73	90	44.0
73	91	41.0
73	92	24.0
73	93	32.0
73	94	27.0
73	95	24.0
73	96	27.0
73	97	16.0
73	98	15.0
73	99	21.0
73	100	21.0
73	101	24.0
73	102	8.0
73	103	13.0
73	104	23.0
73	105	23.0
73	106	25.0
73	107	21.0
73	108	27.0
73	109	20.0
73	110	17.0
73	111	19.0
73	112	24.0
73	113	16.0
73	114	30.0
73	115	22.0
73	116	20.0
73	117	21.0
73	118	25.0
73	119	26.0
73	120	22.0
73	121	19.0
73	122	19.0
74	75	107.0
74	76	156.0
74	77	182.0
74	78	91.0
74	79	44.0
74	80	58.0
74	81	134.0
74	82	71.0
74	83	40.0
74	84	66.0
74	85	50.0
74	86	39.0
74	87	29.0
74	88	35.0
74	89	40.0
74	90	39.0
74	91	48.0
74	92	31.0
74	93	23.0
74	94	24.0
74	95	28.0
74	96	21.0
74	97	29.0
74	98	24.0
74	99	24.0
74	100	12.0
74	101	22.0
74	102	17.0
74	103	17.0
74	104	15.0
74	105	28.0
74	106	24.0
74	107	17.0
74	108	22.0
74	109	30.0
74	110	19.0
74	111	15.0
74	112	19.0
74	113	17.0
74	114	23.0
74	115	34.0
74	116	24.0
74	117	35.0
74	118	39.0
74	119	20.0
74	120	34.0
74	121	17.0
74	122	21.0
75	76	184.0
75	77	76.0
75	78	141.0
75	79	80.0
75	80	93.0
75	81	99.0
75	82	77.0
75	83	56.0
75	84	60.0
75	85	71.0
75	86	32.0
75	87	24.0
75	88	26.0
75	89	27.0
75	90	30.0
75	91	32.0
75	92	22.0
75	93	22.0
75	94	36.0
75	95	39.0
75	96	22.0
75	97	18.0
75	98	26.0
75	99	27.0
75	100	11.0
75	101	11.0
75	102	14.0
75	103	10.0
75	104	17.0
75	105	25.0
75	106	27.0
75	107	38.0
75	108	24.0
75	109	35.0
75	110	25.0
75	111	21.0
75	112	24.0
75	113	21.0
75	114	23.0
75	115	23.0
75	116	34.0
75	117	32.0
75	118	22.0
75	119	25.0
75	120	21.0
75	121	25.0
75	122	27.0
76	77	116.0
76	78	149.0
76	79	57.0
76	80	84.0
76	81	98.0
76	82	79.0
76	83	64.0
76	84	67.0
76	85	73.0
76	86	39.0
76	87	29.0
76	88	33.0
76	89	29.0
76	90	40.0
76	91	35.0
76	92	22.0
76	93	35.0
76	94	38.0
76	95	35.0
76	96	28.0
76	97	20.0
76	98	12.0
76	99	18.0
76	100	20.0
76	101	17.0
76	102	17.0
76	103	11.0
76	104	18.0
76	105	23.0
76	106	20.0
76	107	22.0
76	108	27.0
76	109	15.0
76	110	27.0
76	111	18.0
76	112	11.0
76	113	21.0
76	114	21.0
76	115	20.0
76	116	26.0
76	117	38.0
76	118	31.0
76	119	19.0
76	120	26.0
76	121	20.0
76	122	26.0
77	78	92.0
77	79	52.0
77	80	50.0
77	81	116.0
77	82	80.0
77	83	64.0
77	84	70.0
77	85	49.0
77	86	38.0
77	87	29.0
77	88	22.0
77	89	30.0
77	90	48.0
77	91	45.0
77	92	24.0
77	93	29.0
77	94	30.0
77	95	37.0
77	96	22.0
77	97	27.0
77	98	30.0
77	99	32.0
77	100	20.0
77	101	22.0
77	102	15.0
77	103	12.0
77	104	16.0
77	105	29.0
77	106	28.0
77	107	24.0
77	108	33.0
77	109	18.0
77	110	25.0
77	111	21.0
77	112	21.0
77	113	16.0
77	114	16.0
77	115	30.0
77	116	36.0
77	117	32.0
77	118	15.0
77	119	21.0
77	120	19.0
77	121	20.0
77	122	23.0
78	79	74.0
78	80	148.0
78	81	140.0
78	82	133.0
78	83	77.0
78	84	118.0
78	85	129.0
78	86	62.0
78	87	24.0
78	88	37.0
78	89	49.0
78	90	48.0
78	91	35.0
78	92	34.0
78	93	37.0
78	94	36.0
78	95	41.0
78	96	29.0
78	97	31.0
78	98	34.0
78	99	28.0
78	100	20.0
78	101	25.0
78	102	21.0
78	103	16.0
78	104	19.0
78	105	25.0
78	106	23.0
78	107	23.0
78	108	22.0
78	109	30.0
78	110	20.0
78	111	15.0
78	112	21.0
78	113	19.0
78	114	22.0
78	115	21.0
78	116	32.0
78	117	33.0
78	118	22.0
78	119	23.0
78	120	24.0
78	121	18.0
78	122	19.0
79	80	161.0
79	81	53.0
79	82	59.0
79	83	66.0
79	84	60.0
79	85	98.0
79	86	63.0
79	87	33.0
79	88	24.0
79	89	37.0
79	90	41.0
79	91	40.0
79	92	39.0
79	93	39.0
79	94	40.0
79	95	32.0
79	96	34.0
79	97	27.0
79	98	18.0
79	99	27.0
79	100	24.0
79	101	15.0
79	102	9.0
79	103	14.0
79	104	19.0
79	105	18.0
79	106	16.0
79	107	24.0
79	108	23.0
79	109	16.0
79	110	15.0
79	111	13.0
79	112	12.0
79	113	11.0
79	114	15.0
79	115	15.0
79	116	23.0
79	117	12.0
79	118	29.0
79	119	22.0
79	120	22.0
79	121	16.0
79	122	16.0
80	81	67.0
80	82	126.0
80	83	77.0
80	84	109.0
80	85	163.0
80	86	77.0
80	87	32.0
80	88	43.0
80	89	53.0
80	90	60.0
80	91	39.0
80	92	37.0
80	93	37.0
80	94	46.0
80	95	32.0
80	96	24.0
80	97	22.0
80	98	21.0
80	99	21.0
80	100	23.0
80	101	23.0
80	102	21.0
80	103	12.0
80	104	25.0
80	105	14.0
80	106	32.0
80	107	28.0
80	108	25.0
80	109	19.0
80	110	19.0
80	111	13.0
80	112	26.0
80	113	14.0
80	114	23.0
80	115	22.0
80	116	23.0
80	117	21.0
80	118	19.0
80	119	20.0
80	120	18.0
80	121	23.0
80	122	24.0
81	82	91.0
81	83	107.0
81	84	149.0
81	85	77.0
81	86	69.0
81	87	32.0
81	88	36.0
81	89	43.0
81	90	59.0
81	91	54.0
81	92	24.0
81	93	40.0
81	94	41.0
81	95	45.0
81	96	34.0
81	97	20.0
81	98	28.0
81	99	30.0
81	100	21.0
81	101	19.0
81	102	16.0
81	103	23.0
81	104	29.0
81	105	25.0
81	106	33.0
81	107	26.0
81	108	32.0
81	109	26.0
81	110	29.0
81	111	21.0
81	112	23.0
81	113	29.0
81	114	32.0
81	115	33.0
81	116	42.0
81	117	37.0
81	118	31.0
81	119	40.0
81	120	27.0
81	121	28.0
81	122	21.0
82	83	213.0
82	84	269.0
82	85	208.0
82	86	110.0
82	87	40.0
82	88	26.0
82	89	70.0
82	90	70.0
82	91	54.0
82	92	41.0
82	93	44.0
82	94	42.0
82	95	41.0
82	96	41.0
82	97	26.0
82	98	20.0
82	99	25.0
82	100	26.0
82	101	30.0
82	102	14.0
82	103	18.0
82	104	18.0
82	105	32.0
82	106	32.0
82	107	26.0
82	108	21.0
82	109	25.0
82	110	32.0
82	111	28.0
82	112	14.0
82	113	19.0
82	114	21.0
82	115	27.0
82	116	33.0
82	117	26.0
82	118	25.0
82	119	20.0
82	120	15.0
82	121	22.0
82	122	16.0
83	84	147.0
83	85	228.0
83	86	157.0
83	87	47.0
83	88	51.0
83	89	92.0
83	90	79.0
83	91	41.0
83	92	45.0
83	93	46.0
83	94	53.0
83	95	44.0
83	96	38.0
83	97	27.0
83	98	26.0
83	99	29.0
83	100	38.0
83	101	30.0
83	102	15.0
83	103	18.0
83	104	19.0
83	105	20.0
83	106	29.0
83	107	30.0
83	108	40.0
83	109	23.0
83	110	32.0
83	111	18.0
83	112	24.0
83	113	30.0
83	114	29.0
83	115	28.0
83	116	23.0
83	117	24.0
83	118	19.0
83	119	26.0
83	120	26.0
83	121	25.0
83	122	26.0
84	85	145.0
84	86	87.0
84	87	40.0
84	88	35.0
84	89	66.0
84	90	101.0
84	91	62.0
84	92	53.0
84	93	50.0
84	94	49.0
84	95	41.0
84	96	36.0
84	97	23.0
84	98	30.0
84	99	26.0
84	100	33.0
84	101	18.0
84	102	20.0
84	103	25.0
84	104	16.0
84	105	28.0
84	106	28.0
84	107	34.0
84	108	27.0
84	109	20.0
84	110	24.0
84	111	23.0
84	112	22.0
84	113	32.0
84	114	31.0
84	115	29.0
84	116	39.0
84	117	27.0
84	118	30.0
84	119	25.0
84	120	29.0
84	121	35.0
84	122	20.0
85	86	124.0
85	87	29.0
85	88	39.0
85	89	74.0
85	90	62.0
85	91	53.0
85	92	35.0
85	93	51.0
85	94	51.0
85	95	37.0
85	96	39.0
85	97	31.0
85	98	22.0
85	99	36.0
85	100	30.0
85	101	24.0
85	102	21.0
85	103	19.0
85	104	12.0
85	105	29.0
85	106	26.0
85	107	32.0
85	108	29.0
85	109	26.0
85	110	26.0
85	111	10.0
85	112	25.0
85	113	19.0
85	114	19.0
85	115	17.0
85	116	37.0
85	117	24.0
85	118	17.0
85	119	26.0
85	120	26.0
85	121	18.0
85	122	18.0
86	87	69.0
86	88	54.0
86	89	207.0
86	90	70.0
86	91	65.0
86	92	58.0
86	93	72.0
86	94	60.0
86	95	48.0
86	96	46.0
86	97	28.0
86	98	27.0
86	99	31.0
86	100	28.0
86	101	21.0
86	102	24.0
86	103	24.0
86	104	19.0
86	105	23.0
86	106	20.0
86	107	23.0
86	108	18.0
86	109	23.0
86	110	18.0
86	111	10.0
86	112	12.0
86	113	15.0
86	114	20.0
86	115	31.0
86	116	27.0
86	117	27.0
86	118	26.0
86	119	23.0
86	120	22.0
86	121	23.0
86	122	21.0
87	88	432.0
87	89	69.0
87	90	32.0
87	91	35.0
87	92	48.0
87	93	45.0
87	94	47.0
87	95	36.0
87	96	33.0
87	97	33.0
87	98	30.0
87	99	17.0
87	100	24.0
87	101	21.0
87	102	12.0
87	103	24.0
87	104	16.0
87	105	16.0
87	106	24.0
87	107	22.0
87	108	19.0
87	109	16.0
87	110	15.0
87	111	18.0
87	112	14.0
87	113	14.0
87	114	19.0
87	115	17.0
87	116	20.0
87	117	16.0
87	118	14.0
87	119	19.0
87	120	19.0
87	121	10.0
87	122	10.0
88	89	68.0
88	90	36.0
88	91	33.0
88	92	43.0
88	93	42.0
88	94	34.0
88	95	42.0
88	96	35.0
88	97	19.0
88	98	27.0
88	99	31.0
88	100	19.0
88	101	21.0
88	102	12.0
88	103	17.0
88	104	11.0
88	105	16.0
88	106	20.0
88	107	22.0
88	108	19.0
88	109	16.0
88	110	17.0
88	111	17.0
88	112	16.0
88	113	14.0
88	114	19.0
88	115	14.0
88	116	25.0
88	117	12.0
88	118	21.0
88	119	15.0
88	120	13.0
88	121	24.0
88	122	11.0
89	90	81.0
89	91	66.0
89	92	56.0
89	93	84.0
89	94	51.0
89	95	52.0
89	96	48.0
89	97	36.0
89	98	28.0
89	99	45.0
89	100	34.0
89	101	18.0
89	102	14.0
89	103	10.0
89	104	23.0
89	105	22.0
89	106	21.0
89	107	23.0
89	108	22.0
89	109	27.0
89	110	31.0
89	111	15.0
89	112	7.0
89	113	29.0
89	114	21.0
89	115	30.0
89	116	30.0
89	117	21.0
89	118	18.0
89	119	17.0
89	120	27.0
89	121	25.0
89	122	16.0
90	91	147.0
90	92	64.0
90	93	111.0
90	94	117.0
90	95	71.0
90	96	51.0
90	97	36.0
90	98	55.0
90	99	48.0
90	100	49.0
90	101	38.0
90	102	18.0
90	103	16.0
90	104	21.0
90	105	33.0
90	106	44.0
90	107	33.0
90	108	28.0
90	109	30.0
90	110	25.0
90	111	23.0
90	112	30.0
90	113	23.0
90	114	11.0
90	115	40.0
90	116	32.0
90	117	41.0
90	118	24.0
90	119	28.0
90	120	20.0
90	121	28.0
90	122	22.0
91	92	72.0
91	93	101.0
91	94	95.0
91	95	65.0
91	96	50.0
91	97	39.0
91	98	65.0
91	99	75.0
91	100	59.0
91	101	21.0
91	102	24.0
91	103	24.0
91	104	24.0
91	105	39.0
91	106	29.0
91	107	26.0
91	108	30.0
91	109	37.0
91	110	39.0
91	111	30.0
91	112	25.0
91	113	17.0
91	114	37.0
91	115	48.0
91	116	41.0
91	117	39.0
91	118	36.0
91	119	30.0
91	120	27.0
91	121	30.0
91	122	21.0
92	93	204.0
92	94	100.0
92	95	119.0
92	96	170.0
92	97	55.0
92	98	51.0
92	99	61.0
92	100	50.0
92	101	34.0
92	102	24.0
92	103	21.0
92	104	30.0
92	105	27.0
92	106	31.0
92	107	21.0
92	108	26.0
92	109	28.0
92	110	27.0
92	111	26.0
92	112	21.0
92	113	26.0
92	114	22.0
92	115	25.0
92	116	28.0
92	117	27.0
92	118	35.0
92	119	35.0
92	120	19.0
92	121	14.0
92	122	18.0
93	94	140.0
93	95	121.0
93	96	96.0
93	97	53.0
93	98	57.0
93	99	70.0
93	100	50.0
93	101	31.0
93	102	32.0
93	103	26.0
93	104	27.0
93	105	34.0
93	106	46.0
93	107	34.0
93	108	41.0
93	109	26.0
93	110	21.0
93	111	25.0
93	112	19.0
93	113	30.0
93	114	25.0
93	115	25.0
93	116	30.0
93	117	32.0
93	118	31.0
93	119	20.0
93	120	26.0
93	121	29.0
93	122	12.0
94	95	168.0
94	96	92.0
94	97	43.0
94	98	45.0
94	99	85.0
94	100	70.0
94	101	34.0
94	102	27.0
94	103	21.0
94	104	24.0
94	105	25.0
94	106	40.0
94	107	36.0
94	108	33.0
94	109	31.0
94	110	21.0
94	111	24.0
94	112	22.0
94	113	33.0
94	114	23.0
94	115	30.0
94	116	35.0
94	117	37.0
94	118	40.0
94	119	31.0
94	120	19.0
94	121	15.0
94	122	19.0
95	96	162.0
95	97	60.0
95	98	67.0
95	99	85.0
95	100	62.0
95	101	40.0
95	102	26.0
95	103	28.0
95	104	29.0
95	105	31.0
95	106	43.0
95	107	40.0
95	108	34.0
95	109	34.0
95	110	28.0
95	111	24.0
95	112	24.0
95	113	24.0
95	114	35.0
95	115	33.0
95	116	24.0
95	117	22.0
95	118	22.0
95	119	25.0
95	120	25.0
95	121	22.0
95	122	23.0
96	97	105.0
96	98	82.0
96	99	84.0
96	100	53.0
96	101	38.0
96	102	21.0
96	103	25.0
96	104	29.0
96	105	28.0
96	106	37.0
96	107	38.0
96	108	28.0
96	109	22.0
96	110	22.0
96	111	21.0
96	112	24.0
96	113	26.0
96	114	24.0
96	115	23.0
96	116	24.0
96	117	19.0
96	118	24.0
96	119	32.0
96	120	17.0
96	121	18.0
96	122	22.0
97	98	76.0
97	99	63.0
97	100	70.0
97	101	45.0
97	102	22.0
97	103	36.0
97	104	29.0
97	105	32.0
97	106	30.0
97	107	34.0
97	108	25.0
97	109	23.0
97	110	23.0
97	111	21.0
97	112	20.0
97	113	16.0
97	114	20.0
97	115	20.0
97	116	20.0
97	117	34.0
97	118	21.0
97	119	16.0
97	120	14.0
97	121	14.0
97	122	20.0
98	99	212.0
98	100	136.0
98	101	50.0
98	102	28.0
98	103	40.0
98	104	42.0
98	105	43.0
98	106	57.0
98	107	33.0
98	108	37.0
98	109	34.0
98	110	35.0
98	111	31.0
98	112	26.0
98	113	33.0
98	114	29.0
98	115	42.0
98	116	26.0
98	117	23.0
98	118	37.0
98	119	30.0
98	120	26.0
98	121	25.0
98	122	14.0
99	100	140.0
99	101	53.0
99	102	38.0
99	103	27.0
99	104	42.0
99	105	49.0
99	106	61.0
99	107	40.0
99	108	30.0
99	109	44.0
99	110	41.0
99	111	33.0
99	112	28.0
99	113	23.0
99	114	36.0
99	115	32.0
99	116	27.0
99	117	31.0
99	118	34.0
99	119	18.0
99	120	16.0
99	121	27.0
99	122	23.0
100	101	69.0
100	102	45.0
100	103	39.0
100	104	60.0
100	105	56.0
100	106	75.0
100	107	61.0
100	108	43.0
100	109	43.0
100	110	40.0
100	111	37.0
100	112	45.0
100	113	32.0
100	114	30.0
100	115	34.0
100	116	30.0
100	117	26.0
100	118	50.0
100	119	28.0
100	120	29.0
100	121	36.0
100	122	25.0
101	102	78.0
101	103	56.0
101	104	77.0
101	105	57.0
101	106	77.0
101	107	100.0
101	108	36.0
101	109	47.0
101	110	26.0
101	111	47.0
101	112	47.0
101	113	60.0
101	114	42.0
101	115	32.0
101	116	23.0
101	117	33.0
101	118	64.0
101	119	41.0
101	120	32.0
101	121	31.0
101	122	36.0
102	103	156.0
102	104	86.0
102	105	35.0
102	106	45.0
102	107	49.0
102	108	24.0
102	109	28.0
102	110	30.0
102	111	43.0
102	112	29.0
102	113	43.0
102	114	33.0
102	115	21.0
102	116	20.0
102	117	15.0
102	118	38.0
102	119	40.0
102	120	34.0
102	121	29.0
102	122	35.0
103	104	84.0
103	105	33.0
103	106	34.0
103	107	43.0
103	108	29.0
103	109	21.0
103	110	31.0
103	111	47.0
103	112	46.0
103	113	47.0
103	114	35.0
103	115	27.0
103	116	20.0
103	117	15.0
103	118	23.0
103	119	30.0
103	120	24.0
103	121	25.0
103	122	21.0
104	105	72.0
104	106	71.0
104	107	61.0
104	108	43.0
104	109	49.0
104	110	52.0
104	111	82.0
104	112	70.0
104	113	65.0
104	114	39.0
104	115	34.0
104	116	29.0
104	117	41.0
104	118	32.0
104	119	37.0
104	120	26.0
104	121	35.0
104	122	33.0
105	106	110.0
105	107	82.0
105	108	104.0
105	109	182.0
105	110	117.0
105	111	92.0
105	112	80.0
105	113	44.0
105	114	102.0
105	115	61.0
105	116	45.0
105	117	72.0
105	118	66.0
105	119	42.0
105	120	31.0
105	121	49.0
105	122	35.0
106	107	186.0
106	108	84.0
106	109	96.0
106	110	63.0
106	111	49.0
106	112	69.0
106	113	59.0
106	114	63.0
106	115	43.0
106	116	41.0
106	117	44.0
106	118	60.0
106	119	47.0
106	120	33.0
106	121	44.0
106	122	30.0
107	108	60.0
107	109	74.0
107	110	50.0
107	111	52.0
107	112	75.0
107	113	66.0
107	114	90.0
107	115	54.0
107	116	41.0
107	117	54.0
107	118	115.0
107	119	53.0
107	120	54.0
107	121	56.0
107	122	41.0
108	109	229.0
108	110	149.0
108	111	68.0
108	112	49.0
108	113	63.0
108	114	87.0
108	115	128.0
108	116	71.0
108	117	120.0
108	118	92.0
108	119	40.0
108	120	28.0
108	121	60.0
108	122	27.0
109	110	231.0
109	111	87.0
109	112	68.0
109	113	71.0
109	114	142.0
109	115	96.0
109	116	54.0
109	117	78.0
109	118	85.0
109	119	41.0
109	120	40.0
109	121	66.0
109	122	54.0
110	111	58.0
110	112	56.0
110	113	43.0
110	114	87.0
110	115	121.0
110	116	59.0
110	117	90.0
110	118	65.0
110	119	32.0
110	120	42.0
110	121	50.0
110	122	41.0
111	112	194.0
111	113	89.0
111	114	82.0
111	115	31.0
111	116	33.0
111	117	39.0
111	118	65.0
111	119	54.0
111	120	35.0
111	121	59.0
111	122	33.0
112	113	131.0
112	114	67.0
112	115	47.0
112	116	38.0
112	117	43.0
112	118	63.0
112	119	63.0
112	120	32.0
112	121	57.0
112	122	48.0
113	114	100.0
113	115	34.0
113	116	36.0
113	117	46.0
113	118	86.0
113	119	61.0
113	120	64.0
113	121	54.0
113	122	62.0
114	115	55.0
114	116	38.0
114	117	50.0
114	118	181.0
114	119	53.0
114	120	68.0
114	121	130.0
114	122	70.0
115	116	107.0
115	117	151.0
115	118	55.0
115	119	29.0
115	120	30.0
115	121	38.0
115	122	29.0
116	117	131.0
116	118	45.0
116	119	22.0
116	120	26.0
116	121	53.0
116	122	26.0
117	118	59.0
117	119	23.0
117	120	33.0
117	121	62.0
117	122	28.0
118	119	70.0
118	120	70.0
118	121	102.0
118	122	69.0
119	120	118.0
119	121	52.0
119	122	102.0
120	121	96.0
120	122	205.0
121	122	88.0
