1	2	9.0
1	3	3.0
1	4	5.0
1	5	3.0
1	6	6.0
1	7	5.0
1	8	4.0
1	9	6.0
1	10	2.0
1	12	3.0
1	13	2.0
1	14	4.0
1	15	5.0
1	16	1.0
1	17	3.0
1	18	1.0
1	19	4.0
1	20	1.0
1	22	3.0
1	23	2.0
1	24	2.0
1	25	7.0
1	26	1.0
1	28	2.0
1	30	1.0
1	31	3.0
1	32	2.0
1	34	4.0
1	35	2.0
1	37	2.0
1	38	3.0
1	40	3.0
1	41	1.0
1	42	2.0
1	43	1.0
1	44	1.0
1	45	1.0
1	46	5.0
1	48	1.0
1	49	2.0
1	50	1.0
1	51	1.0
1	53	1.0
1	56	1.0
1	57	1.0
1	58	1.0
1	60	5.0
1	62	1.0
1	63	2.0
1	64	1.0
1	66	2.0
1	67	1.0
1	68	1.0
1	69	2.0
1	73	1.0
1	74	3.0
1	76	2.0
1	77	1.0
1	79	1.0
1	80	2.0
1	81	3.0
1	82	1.0
1	83	4.0
1	84	1.0
1	85	2.0
1	86	1.0
1	88	5.0
1	89	1.0
1	90	2.0
1	91	3.0
1	92	1.0
1	93	1.0
1	94	2.0
1	95	1.0
1	96	2.0
1	97	4.0
1	98	2.0
1	99	1.0
1	100	1.0
1	102	2.0
1	103	3.0
1	104	4.0
1	105	3.0
1	106	2.0
1	107	1.0
1	108	5.0
1	109	5.0
1	110	3.0
1	111	1.0
1	112	6.0
1	113	1.0
1	114	4.0
1	115	1.0
1	116	2.0
1	117	1.0
1	118	2.0
1	120	3.0
1	121	7.0
1	122	2.0
2	3	7.0
2	4	9.0
2	5	8.0
2	6	8.0
2	7	9.0
2	8	4.0
2	9	4.0
2	10	1.0
2	11	6.0
2	12	1.0
2	13	6.0
2	14	2.0
2	15	3.0
2	16	8.0
2	17	4.0
2	18	2.0
2	19	2.0
2	20	3.0
2	21	1.0
2	22	2.0
2	23	2.0
2	24	2.0
2	25	4.0
2	26	1.0
2	27	4.0
2	28	2.0
2	29	2.0
2	30	1.0
2	31	1.0
2	32	2.0
2	35	1.0
2	36	1.0
2	37	2.0
2	39	1.0
2	40	1.0
2	41	1.0
2	44	1.0
2	46	2.0
2	48	4.0
2	49	2.0
2	50	6.0
2	51	2.0
2	52	2.0
2	53	1.0
2	54	5.0
2	55	2.0
2	56	2.0
2	57	1.0
2	59	1.0
2	60	2.0
2	61	4.0
2	62	2.0
2	63	3.0
2	64	2.0
2	65	3.0
2	67	2.0
2	68	1.0
2	69	1.0
2	70	1.0
2	71	5.0
2	72	1.0
2	73	4.0
2	74	2.0
2	75	4.0
2	76	1.0
2	77	2.0
2	81	4.0
2	82	1.0
2	83	1.0
2	84	2.0
2	85	2.0
2	87	1.0
2	88	1.0
2	89	2.0
2	90	2.0
2	91	2.0
2	92	1.0
2	93	1.0
2	94	1.0
2	95	3.0
2	96	2.0
2	97	3.0
2	98	1.0
2	100	2.0
2	102	3.0
2	103	4.0
2	107	1.0
2	108	3.0
2	109	2.0
2	110	3.0
2	111	4.0
2	112	6.0
2	113	3.0
2	114	1.0
2	116	4.0
2	117	2.0
2	118	3.0
2	119	1.0
2	120	6.0
2	121	1.0
2	122	8.0
3	4	25.0
3	5	9.0
3	6	13.0
3	7	11.0
3	8	3.0
3	9	2.0
3	10	8.0
3	11	7.0
3	12	5.0
3	13	4.0
3	14	1.0
3	15	2.0
3	16	4.0
3	17	2.0
3	18	2.0
3	19	2.0
3	20	2.0
3	22	4.0
3	23	1.0
3	24	5.0
3	25	2.0
3	26	2.0
3	28	2.0
3	29	7.0
3	30	2.0
3	31	2.0
3	32	1.0
3	33	2.0
3	36	2.0
3	39	1.0
3	40	1.0
3	41	1.0
3	42	1.0
3	44	2.0
3	45	1.0
3	47	1.0
3	49	3.0
3	51	2.0
3	52	2.0
3	53	2.0
3	54	3.0
3	55	2.0
3	56	1.0
3	57	4.0
3	58	3.0
3	59	3.0
3	60	1.0
3	61	3.0
3	62	4.0
3	63	4.0
3	66	2.0
3	68	3.0
3	69	3.0
3	70	3.0
3	71	2.0
3	72	1.0
3	73	2.0
3	74	4.0
3	75	2.0
3	76	1.0
3	77	2.0
3	78	1.0
3	79	1.0
3	80	1.0
3	81	4.0
3	82	2.0
3	83	3.0
3	84	2.0
3	86	1.0
3	87	2.0
3	88	2.0
3	89	2.0
3	90	3.0
3	91	2.0
3	92	2.0
3	93	1.0
3	94	2.0
3	95	4.0
3	96	2.0
3	97	3.0
3	98	3.0
3	99	2.0
3	100	3.0
3	101	3.0
3	102	2.0
3	103	3.0
3	104	1.0
3	105	1.0
3	106	4.0
3	107	1.0
3	108	2.0
3	109	3.0
3	110	4.0
3	111	3.0
3	112	3.0
3	113	3.0
3	114	4.0
3	115	2.0
3	116	4.0
3	117	1.0
3	118	4.0
3	119	1.0
3	120	4.0
3	121	4.0
3	122	2.0
4	5	31.0
4	6	13.0
4	7	19.0
4	8	1.0
4	9	3.0
4	10	5.0
4	11	8.0
4	12	7.0
4	13	3.0
4	14	2.0
4	15	1.0
4	16	3.0
4	17	5.0
4	18	4.0
4	19	1.0
4	20	3.0
4	21	6.0
4	22	2.0
4	23	5.0
4	24	6.0
4	25	2.0
4	26	2.0
4	27	1.0
4	28	4.0
4	29	1.0
4	30	1.0
4	31	2.0
4	32	3.0
4	34	2.0
4	35	2.0
4	36	2.0
4	37	1.0
4	38	2.0
4	40	4.0
4	41	1.0
4	44	2.0
4	45	3.0
4	47	1.0
4	48	2.0
4	49	1.0
4	50	1.0
4	51	3.0
4	53	2.0
4	54	3.0
4	55	1.0
4	56	3.0
4	57	2.0
4	58	2.0
4	59	6.0
4	60	2.0
4	61	1.0
4	62	3.0
4	64	2.0
4	65	3.0
4	66	3.0
4	67	3.0
4	68	1.0
4	69	3.0
4	70	3.0
4	71	4.0
4	72	3.0
4	73	5.0
4	74	5.0
4	75	1.0
4	76	1.0
4	77	6.0
4	78	3.0
4	80	1.0
4	81	2.0
4	82	2.0
4	83	3.0
4	84	2.0
4	85	1.0
4	87	3.0
4	88	2.0
4	89	2.0
4	90	2.0
4	91	1.0
4	92	1.0
4	93	3.0
4	94	3.0
4	95	1.0
4	97	3.0
4	98	1.0
4	99	5.0
4	100	3.0
4	102	5.0
4	104	3.0
4	105	3.0
4	106	1.0
4	107	2.0
4	108	1.0
4	109	5.0
4	110	7.0
4	111	1.0
4	112	3.0
4	114	3.0
4	116	8.0
4	117	4.0
4	118	2.0
4	119	1.0
4	120	3.0
4	121	5.0
4	122	2.0
5	6	21.0
5	7	44.0
5	8	13.0
5	9	7.0
5	10	9.0
5	11	7.0
5	12	4.0
5	13	4.0
5	14	4.0
5	15	4.0
5	16	1.0
5	17	3.0
5	18	6.0
5	19	2.0
5	20	1.0
5	21	3.0
5	22	3.0
5	23	5.0
5	24	2.0
5	25	4.0
5	26	4.0
5	27	2.0
5	28	1.0
5	29	1.0
5	31	1.0
5	32	2.0
5	33	2.0
5	35	1.0
5	39	2.0
5	42	2.0
5	43	1.0
5	44	1.0
5	45	1.0
5	48	4.0
5	49	2.0
5	50	3.0
5	51	4.0
5	52	4.0
5	54	4.0
5	55	6.0
5	56	2.0
5	57	3.0
5	58	1.0
5	59	4.0
5	60	5.0
5	61	3.0
5	62	3.0
5	64	1.0
5	65	5.0
5	66	1.0
5	67	2.0
5	68	2.0
5	69	5.0
5	71	9.0
5	72	3.0
5	73	3.0
5	74	1.0
5	75	2.0
5	77	1.0
5	78	5.0
5	79	2.0
5	80	3.0
5	81	2.0
5	82	4.0
5	83	4.0
5	84	3.0
5	85	1.0
5	86	3.0
5	88	1.0
5	89	5.0
5	90	1.0
5	91	3.0
5	92	2.0
5	93	4.0
5	94	4.0
5	95	2.0
5	97	1.0
5	98	5.0
5	99	1.0
5	100	2.0
5	101	1.0
5	102	1.0
5	103	3.0
5	104	3.0
5	105	9.0
5	106	1.0
5	107	4.0
5	108	1.0
5	109	2.0
5	110	1.0
5	111	5.0
5	112	2.0
5	113	3.0
5	114	1.0
5	115	5.0
5	116	8.0
5	117	7.0
5	118	1.0
5	119	3.0
5	120	2.0
5	121	5.0
5	122	3.0
6	7	32.0
6	8	9.0
6	9	3.0
6	10	2.0
6	11	5.0
6	12	6.0
6	13	2.0
6	14	6.0
6	15	1.0
6	16	1.0
6	17	3.0
6	18	4.0
6	19	1.0
6	20	3.0
6	21	4.0
6	22	4.0
6	23	2.0
6	24	5.0
6	25	7.0
6	26	4.0
6	27	2.0
6	28	3.0
6	29	1.0
6	30	6.0
6	31	1.0
6	33	2.0
6	34	1.0
6	35	1.0
6	38	1.0
6	39	1.0
6	40	3.0
6	41	3.0
6	42	2.0
6	44	2.0
6	45	3.0
6	47	6.0
6	48	3.0
6	49	3.0
6	50	4.0
6	51	4.0
6	52	4.0
6	53	1.0
6	54	4.0
6	55	1.0
6	56	2.0
6	57	3.0
6	59	4.0
6	60	2.0
6	62	2.0
6	64	2.0
6	65	3.0
6	67	3.0
6	68	1.0
6	71	3.0
6	72	2.0
6	73	3.0
6	74	4.0
6	75	4.0
6	76	2.0
6	77	3.0
6	78	4.0
6	79	2.0
6	80	6.0
6	81	3.0
6	82	1.0
6	83	2.0
6	84	3.0
6	85	1.0
6	86	2.0
6	89	1.0
6	90	2.0
6	91	3.0
6	92	1.0
6	93	2.0
6	95	1.0
6	96	1.0
6	97	1.0
6	98	3.0
6	99	3.0
6	100	1.0
6	101	3.0
6	102	6.0
6	103	4.0
6	104	1.0
6	105	3.0
6	106	3.0
6	107	4.0
6	108	4.0
6	109	1.0
6	110	3.0
6	111	1.0
6	112	1.0
6	113	1.0
6	114	1.0
6	115	4.0
6	116	3.0
6	117	2.0
6	118	3.0
6	119	6.0
6	120	5.0
6	121	4.0
6	122	5.0
7	8	7.0
7	9	3.0
7	10	3.0
7	11	5.0
7	12	4.0
7	13	3.0
7	14	2.0
7	16	4.0
7	17	2.0
7	18	2.0
7	19	2.0
7	20	3.0
7	21	2.0
7	22	4.0
7	23	3.0
7	25	3.0
7	26	3.0
7	27	3.0
7	29	3.0
7	31	3.0
7	32	1.0
7	33	2.0
7	34	2.0
7	35	1.0
7	37	2.0
7	38	3.0
7	39	2.0
7	41	1.0
7	42	4.0
7	43	1.0
7	45	1.0
7	46	1.0
7	47	1.0
7	48	1.0
7	49	3.0
7	50	5.0
7	51	5.0
7	52	2.0
7	53	2.0
7	54	6.0
7	55	3.0
7	56	2.0
7	57	4.0
7	58	3.0
7	59	3.0
7	60	6.0
7	61	3.0
7	62	4.0
7	63	1.0
7	64	1.0
7	66	5.0
7	67	3.0
7	68	1.0
7	69	2.0
7	70	2.0
7	71	3.0
7	72	3.0
7	73	5.0
7	74	2.0
7	75	7.0
7	76	1.0
7	77	5.0
7	78	4.0
7	79	2.0
7	80	3.0
7	81	5.0
7	82	1.0
7	83	4.0
7	84	1.0
7	85	4.0
7	86	3.0
7	87	1.0
7	88	2.0
7	89	2.0
7	90	3.0
7	91	2.0
7	92	4.0
7	93	2.0
7	94	1.0
7	95	5.0
7	96	2.0
7	97	2.0
7	99	1.0
7	100	3.0
7	101	3.0
7	103	2.0
7	104	1.0
7	105	3.0
7	106	3.0
7	107	2.0
7	108	3.0
7	109	4.0
7	110	3.0
7	111	2.0
7	112	1.0
7	113	2.0
7	114	1.0
7	115	5.0
7	116	3.0
7	117	3.0
7	118	4.0
7	119	2.0
7	120	4.0
7	121	2.0
7	122	5.0
8	9	10.0
8	10	22.0
8	11	11.0
8	12	8.0
8	13	3.0
8	14	3.0
8	15	8.0
8	16	5.0
8	17	6.0
8	18	5.0
8	19	2.0
8	20	1.0
8	23	4.0
8	24	3.0
8	25	1.0
8	26	4.0
8	28	1.0
8	29	4.0
8	30	3.0
8	32	3.0
8	35	1.0
8	36	2.0
8	37	1.0
8	38	1.0
8	39	2.0
8	40	1.0
8	41	2.0
8	42	1.0
8	43	1.0
8	44	2.0
8	45	1.0
8	46	1.0
8	48	4.0
8	49	2.0
8	50	2.0
8	51	2.0
8	52	5.0
8	53	5.0
8	54	3.0
8	55	3.0
8	56	3.0
8	57	1.0
8	58	1.0
8	59	3.0
8	60	5.0
8	61	3.0
8	62	2.0
8	63	3.0
8	64	1.0
8	65	4.0
8	67	5.0
8	68	5.0
8	69	2.0
8	70	4.0
8	71	9.0
8	72	3.0
8	73	6.0
8	74	7.0
8	75	3.0
8	76	3.0
8	77	3.0
8	78	1.0
8	79	3.0
8	80	5.0
8	81	6.0
8	82	3.0
8	83	3.0
8	84	2.0
8	85	4.0
8	86	2.0
8	87	2.0
8	88	3.0
8	89	3.0
8	90	2.0
8	91	2.0
8	92	5.0
8	93	3.0
8	94	2.0
8	95	2.0
8	96	2.0
8	97	4.0
8	98	1.0
8	99	4.0
8	101	3.0
8	102	5.0
8	103	1.0
8	104	5.0
8	105	2.0
8	106	3.0
8	107	6.0
8	108	2.0
8	109	4.0
8	110	5.0
8	111	1.0
8	113	5.0
8	114	6.0
8	115	3.0
8	116	6.0
8	117	5.0
8	118	3.0
8	119	3.0
8	120	7.0
8	121	2.0
8	122	2.0
9	10	12.0
9	11	12.0
9	12	8.0
9	13	6.0
9	14	5.0
9	15	2.0
9	16	1.0
9	17	3.0
9	18	4.0
9	19	2.0
9	20	1.0
9	23	3.0
9	24	3.0
9	25	1.0
9	26	1.0
9	27	1.0
9	28	1.0
9	29	1.0
9	31	4.0
9	32	1.0
9	37	2.0
9	38	1.0
9	40	2.0
9	41	3.0
9	42	2.0
9	43	3.0
9	44	1.0
9	45	2.0
9	46	1.0
9	47	2.0
9	49	3.0
9	52	3.0
9	53	1.0
9	54	3.0
9	55	3.0
9	57	4.0
9	58	2.0
9	59	2.0
9	60	6.0
9	61	3.0
9	62	3.0
9	64	4.0
9	66	1.0
9	67	7.0
9	68	2.0
9	69	1.0
9	70	1.0
9	71	1.0
9	72	3.0
9	73	1.0
9	74	3.0
9	75	7.0
9	76	2.0
9	77	2.0
9	78	3.0
9	79	6.0
9	80	3.0
9	81	2.0
9	82	2.0
9	83	1.0
9	84	5.0
9	85	1.0
9	86	3.0
9	87	1.0
9	88	2.0
9	89	2.0
9	90	4.0
9	91	3.0
9	92	3.0
9	93	7.0
9	94	1.0
9	95	4.0
9	96	1.0
9	97	1.0
9	98	1.0
9	99	1.0
9	100	1.0
9	101	5.0
9	102	4.0
9	103	5.0
9	104	5.0
9	105	1.0
9	106	2.0
9	107	2.0
9	108	3.0
9	109	1.0
9	110	3.0
9	111	4.0
9	112	3.0
9	113	4.0
9	114	3.0
9	115	3.0
9	116	5.0
9	117	3.0
9	118	3.0
9	119	1.0
9	120	4.0
9	121	6.0
9	122	2.0
10	11	21.0
10	12	15.0
10	13	3.0
10	14	4.0
10	15	3.0
10	16	4.0
10	17	6.0
10	18	9.0
10	19	5.0
10	21	3.0
10	22	4.0
10	23	5.0
10	24	1.0
10	25	2.0
10	26	3.0
10	27	4.0
10	28	1.0
10	29	1.0
10	30	1.0
10	31	1.0
10	32	1.0
10	33	1.0
10	34	1.0
10	36	1.0
10	38	2.0
10	40	4.0
10	41	1.0
10	43	2.0
10	44	3.0
10	46	2.0
10	47	4.0
10	48	1.0
10	49	4.0
10	50	1.0
10	51	3.0
10	52	4.0
10	53	4.0
10	54	3.0
10	55	1.0
10	57	2.0
10	58	3.0
10	59	4.0
10	60	1.0
10	61	2.0
10	62	2.0
10	63	1.0
10	64	3.0
10	65	1.0
10	66	2.0
10	67	1.0
10	68	1.0
10	69	1.0
10	70	2.0
10	71	5.0
10	72	2.0
10	73	4.0
10	74	2.0
10	75	6.0
10	76	4.0
10	77	1.0
10	78	5.0
10	79	2.0
10	80	1.0
10	81	6.0
10	82	1.0
10	83	2.0
10	84	2.0
10	85	4.0
10	86	1.0
10	87	2.0
10	88	1.0
10	89	3.0
10	90	1.0
10	91	2.0
10	92	4.0
10	94	1.0
10	95	3.0
10	96	1.0
10	97	1.0
10	98	3.0
10	99	1.0
10	100	1.0
10	101	2.0
10	102	2.0
10	103	3.0
10	104	3.0
10	105	1.0
10	106	3.0
10	107	5.0
10	108	4.0
10	109	1.0
10	110	6.0
10	111	1.0
10	112	3.0
10	113	5.0
10	114	3.0
10	115	1.0
10	116	2.0
10	117	4.0
10	118	4.0
10	119	2.0
10	120	2.0
10	121	2.0
10	122	3.0
11	12	6.0
11	13	4.0
11	14	2.0
11	15	7.0
11	16	3.0
11	17	2.0
11	18	14.0
11	19	5.0
11	20	5.0
11	21	1.0
11	22	2.0
11	23	6.0
11	24	2.0
11	25	3.0
11	26	3.0
11	27	2.0
11	28	4.0
11	29	2.0
11	30	2.0
11	32	1.0
11	33	2.0
11	37	1.0
11	39	2.0
11	40	3.0
11	42	1.0
11	43	2.0
11	44	3.0
11	47	3.0
11	48	6.0
11	49	1.0
11	50	2.0
11	51	3.0
11	52	4.0
11	53	3.0
11	54	4.0
11	55	3.0
11	56	3.0
11	57	2.0
11	58	5.0
11	59	3.0
11	60	2.0
11	61	1.0
11	62	1.0
11	64	3.0
11	65	3.0
11	66	4.0
11	67	1.0
11	68	3.0
11	69	2.0
11	70	1.0
11	71	4.0
11	72	5.0
11	73	3.0
11	74	3.0
11	75	5.0
11	76	2.0
11	77	1.0
11	78	3.0
11	79	2.0
11	80	1.0
11	81	3.0
11	82	4.0
11	83	2.0
11	84	4.0
11	85	4.0
11	86	1.0
11	87	3.0
11	89	3.0
11	90	3.0
11	91	2.0
11	92	3.0
11	93	2.0
11	94	2.0
11	95	1.0
11	96	2.0
11	97	3.0
11	98	1.0
11	99	1.0
11	100	1.0
11	101	3.0
11	103	4.0
11	104	3.0
11	105	4.0
11	106	3.0
11	107	2.0
11	108	4.0
11	109	2.0
11	110	5.0
11	112	3.0
11	113	7.0
11	114	2.0
11	115	6.0
11	116	1.0
11	117	4.0
11	118	4.0
11	119	3.0
11	120	1.0
11	121	6.0
11	122	2.0
12	13	7.0
12	14	11.0
12	15	11.0
12	16	8.0
12	17	3.0
12	18	9.0
12	19	9.0
12	20	4.0
12	21	7.0
12	22	2.0
12	23	4.0
12	24	2.0
12	25	2.0
12	26	3.0
12	27	2.0
12	28	1.0
12	29	5.0
12	30	1.0
12	31	1.0
12	32	1.0
12	33	1.0
12	34	1.0
12	35	1.0
12	36	2.0
12	40	4.0
12	41	1.0
12	42	2.0
12	43	1.0
12	45	2.0
12	46	2.0
12	47	3.0
12	48	2.0
12	49	1.0
12	50	4.0
12	51	6.0
12	52	4.0
12	53	2.0
12	54	2.0
12	55	2.0
12	56	2.0
12	57	1.0
12	58	2.0
12	59	1.0
12	60	3.0
12	61	6.0
12	62	1.0
12	63	1.0
12	64	3.0
12	65	2.0
12	66	2.0
12	67	3.0
12	68	1.0
12	69	4.0
12	70	3.0
12	71	1.0
12	72	3.0
12	73	5.0
12	74	2.0
12	75	5.0
12	76	3.0
12	77	1.0
12	78	4.0
12	80	4.0
12	81	3.0
12	83	1.0
12	84	4.0
12	85	1.0
12	86	4.0
12	88	2.0
12	89	3.0
12	90	4.0
12	92	2.0
12	93	1.0
12	94	4.0
12	95	1.0
12	97	1.0
12	98	1.0
12	99	1.0
12	100	2.0
12	102	1.0
12	104	3.0
12	105	2.0
12	106	1.0
12	107	2.0
12	108	4.0
12	109	1.0
12	110	2.0
12	111	1.0
12	112	3.0
12	113	1.0
12	115	4.0
12	116	2.0
12	118	4.0
12	119	1.0
12	120	2.0
12	121	5.0
12	122	1.0
13	14	34.0
13	15	12.0
13	16	9.0
13	17	4.0
13	18	4.0
13	19	3.0
13	20	6.0
13	21	3.0
13	22	4.0
13	23	3.0
13	24	6.0
13	25	5.0
13	26	1.0
13	27	1.0
13	28	2.0
13	29	1.0
13	30	2.0
13	31	3.0
13	32	2.0
13	34	1.0
13	36	1.0
13	38	1.0
13	44	1.0
13	45	3.0
13	46	2.0
13	47	2.0
13	48	7.0
13	49	1.0
13	50	3.0
13	51	1.0
13	52	2.0
13	53	3.0
13	54	4.0
13	55	2.0
13	56	3.0
13	57	4.0
13	58	1.0
13	59	2.0
13	60	3.0
13	61	2.0
13	62	1.0
13	63	1.0
13	64	1.0
13	66	2.0
13	67	5.0
13	68	3.0
13	69	1.0
13	70	3.0
13	71	4.0
13	72	2.0
13	73	4.0
13	74	3.0
13	75	2.0
13	76	1.0
13	77	3.0
13	78	2.0
13	79	2.0
13	80	1.0
13	81	3.0
13	82	3.0
13	83	4.0
13	84	2.0
13	89	2.0
13	90	2.0
13	91	3.0
13	92	1.0
13	94	3.0
13	95	1.0
13	96	1.0
13	97	3.0
13	98	8.0
13	99	1.0
13	100	1.0
13	102	2.0
13	103	1.0
13	106	2.0
13	107	2.0
13	109	3.0
13	112	4.0
13	113	1.0
13	114	2.0
13	115	3.0
13	116	4.0
13	117	1.0
13	118	2.0
13	119	5.0
13	120	7.0
13	121	1.0
13	122	5.0
14	15	17.0
14	16	9.0
14	17	10.0
14	18	10.0
14	19	13.0
14	20	5.0
14	21	4.0
14	22	6.0
14	23	4.0
14	24	4.0
14	25	3.0
14	26	2.0
14	27	1.0
14	29	2.0
14	30	2.0
14	31	1.0
14	32	1.0
14	33	2.0
14	34	1.0
14	36	4.0
14	38	1.0
14	39	1.0
14	44	3.0
14	46	1.0
14	48	4.0
14	49	5.0
14	50	1.0
14	53	2.0
14	54	2.0
14	55	3.0
14	56	1.0
14	57	1.0
14	58	5.0
14	59	2.0
14	60	2.0
14	61	2.0
14	62	1.0
14	63	1.0
14	64	1.0
14	65	2.0
14	66	2.0
14	67	2.0
14	68	1.0
14	69	1.0
14	70	3.0
14	71	4.0
14	72	2.0
14	73	1.0
14	75	4.0
14	76	1.0
14	77	4.0
14	78	3.0
14	80	1.0
14	81	2.0
14	82	2.0
14	83	2.0
14	84	1.0
14	90	4.0
14	91	3.0
14	92	1.0
14	93	2.0
14	94	1.0
14	95	3.0
14	96	1.0
14	97	3.0
14	98	2.0
14	99	1.0
14	100	2.0
14	101	1.0
14	102	4.0
14	103	3.0
14	104	3.0
14	106	2.0
14	109	1.0
14	110	3.0
14	112	3.0
14	113	3.0
14	114	5.0
14	115	1.0
14	116	3.0
14	117	3.0
14	118	3.0
14	119	1.0
14	120	3.0
14	121	4.0
14	122	10.0
15	16	9.0
15	17	12.0
15	18	3.0
15	19	9.0
15	20	7.0
15	21	4.0
15	22	2.0
15	23	5.0
15	24	2.0
15	25	3.0
15	26	4.0
15	27	1.0
15	29	4.0
15	30	2.0
15	31	1.0
15	32	1.0
15	33	2.0
15	34	4.0
15	35	1.0
15	36	2.0
15	39	1.0
15	40	1.0
15	42	2.0
15	44	2.0
15	45	2.0
15	46	1.0
15	47	1.0
15	48	5.0
15	49	4.0
15	52	5.0
15	53	5.0
15	54	1.0
15	55	4.0
15	56	2.0
15	57	3.0
15	58	4.0
15	59	1.0
15	61	4.0
15	64	1.0
15	67	4.0
15	68	1.0
15	69	2.0
15	70	2.0
15	71	3.0
15	72	2.0
15	73	1.0
15	74	2.0
15	75	3.0
15	76	1.0
15	77	2.0
15	78	4.0
15	79	3.0
15	81	6.0
15	82	2.0
15	83	2.0
15	84	1.0
15	85	2.0
15	86	2.0
15	87	1.0
15	89	1.0
15	91	1.0
15	92	1.0
15	93	1.0
15	95	3.0
15	97	1.0
15	98	1.0
15	99	5.0
15	101	1.0
15	102	2.0
15	103	2.0
15	104	1.0
15	105	4.0
15	106	2.0
15	107	1.0
15	108	5.0
15	110	3.0
15	111	3.0
15	112	1.0
15	114	1.0
15	117	3.0
15	118	2.0
15	119	4.0
15	120	1.0
15	121	2.0
15	122	1.0
16	17	50.0
16	18	25.0
16	19	21.0
16	20	12.0
16	21	7.0
16	22	3.0
16	23	9.0
16	24	4.0
16	25	4.0
16	26	4.0
16	27	3.0
16	28	4.0
16	29	4.0
16	30	4.0
16	31	1.0
16	32	4.0
16	33	3.0
16	34	2.0
16	36	1.0
16	37	1.0
16	38	1.0
16	41	1.0
16	42	4.0
16	43	1.0
16	44	2.0
16	45	3.0
16	46	1.0
16	47	2.0
16	48	2.0
16	49	4.0
16	50	4.0
16	51	4.0
16	52	4.0
16	53	4.0
16	54	7.0
16	55	3.0
16	56	2.0
16	57	6.0
16	58	1.0
16	59	2.0
16	60	1.0
16	61	3.0
16	62	3.0
16	63	2.0
16	64	4.0
16	65	4.0
16	66	3.0
16	67	3.0
16	68	1.0
16	69	6.0
16	70	4.0
16	71	1.0
16	73	4.0
16	74	2.0
16	75	1.0
16	76	3.0
16	77	4.0
16	78	2.0
16	79	2.0
16	80	3.0
16	81	4.0
16	82	2.0
16	83	2.0
16	84	1.0
16	85	2.0
16	88	1.0
16	89	1.0
16	90	4.0
16	91	1.0
16	93	2.0
16	94	1.0
16	95	1.0
16	96	1.0
16	97	3.0
16	98	1.0
16	100	2.0
16	101	1.0
16	103	4.0
16	104	1.0
16	105	2.0
16	106	1.0
16	107	4.0
16	108	4.0
16	109	3.0
16	110	2.0
16	111	1.0
16	112	1.0
16	113	1.0
16	114	4.0
16	115	5.0
16	117	3.0
16	118	3.0
16	119	6.0
16	120	3.0
16	121	5.0
16	122	2.0
17	18	39.0
17	19	31.0
17	20	15.0
17	21	8.0
17	22	4.0
17	23	8.0
17	24	6.0
17	25	9.0
17	26	3.0
17	27	2.0
17	28	3.0
17	29	2.0
17	30	1.0
17	31	4.0
17	33	2.0
17	35	1.0
17	36	1.0
17	37	1.0
17	39	1.0
17	40	1.0
17	41	2.0
17	42	2.0
17	44	1.0
17	45	1.0
17	46	3.0
17	47	2.0
17	49	5.0
17	50	4.0
17	51	2.0
17	52	4.0
17	53	3.0
17	54	6.0
17	55	3.0
17	56	3.0
17	57	2.0
17	58	3.0
17	59	4.0
17	60	2.0
17	61	5.0
17	62	1.0
17	63	1.0
17	64	4.0
17	65	2.0
17	66	4.0
17	67	4.0
17	69	2.0
17	70	2.0
17	71	3.0
17	72	2.0
17	73	3.0
17	74	4.0
17	75	4.0
17	76	1.0
17	77	3.0
17	78	1.0
17	79	1.0
17	80	3.0
17	83	3.0
17	84	5.0
17	85	3.0
17	86	3.0
17	87	1.0
17	88	1.0
17	89	3.0
17	90	1.0
17	91	4.0
17	93	4.0
17	94	1.0
17	95	1.0
17	96	1.0
17	97	2.0
17	98	2.0
17	100	1.0
17	101	5.0
17	104	2.0
17	105	2.0
17	106	4.0
17	107	1.0
17	108	2.0
17	109	4.0
17	110	1.0
17	111	3.0
17	112	4.0
17	113	3.0
17	114	1.0
17	115	5.0
17	116	1.0
17	117	2.0
17	118	2.0
17	119	3.0
17	120	6.0
17	121	3.0
17	122	4.0
18	19	13.0
18	20	16.0
18	21	6.0
18	22	6.0
18	23	4.0
18	24	4.0
18	25	3.0
18	26	1.0
18	27	3.0
18	28	4.0
18	29	4.0
18	30	6.0
18	31	3.0
18	32	5.0
18	33	1.0
18	34	1.0
18	36	2.0
18	39	2.0
18	40	4.0
18	41	2.0
18	42	2.0
18	43	3.0
18	44	2.0
18	46	4.0
18	47	2.0
18	48	5.0
18	49	4.0
18	50	6.0
18	51	7.0
18	52	10.0
18	53	7.0
18	54	2.0
18	55	2.0
18	56	1.0
18	57	3.0
18	58	4.0
18	59	1.0
18	60	1.0
18	61	3.0
18	62	1.0
18	64	4.0
18	65	1.0
18	66	1.0
18	67	1.0
18	68	3.0
18	69	3.0
18	70	2.0
18	71	2.0
18	72	4.0
18	73	4.0
18	74	3.0
18	75	1.0
18	76	3.0
18	77	2.0
18	78	4.0
18	79	1.0
18	83	1.0
18	84	1.0
18	85	5.0
18	86	3.0
18	87	1.0
18	88	3.0
18	89	1.0
18	90	2.0
18	91	1.0
18	92	4.0
18	93	2.0
18	94	2.0
18	95	1.0
18	96	2.0
18	97	2.0
18	99	2.0
18	101	2.0
18	102	1.0
18	103	1.0
18	104	3.0
18	106	4.0
18	107	2.0
18	109	1.0
18	110	1.0
18	111	4.0
18	112	1.0
18	113	3.0
18	114	2.0
18	115	4.0
18	116	4.0
18	117	1.0
18	118	4.0
18	119	1.0
18	120	3.0
18	121	6.0
19	20	12.0
19	21	11.0
19	22	5.0
19	23	6.0
19	24	4.0
19	25	4.0
19	26	4.0
19	27	5.0
19	28	1.0
19	29	1.0
19	30	2.0
19	31	3.0
19	32	6.0
19	35	1.0
19	36	1.0
19	39	2.0
19	40	2.0
19	41	2.0
19	42	2.0
19	44	3.0
19	45	1.0
19	46	3.0
19	47	2.0
19	48	3.0
19	49	6.0
19	50	4.0
19	51	4.0
19	52	1.0
19	54	1.0
19	55	3.0
19	57	5.0
19	58	5.0
19	59	4.0
19	60	2.0
19	61	4.0
19	62	4.0
19	63	1.0
19	65	2.0
19	66	3.0
19	67	4.0
19	68	3.0
19	69	4.0
19	70	6.0
19	71	3.0
19	72	2.0
19	73	1.0
19	74	5.0
19	75	2.0
19	76	5.0
19	77	1.0
19	78	2.0
19	79	1.0
19	81	2.0
19	82	3.0
19	83	2.0
19	84	1.0
19	85	2.0
19	86	3.0
19	87	3.0
19	88	1.0
19	89	3.0
19	91	3.0
19	93	1.0
19	94	1.0
19	95	1.0
19	96	3.0
19	97	4.0
19	98	1.0
19	99	2.0
19	100	1.0
19	101	4.0
19	102	1.0
19	103	2.0
19	104	2.0
19	105	3.0
19	106	1.0
19	107	2.0
19	108	1.0
19	109	2.0
19	110	1.0
19	111	4.0
19	112	1.0
19	113	2.0
19	114	1.0
19	115	2.0
19	116	2.0
19	118	3.0
19	119	2.0
19	120	3.0
19	122	3.0
20	21	24.0
20	22	15.0
20	23	10.0
20	24	11.0
20	25	3.0
20	26	6.0
20	27	2.0
20	28	4.0
20	29	1.0
20	30	1.0
20	31	4.0
20	33	2.0
20	34	1.0
20	35	1.0
20	37	1.0
20	38	3.0
20	40	1.0
20	41	2.0
20	44	2.0
20	45	3.0
20	46	1.0
20	47	7.0
20	48	2.0
20	49	6.0
20	50	7.0
20	51	4.0
20	52	7.0
20	53	6.0
20	54	3.0
20	55	1.0
20	56	7.0
20	57	5.0
20	58	2.0
20	59	2.0
20	60	3.0
20	61	6.0
20	62	3.0
20	63	2.0
20	64	3.0
20	65	2.0
20	67	2.0
20	68	1.0
20	69	2.0
20	70	3.0
20	71	3.0
20	72	2.0
20	74	3.0
20	75	1.0
20	76	2.0
20	77	4.0
20	79	4.0
20	80	2.0
20	83	2.0
20	84	3.0
20	85	1.0
20	86	2.0
20	87	1.0
20	88	2.0
20	89	2.0
20	90	2.0
20	93	2.0
20	94	6.0
20	95	1.0
20	96	1.0
20	98	2.0
20	99	6.0
20	100	1.0
20	101	1.0
20	103	1.0
20	104	2.0
20	105	1.0
20	106	1.0
20	107	4.0
20	108	4.0
20	109	2.0
20	110	1.0
20	111	1.0
20	112	4.0
20	113	3.0
20	114	2.0
20	116	3.0
20	117	2.0
20	118	3.0
20	120	2.0
20	121	2.0
21	22	11.0
21	23	9.0
21	24	10.0
21	25	4.0
21	26	3.0
21	27	2.0
21	28	5.0
21	29	4.0
21	30	2.0
21	33	1.0
21	34	1.0
21	36	4.0
21	37	2.0
21	38	1.0
21	39	1.0
21	41	2.0
21	42	1.0
21	43	1.0
21	44	3.0
21	45	4.0
21	46	1.0
21	47	2.0
21	48	4.0
21	49	6.0
21	50	3.0
21	51	4.0
21	52	2.0
21	53	4.0
21	54	8.0
21	55	3.0
21	56	6.0
21	57	6.0
21	58	3.0
21	59	1.0
21	60	5.0
21	61	4.0
21	62	2.0
21	63	2.0
21	64	5.0
21	66	1.0
21	67	3.0
21	68	2.0
21	69	4.0
21	70	1.0
21	71	2.0
21	73	3.0
21	74	3.0
21	75	5.0
21	77	1.0
21	79	2.0
21	80	3.0
21	81	1.0
21	82	5.0
21	83	2.0
21	84	1.0
21	86	2.0
21	88	1.0
21	89	3.0
21	90	1.0
21	91	1.0
21	92	1.0
21	93	1.0
21	94	1.0
21	95	2.0
21	98	1.0
21	99	1.0
21	100	2.0
21	101	3.0
21	102	1.0
21	103	1.0
21	104	1.0
21	105	2.0
21	106	3.0
21	107	2.0
21	108	1.0
21	109	1.0
21	110	1.0
21	112	1.0
21	113	4.0
21	115	3.0
21	116	2.0
21	119	4.0
21	120	2.0
21	121	5.0
21	122	2.0
22	23	23.0
22	24	23.0
22	25	4.0
22	26	7.0
22	27	8.0
22	28	8.0
22	29	1.0
22	30	5.0
22	31	4.0
22	33	1.0
22	35	1.0
22	36	2.0
22	37	1.0
22	39	3.0
22	40	1.0
22	41	3.0
22	42	1.0
22	43	1.0
22	44	1.0
22	46	4.0
22	47	4.0
22	48	4.0
22	49	6.0
22	50	6.0
22	51	4.0
22	52	3.0
22	53	4.0
22	54	4.0
22	55	5.0
22	56	4.0
22	57	1.0
22	58	3.0
22	59	1.0
22	60	1.0
22	61	4.0
22	62	1.0
22	63	2.0
22	64	1.0
22	65	1.0
22	66	1.0
22	67	2.0
22	70	2.0
22	71	1.0
22	72	1.0
22	74	1.0
22	75	2.0
22	76	1.0
22	77	2.0
22	80	1.0
22	81	2.0
22	82	1.0
22	83	3.0
22	84	1.0
22	85	2.0
22	86	5.0
22	88	3.0
22	89	4.0
22	90	2.0
22	91	1.0
22	93	1.0
22	94	1.0
22	95	1.0
22	96	1.0
22	97	1.0
22	98	1.0
22	99	1.0
22	100	1.0
22	101	2.0
22	102	5.0
22	104	1.0
22	105	1.0
22	106	1.0
22	107	2.0
22	108	1.0
22	109	1.0
22	110	1.0
22	111	2.0
22	112	2.0
22	114	4.0
22	115	3.0
22	116	1.0
22	119	3.0
22	120	2.0
22	121	1.0
22	122	1.0
23	24	20.0
23	25	9.0
23	26	3.0
23	27	1.0
23	28	5.0
23	29	3.0
23	30	7.0
23	31	2.0
23	33	3.0
23	35	1.0
23	37	3.0
23	38	1.0
23	39	1.0
23	40	1.0
23	41	1.0
23	42	2.0
23	43	3.0
23	44	1.0
23	45	3.0
23	46	4.0
23	47	6.0
23	48	2.0
23	49	1.0
23	50	4.0
23	51	4.0
23	52	1.0
23	53	6.0
23	54	2.0
23	56	1.0
23	57	5.0
23	58	2.0
23	59	5.0
23	60	3.0
23	61	1.0
23	63	2.0
23	64	1.0
23	65	3.0
23	67	2.0
23	68	1.0
23	69	4.0
23	70	1.0
23	71	2.0
23	72	2.0
23	73	2.0
23	74	3.0
23	75	2.0
23	76	3.0
23	77	2.0
23	78	3.0
23	79	2.0
23	80	1.0
23	81	1.0
23	82	2.0
23	84	2.0
23	87	1.0
23	89	2.0
23	90	4.0
23	91	3.0
23	92	1.0
23	93	3.0
23	94	1.0
23	97	1.0
23	98	1.0
23	99	1.0
23	101	1.0
23	102	2.0
23	104	1.0
23	105	3.0
23	106	2.0
23	107	2.0
23	108	5.0
23	109	2.0
23	110	4.0
23	111	1.0
23	112	3.0
23	113	2.0
23	114	2.0
23	115	1.0
23	117	3.0
23	118	4.0
23	120	2.0
23	122	4.0
24	25	11.0
24	26	2.0
24	27	5.0
24	28	3.0
24	29	3.0
24	30	4.0
24	31	4.0
24	32	1.0
24	33	1.0
24	34	2.0
24	37	1.0
24	38	1.0
24	39	1.0
24	40	4.0
24	41	4.0
24	42	1.0
24	43	5.0
24	44	1.0
24	45	1.0
24	47	4.0
24	48	7.0
24	49	5.0
24	50	6.0
24	51	5.0
24	52	6.0
24	53	6.0
24	54	3.0
24	55	7.0
24	56	3.0
24	57	3.0
24	58	2.0
24	59	2.0
24	60	1.0
24	61	4.0
24	62	1.0
24	63	1.0
24	64	1.0
24	65	2.0
24	66	4.0
24	67	3.0
24	68	1.0
24	69	1.0
24	70	1.0
24	71	1.0
24	72	1.0
24	74	4.0
24	75	1.0
24	76	1.0
24	77	3.0
24	78	1.0
24	79	2.0
24	80	2.0
24	81	1.0
24	82	3.0
24	83	2.0
24	84	2.0
24	86	3.0
24	88	3.0
24	89	2.0
24	91	2.0
24	92	1.0
24	95	2.0
24	96	1.0
24	97	2.0
24	98	2.0
24	99	1.0
24	101	2.0
24	102	2.0
24	103	2.0
24	104	1.0
24	105	2.0
24	106	2.0
24	107	1.0
24	108	4.0
24	109	1.0
24	110	1.0
24	111	3.0
24	112	1.0
24	113	3.0
24	114	3.0
24	115	2.0
24	116	3.0
24	117	1.0
24	118	2.0
24	119	1.0
24	120	3.0
24	121	3.0
24	122	1.0
25	26	11.0
25	27	8.0
25	28	5.0
25	29	9.0
25	30	6.0
25	31	6.0
25	32	2.0
25	34	1.0
25	35	2.0
25	36	2.0
25	37	2.0
25	38	3.0
25	39	4.0
25	40	4.0
25	41	4.0
25	42	6.0
25	44	4.0
25	46	5.0
25	47	2.0
25	48	8.0
25	49	6.0
25	50	2.0
25	51	4.0
25	52	5.0
25	53	1.0
25	54	3.0
25	55	3.0
25	56	5.0
25	57	5.0
25	58	2.0
25	59	2.0
25	60	2.0
25	61	2.0
25	62	1.0
25	63	2.0
25	64	3.0
25	65	3.0
25	66	2.0
25	67	6.0
25	68	1.0
25	71	2.0
25	73	1.0
25	74	1.0
25	76	2.0
25	77	2.0
25	78	1.0
25	79	1.0
25	80	1.0
25	81	1.0
25	82	2.0
25	83	1.0
25	84	2.0
25	85	2.0
25	87	3.0
25	90	1.0
25	91	2.0
25	92	1.0
25	95	2.0
25	97	2.0
25	99	1.0
25	100	1.0
25	101	2.0
25	102	2.0
25	104	2.0
25	105	1.0
25	106	3.0
25	107	1.0
25	108	3.0
25	109	2.0
25	110	2.0
25	111	1.0
25	113	1.0
25	114	4.0
25	116	2.0
25	117	1.0
25	118	1.0
25	119	1.0
25	120	2.0
25	121	2.0
25	122	1.0
26	27	10.0
26	28	7.0
26	29	7.0
26	30	7.0
26	31	5.0
26	32	4.0
26	33	3.0
26	34	2.0
26	35	1.0
26	36	2.0
26	37	5.0
26	38	3.0
26	39	1.0
26	40	3.0
26	41	6.0
26	42	1.0
26	43	2.0
26	44	8.0
26	45	6.0
26	46	3.0
26	47	6.0
26	48	12.0
26	49	4.0
26	50	3.0
26	51	14.0
26	52	8.0
26	53	5.0
26	54	5.0
26	55	5.0
26	56	5.0
26	57	3.0
26	58	3.0
26	59	2.0
26	61	5.0
26	62	1.0
26	63	1.0
26	64	6.0
26	65	3.0
26	66	3.0
26	67	8.0
26	68	4.0
26	69	2.0
26	70	3.0
26	72	1.0
26	73	2.0
26	75	2.0
26	76	3.0
26	78	1.0
26	79	1.0
26	80	3.0
26	81	1.0
26	82	1.0
26	83	2.0
26	85	2.0
26	86	1.0
26	87	1.0
26	88	1.0
26	89	4.0
26	91	2.0
26	92	3.0
26	95	3.0
26	96	1.0
26	98	1.0
26	99	2.0
26	100	3.0
26	101	1.0
26	102	1.0
26	104	2.0
26	105	2.0
26	108	2.0
26	109	4.0
26	111	2.0
26	113	3.0
26	114	1.0
26	115	1.0
26	116	2.0
26	117	4.0
26	118	2.0
26	119	2.0
26	121	2.0
27	28	12.0
27	29	8.0
27	30	4.0
27	31	6.0
27	32	2.0
27	33	1.0
27	35	3.0
27	36	3.0
27	38	1.0
27	39	4.0
27	40	3.0
27	41	5.0
27	42	5.0
27	43	2.0
27	44	3.0
27	45	6.0
27	46	2.0
27	47	8.0
27	48	6.0
27	49	7.0
27	50	2.0
27	51	7.0
27	52	4.0
27	53	9.0
27	54	2.0
27	55	4.0
27	56	4.0
27	57	1.0
27	58	1.0
27	59	2.0
27	60	2.0
27	61	3.0
27	62	2.0
27	63	4.0
27	64	2.0
27	65	2.0
27	66	3.0
27	67	3.0
27	68	5.0
27	69	1.0
27	70	1.0
27	71	5.0
27	72	1.0
27	73	2.0
27	74	1.0
27	76	3.0
27	77	3.0
27	78	1.0
27	80	1.0
27	81	1.0
27	83	2.0
27	84	3.0
27	85	3.0
27	86	3.0
27	87	1.0
27	89	2.0
27	91	2.0
27	93	3.0
27	94	1.0
27	95	2.0
27	96	2.0
27	97	1.0
27	98	5.0
27	100	3.0
27	101	1.0
27	105	3.0
27	106	1.0
27	108	2.0
27	109	2.0
27	110	2.0
27	111	2.0
27	112	3.0
27	117	1.0
27	119	2.0
27	120	1.0
28	29	19.0
28	30	6.0
28	31	4.0
28	32	2.0
28	33	1.0
28	34	3.0
28	35	1.0
28	36	1.0
28	37	2.0
28	38	6.0
28	39	4.0
28	40	4.0
28	41	7.0
28	42	2.0
28	43	8.0
28	44	1.0
28	45	3.0
28	47	5.0
28	48	2.0
28	49	2.0
28	50	4.0
28	51	4.0
28	52	2.0
28	53	7.0
28	54	3.0
28	55	1.0
28	56	4.0
28	57	3.0
28	58	2.0
28	59	4.0
28	60	3.0
28	61	3.0
28	62	3.0
28	63	1.0
28	64	3.0
28	66	5.0
28	67	4.0
28	68	6.0
28	70	2.0
28	71	1.0
28	72	1.0
28	74	2.0
28	75	5.0
28	77	3.0
28	78	1.0
28	79	1.0
28	81	2.0
28	82	2.0
28	83	2.0
28	84	3.0
28	86	6.0
28	87	2.0
28	88	1.0
28	89	1.0
28	90	1.0
28	91	1.0
28	93	3.0
28	94	2.0
28	95	2.0
28	96	3.0
28	97	1.0
28	98	2.0
28	100	2.0
28	102	2.0
28	104	2.0
28	105	2.0
28	107	2.0
28	108	1.0
28	109	2.0
28	111	2.0
28	112	4.0
28	115	2.0
28	116	2.0
28	118	1.0
28	119	1.0
28	121	5.0
28	122	2.0
29	30	18.0
29	31	3.0
29	32	1.0
29	33	4.0
29	34	7.0
29	35	2.0
29	36	1.0
29	37	3.0
29	38	2.0
29	39	4.0
29	40	4.0
29	41	7.0
29	42	6.0
29	43	1.0
29	46	2.0
29	47	2.0
29	49	7.0
29	51	3.0
29	52	6.0
29	53	2.0
29	54	5.0
29	55	1.0
29	56	1.0
29	57	3.0
29	58	1.0
29	59	1.0
29	60	2.0
29	61	2.0
29	62	1.0
29	63	1.0
29	65	2.0
29	67	3.0
29	68	1.0
29	69	1.0
29	70	2.0
29	71	3.0
29	73	2.0
29	74	1.0
29	76	2.0
29	77	2.0
29	78	2.0
29	79	1.0
29	80	1.0
29	83	4.0
29	84	1.0
29	86	2.0
29	90	3.0
29	91	2.0
29	92	2.0
29	93	1.0
29	94	1.0
29	95	2.0
29	97	1.0
29	98	3.0
29	100	1.0
29	101	1.0
29	102	1.0
29	104	3.0
29	107	1.0
29	108	1.0
29	109	1.0
29	110	1.0
29	111	2.0
29	112	1.0
29	113	2.0
29	114	2.0
29	117	2.0
29	118	1.0
29	119	2.0
29	120	2.0
29	121	1.0
29	122	1.0
30	31	9.0
30	32	2.0
30	33	3.0
30	34	4.0
30	35	5.0
30	36	2.0
30	37	3.0
30	38	2.0
30	39	5.0
30	40	4.0
30	41	6.0
30	42	6.0
30	43	1.0
30	45	3.0
30	46	1.0
30	48	1.0
30	49	2.0
30	50	3.0
30	51	8.0
30	52	3.0
30	53	3.0
30	54	1.0
30	55	1.0
30	56	1.0
30	57	2.0
30	58	3.0
30	59	3.0
30	61	1.0
30	62	2.0
30	63	1.0
30	64	4.0
30	66	2.0
30	67	1.0
30	68	1.0
30	69	3.0
30	71	1.0
30	72	1.0
30	73	1.0
30	77	1.0
30	78	1.0
30	79	3.0
30	80	2.0
30	83	4.0
30	84	2.0
30	85	1.0
30	86	1.0
30	87	3.0
30	88	1.0
30	90	2.0
30	91	2.0
30	92	2.0
30	95	2.0
30	97	1.0
30	98	1.0
30	100	1.0
30	102	1.0
30	103	1.0
30	106	1.0
30	107	7.0
30	109	2.0
30	111	1.0
30	113	1.0
30	114	2.0
30	117	1.0
30	118	2.0
30	119	4.0
30	120	2.0
30	122	3.0
31	32	14.0
31	33	4.0
31	34	3.0
31	35	2.0
31	36	3.0
31	37	3.0
31	38	5.0
31	39	4.0
31	40	5.0
31	41	6.0
31	42	5.0
31	43	4.0
31	44	1.0
31	45	2.0
31	46	3.0
31	47	3.0
31	48	2.0
31	49	3.0
31	51	1.0
31	52	3.0
31	53	3.0
31	54	2.0
31	56	3.0
31	58	1.0
31	60	1.0
31	62	2.0
31	63	2.0
31	64	2.0
31	67	4.0
31	68	1.0
31	71	3.0
31	72	2.0
31	73	2.0
31	75	2.0
31	76	3.0
31	77	1.0
31	78	1.0
31	79	1.0
31	80	1.0
31	81	3.0
31	83	1.0
31	84	1.0
31	85	2.0
31	86	1.0
31	93	1.0
31	94	1.0
31	95	1.0
31	96	2.0
31	99	2.0
31	100	2.0
31	101	1.0
31	103	4.0
31	104	3.0
31	105	1.0
31	107	1.0
31	110	2.0
31	111	1.0
31	114	1.0
31	116	2.0
31	117	4.0
31	119	2.0
31	120	1.0
31	121	2.0
31	122	2.0
32	33	11.0
32	34	8.0
32	35	1.0
32	37	2.0
32	38	8.0
32	39	15.0
32	40	4.0
32	41	5.0
32	42	5.0
32	43	3.0
32	44	4.0
32	48	1.0
32	49	2.0
32	50	3.0
32	53	3.0
32	54	3.0
32	55	2.0
32	56	2.0
32	57	3.0
32	58	1.0
32	60	3.0
32	63	2.0
32	64	2.0
32	65	2.0
32	66	2.0
32	68	1.0
32	69	2.0
32	71	1.0
32	72	2.0
32	73	1.0
32	75	1.0
32	77	1.0
32	78	2.0
32	79	1.0
32	80	1.0
32	81	2.0
32	84	1.0
32	85	2.0
32	87	1.0
32	88	1.0
32	90	1.0
32	93	1.0
32	94	1.0
32	95	1.0
32	97	2.0
32	101	1.0
32	102	2.0
32	106	1.0
32	107	1.0
32	109	1.0
32	110	2.0
32	111	2.0
32	112	2.0
32	114	3.0
32	116	2.0
32	117	1.0
32	118	1.0
32	119	1.0
32	120	2.0
32	121	2.0
32	122	1.0
33	34	9.0
33	35	3.0
33	36	6.0
33	37	1.0
33	38	42.0
33	39	8.0
33	40	4.0
33	41	4.0
33	42	6.0
33	43	5.0
33	44	3.0
33	45	1.0
33	46	2.0
33	47	1.0
33	48	2.0
33	49	3.0
33	50	2.0
33	52	2.0
33	54	1.0
33	55	1.0
33	56	3.0
33	57	1.0
33	58	2.0
33	59	1.0
33	60	4.0
33	61	2.0
33	63	1.0
33	66	2.0
33	67	1.0
33	69	2.0
33	70	2.0
33	71	2.0
33	72	1.0
33	74	1.0
33	75	2.0
33	76	1.0
33	77	2.0
33	78	1.0
33	80	1.0
33	81	2.0
33	82	2.0
33	85	2.0
33	86	1.0
33	88	1.0
33	90	1.0
33	91	2.0
33	93	2.0
33	94	1.0
33	95	2.0
33	97	1.0
33	98	1.0
33	99	1.0
33	100	1.0
33	101	4.0
33	102	1.0
33	103	1.0
33	104	1.0
33	105	1.0
33	109	1.0
33	110	1.0
33	112	1.0
33	114	2.0
33	115	1.0
33	116	2.0
33	117	1.0
33	119	2.0
33	121	1.0
33	122	1.0
34	35	13.0
34	36	7.0
34	37	58.0
34	38	12.0
34	39	3.0
34	40	5.0
34	41	4.0
34	42	3.0
34	43	3.0
34	44	2.0
34	45	2.0
34	46	2.0
34	47	1.0
34	48	3.0
34	49	2.0
34	51	2.0
34	52	2.0
34	54	2.0
34	55	2.0
34	56	1.0
34	57	1.0
34	58	1.0
34	62	1.0
34	64	1.0
34	65	1.0
34	68	1.0
34	70	1.0
34	71	1.0
34	72	1.0
34	76	1.0
34	77	1.0
34	78	2.0
34	83	2.0
34	84	1.0
34	85	2.0
34	86	2.0
34	89	2.0
34	90	1.0
34	92	2.0
34	93	1.0
34	94	2.0
34	96	2.0
34	98	3.0
34	102	1.0
34	103	1.0
34	105	3.0
34	106	3.0
34	109	1.0
34	110	2.0
34	111	1.0
34	112	1.0
34	114	3.0
34	115	2.0
34	117	2.0
34	118	1.0
34	119	1.0
34	121	1.0
34	122	2.0
35	36	57.0
35	37	13.0
35	38	1.0
35	39	1.0
35	40	6.0
35	41	1.0
35	42	4.0
35	43	2.0
35	44	2.0
35	47	2.0
35	48	3.0
35	50	1.0
35	51	2.0
35	52	2.0
35	54	1.0
35	56	3.0
35	57	2.0
35	58	2.0
35	59	1.0
35	61	2.0
35	63	1.0
35	64	1.0
35	66	1.0
35	68	4.0
35	69	2.0
35	70	1.0
35	73	2.0
35	74	2.0
35	82	1.0
35	84	2.0
35	85	1.0
35	90	2.0
35	91	1.0
35	92	2.0
35	101	2.0
35	102	2.0
35	104	1.0
35	106	1.0
35	107	1.0
35	108	1.0
35	109	2.0
35	111	1.0
35	113	1.0
35	114	2.0
35	115	1.0
35	116	1.0
35	119	1.0
36	37	8.0
36	38	2.0
36	39	4.0
36	40	1.0
36	41	3.0
36	42	1.0
36	43	3.0
36	45	1.0
36	46	1.0
36	47	3.0
36	48	3.0
36	49	2.0
36	50	1.0
36	51	2.0
36	52	3.0
36	53	2.0
36	54	1.0
36	55	3.0
36	56	2.0
36	57	3.0
36	59	1.0
36	60	2.0
36	61	2.0
36	66	3.0
36	67	1.0
36	69	2.0
36	71	1.0
36	72	2.0
36	73	1.0
36	74	2.0
36	76	2.0
36	83	1.0
36	84	1.0
36	86	1.0
36	87	1.0
36	88	1.0
36	92	4.0
36	93	2.0
36	97	1.0
36	98	1.0
36	104	5.0
36	105	3.0
36	107	1.0
36	108	2.0
36	109	1.0
36	110	1.0
36	111	2.0
36	112	1.0
36	113	1.0
36	114	1.0
36	115	1.0
36	116	2.0
37	38	10.0
37	39	3.0
37	40	4.0
37	41	2.0
37	42	5.0
37	43	1.0
37	44	2.0
37	45	3.0
37	48	1.0
37	52	2.0
37	53	1.0
37	54	1.0
37	55	2.0
37	56	2.0
37	57	2.0
37	61	2.0
37	64	1.0
37	65	1.0
37	66	1.0
37	67	2.0
37	68	1.0
37	71	1.0
37	72	1.0
37	73	1.0
37	75	2.0
37	76	1.0
37	78	3.0
37	79	2.0
37	80	1.0
37	81	1.0
37	82	2.0
37	86	2.0
37	89	2.0
37	91	2.0
37	94	1.0
37	95	1.0
37	98	2.0
37	99	1.0
37	101	1.0
37	104	1.0
37	106	1.0
37	110	1.0
37	112	2.0
37	113	1.0
37	114	2.0
37	115	3.0
37	116	2.0
37	120	1.0
38	39	11.0
38	40	5.0
38	41	3.0
38	42	2.0
38	46	1.0
38	47	3.0
38	48	1.0
38	49	2.0
38	51	1.0
38	52	2.0
38	53	3.0
38	56	2.0
38	58	1.0
38	60	1.0
38	61	1.0
38	62	2.0
38	64	1.0
38	65	1.0
38	66	4.0
38	67	1.0
38	68	1.0
38	69	6.0
38	71	1.0
38	73	1.0
38	76	1.0
38	77	2.0
38	78	3.0
38	79	1.0
38	84	1.0
38	85	1.0
38	86	2.0
38	87	3.0
38	88	1.0
38	89	1.0
38	90	1.0
38	91	2.0
38	92	1.0
38	93	1.0
38	95	1.0
38	97	1.0
38	99	1.0
38	103	3.0
38	104	1.0
38	112	1.0
38	113	1.0
38	115	3.0
38	116	3.0
38	117	2.0
38	118	3.0
38	119	1.0
38	120	1.0
38	121	2.0
38	122	2.0
39	40	6.0
39	41	7.0
39	43	4.0
39	44	3.0
39	45	2.0
39	46	1.0
39	47	1.0
39	48	1.0
39	50	1.0
39	51	2.0
39	52	1.0
39	54	1.0
39	55	2.0
39	56	5.0
39	57	2.0
39	59	4.0
39	60	2.0
39	61	3.0
39	62	1.0
39	63	1.0
39	64	1.0
39	66	1.0
39	68	1.0
39	69	1.0
39	70	2.0
39	71	1.0
39	73	1.0
39	74	2.0
39	75	1.0
39	76	2.0
39	78	3.0
39	79	1.0
39	80	2.0
39	81	2.0
39	82	1.0
39	83	3.0
39	84	2.0
39	85	4.0
39	87	1.0
39	90	1.0
39	92	2.0
39	93	1.0
39	94	2.0
39	95	1.0
39	96	1.0
39	98	1.0
39	99	1.0
39	100	2.0
39	104	2.0
39	105	1.0
39	106	1.0
39	107	1.0
39	109	1.0
39	110	1.0
39	111	1.0
39	112	4.0
39	113	1.0
39	114	2.0
39	115	1.0
39	116	4.0
39	118	1.0
39	119	2.0
39	120	1.0
39	122	2.0
40	41	13.0
40	42	4.0
40	43	6.0
40	44	2.0
40	45	1.0
40	46	3.0
40	47	1.0
40	48	2.0
40	49	2.0
40	50	1.0
40	51	2.0
40	52	4.0
40	53	3.0
40	54	1.0
40	55	2.0
40	56	5.0
40	57	2.0
40	59	3.0
40	60	1.0
40	61	1.0
40	63	3.0
40	64	3.0
40	65	1.0
40	66	1.0
40	67	3.0
40	68	3.0
40	69	2.0
40	71	3.0
40	72	1.0
40	73	3.0
40	78	1.0
40	79	2.0
40	80	2.0
40	82	1.0
40	83	3.0
40	84	1.0
40	85	1.0
40	86	1.0
40	87	2.0
40	88	3.0
40	89	1.0
40	90	1.0
40	93	1.0
40	94	1.0
40	98	1.0
40	99	1.0
40	100	2.0
40	101	1.0
40	102	4.0
40	103	1.0
40	104	1.0
40	105	1.0
40	106	2.0
40	108	1.0
40	111	2.0
40	113	3.0
40	114	2.0
40	115	1.0
40	116	2.0
40	117	1.0
40	119	2.0
41	42	10.0
41	43	6.0
41	44	7.0
41	45	1.0
41	46	2.0
41	47	5.0
41	48	1.0
41	49	5.0
41	50	1.0
41	51	8.0
41	52	4.0
41	53	3.0
41	54	2.0
41	55	3.0
41	58	2.0
41	59	2.0
41	60	4.0
41	62	3.0
41	64	4.0
41	65	2.0
41	66	1.0
41	67	3.0
41	69	1.0
41	70	1.0
41	71	1.0
41	72	1.0
41	73	2.0
41	76	3.0
41	80	3.0
41	83	1.0
41	84	1.0
41	88	1.0
41	90	1.0
41	93	1.0
41	95	1.0
41	96	1.0
41	98	3.0
41	99	2.0
41	103	1.0
41	104	2.0
41	105	2.0
41	107	2.0
41	108	1.0
41	110	2.0
41	111	2.0
41	112	3.0
41	113	1.0
41	115	1.0
41	116	1.0
41	117	2.0
41	120	4.0
41	121	1.0
42	43	11.0
42	44	5.0
42	45	4.0
42	46	3.0
42	47	4.0
42	48	4.0
42	49	3.0
42	50	4.0
42	51	2.0
42	52	3.0
42	53	1.0
42	54	1.0
42	55	1.0
42	56	1.0
42	57	1.0
42	58	2.0
42	60	1.0
42	61	1.0
42	62	3.0
42	63	1.0
42	64	2.0
42	65	2.0
42	68	1.0
42	69	1.0
42	70	2.0
42	71	1.0
42	74	4.0
42	75	4.0
42	80	1.0
42	81	2.0
42	82	1.0
42	84	1.0
42	87	3.0
42	88	4.0
42	89	2.0
42	90	1.0
42	93	3.0
42	96	2.0
42	97	1.0
42	98	1.0
42	101	2.0
42	102	1.0
42	104	2.0
42	105	1.0
42	107	1.0
42	108	3.0
42	111	1.0
42	112	1.0
42	115	3.0
42	117	1.0
42	119	1.0
42	120	2.0
42	121	4.0
43	44	6.0
43	45	7.0
43	46	1.0
43	47	2.0
43	48	1.0
43	50	2.0
43	51	7.0
43	53	1.0
43	54	1.0
43	55	3.0
43	57	2.0
43	58	4.0
43	60	2.0
43	61	1.0
43	62	2.0
43	63	3.0
43	64	3.0
43	66	1.0
43	67	1.0
43	73	2.0
43	74	1.0
43	75	2.0
43	76	3.0
43	77	1.0
43	78	2.0
43	79	2.0
43	80	1.0
43	83	4.0
43	84	1.0
43	85	1.0
43	88	1.0
43	89	2.0
43	90	1.0
43	92	1.0
43	94	2.0
43	95	1.0
43	96	3.0
43	98	1.0
43	99	2.0
43	102	1.0
43	104	1.0
43	108	1.0
43	109	2.0
43	110	1.0
43	111	1.0
43	112	2.0
43	113	2.0
43	114	1.0
43	116	3.0
43	119	1.0
43	120	1.0
43	121	2.0
44	45	3.0
44	46	2.0
44	47	4.0
44	48	3.0
44	49	5.0
44	50	2.0
44	51	2.0
44	52	2.0
44	53	3.0
44	54	1.0
44	55	3.0
44	56	1.0
44	58	3.0
44	59	3.0
44	60	1.0
44	61	2.0
44	62	1.0
44	63	4.0
44	64	1.0
44	65	4.0
44	66	2.0
44	68	1.0
44	69	3.0
44	70	1.0
44	72	3.0
44	73	1.0
44	74	1.0
44	75	2.0
44	77	1.0
44	78	1.0
44	84	1.0
44	85	2.0
44	86	3.0
44	87	1.0
44	88	3.0
44	91	1.0
44	93	1.0
44	94	1.0
44	95	1.0
44	96	1.0
44	97	2.0
44	99	1.0
44	100	1.0
44	101	1.0
44	103	1.0
44	104	1.0
44	105	2.0
44	108	1.0
44	109	1.0
44	110	2.0
44	111	2.0
44	114	1.0
44	115	1.0
44	116	2.0
44	117	3.0
44	118	3.0
45	46	8.0
45	47	5.0
45	48	5.0
45	49	1.0
45	50	2.0
45	51	3.0
45	52	2.0
45	53	3.0
45	55	2.0
45	56	5.0
45	59	2.0
45	60	1.0
45	61	4.0
45	62	6.0
45	63	5.0
45	64	3.0
45	65	4.0
45	66	4.0
45	67	1.0
45	68	3.0
45	69	3.0
45	70	2.0
45	71	3.0
45	72	1.0
45	74	2.0
45	75	3.0
45	76	4.0
45	77	1.0
45	79	1.0
45	80	2.0
45	81	2.0
45	82	1.0
45	83	2.0
45	84	2.0
45	85	1.0
45	86	1.0
45	87	2.0
45	88	1.0
45	90	2.0
45	91	3.0
45	92	2.0
45	93	1.0
45	95	2.0
45	96	1.0
45	99	4.0
45	100	1.0
45	104	2.0
45	105	3.0
45	107	2.0
45	108	1.0
45	109	4.0
45	110	1.0
45	113	2.0
45	116	1.0
45	117	1.0
45	120	1.0
45	121	1.0
46	47	10.0
46	48	6.0
46	49	3.0
46	50	3.0
46	51	3.0
46	52	9.0
46	53	4.0
46	54	5.0
46	55	3.0
46	56	9.0
46	57	4.0
46	58	7.0
46	59	3.0
46	60	2.0
46	61	2.0
46	62	4.0
46	63	2.0
46	64	3.0
46	65	2.0
46	66	5.0
46	67	5.0
46	68	3.0
46	69	2.0
46	70	2.0
46	71	3.0
46	72	2.0
46	73	2.0
46	74	3.0
46	75	2.0
46	77	2.0
46	78	3.0
46	79	3.0
46	81	2.0
46	82	4.0
46	84	3.0
46	85	2.0
46	86	1.0
46	87	1.0
46	88	2.0
46	89	2.0
46	91	2.0
46	92	1.0
46	93	2.0
46	94	1.0
46	95	1.0
46	96	1.0
46	97	1.0
46	98	1.0
46	99	1.0
46	100	1.0
46	101	2.0
46	103	1.0
46	104	1.0
46	105	2.0
46	106	1.0
46	107	2.0
46	108	2.0
46	109	1.0
46	110	1.0
46	111	1.0
46	115	1.0
46	117	2.0
46	118	4.0
46	119	2.0
46	120	1.0
46	121	2.0
46	122	1.0
47	48	7.0
47	49	2.0
47	50	2.0
47	51	4.0
47	52	4.0
47	53	5.0
47	54	7.0
47	55	5.0
47	56	5.0
47	57	4.0
47	58	2.0
47	59	4.0
47	60	3.0
47	61	3.0
47	62	5.0
47	63	3.0
47	64	2.0
47	65	4.0
47	66	2.0
47	67	2.0
47	68	1.0
47	69	4.0
47	70	7.0
47	71	1.0
47	72	2.0
47	73	2.0
47	76	4.0
47	79	1.0
47	81	1.0
47	82	4.0
47	83	1.0
47	84	1.0
47	86	2.0
47	87	3.0
47	88	1.0
47	89	5.0
47	90	1.0
47	91	3.0
47	92	6.0
47	93	1.0
47	94	1.0
47	95	2.0
47	96	2.0
47	97	1.0
47	98	2.0
47	99	3.0
47	103	1.0
47	105	3.0
47	106	1.0
47	107	3.0
47	108	2.0
47	110	1.0
47	112	3.0
47	114	2.0
47	115	1.0
47	116	2.0
47	118	1.0
47	119	2.0
47	120	1.0
47	121	1.0
47	122	3.0
48	49	8.0
48	50	5.0
48	51	16.0
48	52	8.0
48	53	9.0
48	54	3.0
48	55	5.0
48	56	7.0
48	57	4.0
48	58	7.0
48	60	1.0
48	61	7.0
48	62	2.0
48	65	4.0
48	66	1.0
48	67	2.0
48	68	3.0
48	69	5.0
48	70	4.0
48	71	2.0
48	72	4.0
48	73	5.0
48	74	2.0
48	75	1.0
48	76	1.0
48	77	1.0
48	78	2.0
48	79	1.0
48	80	4.0
48	82	1.0
48	86	3.0
48	88	1.0
48	91	3.0
48	93	1.0
48	94	2.0
48	95	2.0
48	96	1.0
48	97	2.0
48	98	1.0
48	100	3.0
48	101	1.0
48	102	1.0
48	103	1.0
48	105	1.0
48	106	1.0
48	107	3.0
48	109	3.0
48	110	4.0
48	111	1.0
48	112	1.0
48	113	1.0
48	114	1.0
48	115	4.0
48	116	2.0
48	117	1.0
48	118	3.0
48	121	1.0
49	50	16.0
49	51	16.0
49	52	10.0
49	53	4.0
49	54	6.0
49	55	7.0
49	56	4.0
49	57	3.0
49	58	1.0
49	59	6.0
49	60	7.0
49	61	3.0
49	62	3.0
49	63	4.0
49	64	7.0
49	65	2.0
49	66	3.0
49	67	4.0
49	68	4.0
49	69	1.0
49	70	4.0
49	71	2.0
49	72	3.0
49	73	4.0
49	74	4.0
49	75	2.0
49	76	4.0
49	77	2.0
49	78	1.0
49	80	3.0
49	81	2.0
49	82	1.0
49	83	4.0
49	84	2.0
49	86	1.0
49	87	1.0
49	88	3.0
49	89	3.0
49	90	1.0
49	91	3.0
49	92	2.0
49	93	2.0
49	94	1.0
49	95	2.0
49	96	2.0
49	97	1.0
49	99	1.0
49	100	1.0
49	102	1.0
49	103	1.0
49	105	1.0
49	106	3.0
49	107	2.0
49	108	2.0
49	109	1.0
49	110	2.0
49	111	1.0
49	112	4.0
49	113	2.0
49	114	1.0
49	115	2.0
49	116	1.0
49	117	3.0
49	119	1.0
49	120	3.0
49	121	1.0
49	122	2.0
50	51	10.0
50	52	4.0
50	53	4.0
50	54	5.0
50	55	3.0
50	56	4.0
50	57	8.0
50	58	3.0
50	59	5.0
50	60	2.0
50	61	4.0
50	62	6.0
50	63	3.0
50	64	2.0
50	65	3.0
50	66	2.0
50	67	8.0
50	68	2.0
50	69	4.0
50	70	3.0
50	71	3.0
50	72	2.0
50	73	3.0
50	74	3.0
50	75	2.0
50	76	3.0
50	77	2.0
50	78	3.0
50	79	1.0
50	80	3.0
50	81	2.0
50	82	1.0
50	83	3.0
50	84	3.0
50	85	1.0
50	86	1.0
50	87	6.0
50	88	1.0
50	89	2.0
50	90	2.0
50	91	2.0
50	92	3.0
50	93	1.0
50	94	3.0
50	97	2.0
50	98	1.0
50	100	2.0
50	101	2.0
50	102	1.0
50	103	2.0
50	106	1.0
50	107	2.0
50	108	3.0
50	109	6.0
50	110	4.0
50	111	1.0
50	112	2.0
50	113	1.0
50	114	2.0
50	115	1.0
50	116	2.0
50	118	2.0
50	120	1.0
50	121	3.0
50	122	1.0
51	52	14.0
51	53	9.0
51	54	2.0
51	55	1.0
51	56	5.0
51	57	11.0
51	58	4.0
51	59	8.0
51	60	5.0
51	61	2.0
51	62	4.0
51	63	1.0
51	64	5.0
51	65	4.0
51	66	4.0
51	67	2.0
51	68	2.0
51	70	4.0
51	71	6.0
51	72	4.0
51	73	3.0
51	76	2.0
51	77	2.0
51	78	1.0
51	79	1.0
51	80	4.0
51	81	1.0
51	82	2.0
51	85	2.0
51	86	2.0
51	87	2.0
51	89	2.0
51	91	3.0
51	93	1.0
51	97	1.0
51	98	3.0
51	99	3.0
51	101	4.0
51	102	1.0
51	105	1.0
51	106	1.0
51	107	1.0
51	108	2.0
51	109	1.0
51	110	3.0
51	111	2.0
51	112	2.0
51	115	1.0
51	116	3.0
51	117	2.0
51	118	4.0
51	119	2.0
51	120	2.0
51	121	2.0
52	53	10.0
52	54	9.0
52	55	4.0
52	56	3.0
52	57	8.0
52	58	3.0
52	59	7.0
52	60	4.0
52	61	4.0
52	62	1.0
52	63	6.0
52	64	7.0
52	65	1.0
52	66	3.0
52	67	5.0
52	68	2.0
52	69	4.0
52	70	3.0
52	71	4.0
52	72	1.0
52	73	7.0
52	74	1.0
52	75	1.0
52	76	4.0
52	77	5.0
52	78	3.0
52	79	3.0
52	80	2.0
52	81	3.0
52	82	3.0
52	83	1.0
52	84	1.0
52	85	3.0
52	86	2.0
52	87	3.0
52	89	1.0
52	90	2.0
52	91	1.0
52	92	2.0
52	93	1.0
52	95	1.0
52	96	4.0
52	97	1.0
52	98	2.0
52	99	1.0
52	100	3.0
52	101	2.0
52	102	2.0
52	103	2.0
52	104	1.0
52	105	1.0
52	107	1.0
52	108	2.0
52	109	2.0
52	110	3.0
52	111	3.0
52	112	1.0
52	114	4.0
52	115	2.0
52	116	5.0
52	117	2.0
52	118	3.0
52	119	3.0
52	120	3.0
52	121	1.0
52	122	1.0
53	54	14.0
53	55	8.0
53	56	7.0
53	57	6.0
53	58	5.0
53	59	6.0
53	60	3.0
53	61	5.0
53	62	4.0
53	63	1.0
53	64	6.0
53	65	1.0
53	66	5.0
53	69	4.0
53	70	7.0
53	71	3.0
53	72	1.0
53	73	1.0
53	74	1.0
53	75	1.0
53	76	3.0
53	77	4.0
53	78	1.0
53	79	2.0
53	80	4.0
53	81	1.0
53	82	5.0
53	84	1.0
53	85	6.0
53	86	2.0
53	88	4.0
53	89	5.0
53	90	1.0
53	91	1.0
53	92	3.0
53	93	1.0
53	94	1.0
53	95	1.0
53	96	2.0
53	97	1.0
53	98	1.0
53	99	2.0
53	100	2.0
53	102	1.0
53	103	3.0
53	106	2.0
53	107	1.0
53	110	2.0
53	111	1.0
53	112	1.0
53	113	2.0
53	114	4.0
53	115	1.0
53	116	3.0
53	117	2.0
53	118	5.0
53	120	2.0
53	121	1.0
53	122	1.0
54	55	15.0
54	56	7.0
54	57	12.0
54	58	12.0
54	59	9.0
54	60	8.0
54	61	5.0
54	62	7.0
54	63	2.0
54	64	5.0
54	65	3.0
54	66	5.0
54	67	2.0
54	68	5.0
54	69	8.0
54	70	7.0
54	71	2.0
54	72	1.0
54	73	4.0
54	74	4.0
54	75	1.0
54	76	2.0
54	77	1.0
54	78	4.0
54	79	4.0
54	82	2.0
54	83	3.0
54	84	2.0
54	85	3.0
54	86	2.0
54	87	2.0
54	88	4.0
54	90	2.0
54	91	3.0
54	92	1.0
54	93	2.0
54	94	7.0
54	95	2.0
54	96	1.0
54	97	1.0
54	98	2.0
54	100	1.0
54	101	1.0
54	102	1.0
54	103	2.0
54	106	3.0
54	107	1.0
54	109	2.0
54	110	1.0
54	111	3.0
54	112	2.0
54	113	1.0
54	114	2.0
54	116	2.0
54	118	1.0
54	119	2.0
54	120	5.0
54	121	1.0
54	122	2.0
55	56	53.0
55	57	10.0
55	58	14.0
55	59	1.0
55	60	5.0
55	61	9.0
55	62	5.0
55	63	7.0
55	64	1.0
55	65	6.0
55	66	9.0
55	67	1.0
55	68	4.0
55	69	5.0
55	70	8.0
55	71	3.0
55	72	2.0
55	73	2.0
55	74	2.0
55	75	1.0
55	76	6.0
55	77	1.0
55	78	5.0
55	79	2.0
55	80	2.0
55	81	4.0
55	82	1.0
55	83	2.0
55	84	3.0
55	85	3.0
55	86	4.0
55	87	1.0
55	88	2.0
55	89	3.0
55	90	1.0
55	91	5.0
55	93	2.0
55	94	3.0
55	95	5.0
55	96	3.0
55	97	1.0
55	98	1.0
55	100	1.0
55	104	2.0
55	105	2.0
55	106	2.0
55	107	2.0
55	108	1.0
55	109	1.0
55	110	2.0
55	112	2.0
55	113	1.0
55	114	4.0
55	115	4.0
55	116	1.0
55	117	1.0
55	118	3.0
55	119	2.0
55	120	1.0
55	121	1.0
56	57	5.0
56	58	12.0
56	59	4.0
56	60	8.0
56	61	7.0
56	62	12.0
56	63	6.0
56	64	7.0
56	65	5.0
56	66	6.0
56	67	2.0
56	68	5.0
56	69	1.0
56	70	1.0
56	72	2.0
56	73	3.0
56	74	5.0
56	75	3.0
56	76	2.0
56	77	2.0
56	78	3.0
56	79	4.0
56	80	3.0
56	81	4.0
56	82	2.0
56	83	1.0
56	84	1.0
56	85	1.0
56	86	2.0
56	87	2.0
56	88	1.0
56	89	3.0
56	90	3.0
56	91	1.0
56	92	2.0
56	93	3.0
56	94	2.0
56	95	1.0
56	96	4.0
56	97	1.0
56	98	2.0
56	100	1.0
56	101	1.0
56	102	1.0
56	104	2.0
56	105	1.0
56	106	3.0
56	107	2.0
56	108	3.0
56	110	3.0
56	111	1.0
56	112	2.0
56	113	3.0
56	114	1.0
56	115	1.0
56	116	1.0
56	118	1.0
56	119	3.0
56	120	3.0
56	122	1.0
57	58	21.0
57	59	6.0
57	60	11.0
57	61	10.0
57	62	10.0
57	63	7.0
57	64	7.0
57	65	7.0
57	66	3.0
57	67	6.0
57	68	2.0
57	69	3.0
57	70	5.0
57	71	5.0
57	72	1.0
57	73	2.0
57	74	4.0
57	75	4.0
57	76	1.0
57	77	2.0
57	78	5.0
57	79	1.0
57	80	1.0
57	81	2.0
57	82	1.0
57	83	2.0
57	84	5.0
57	85	2.0
57	86	1.0
57	87	1.0
57	88	2.0
57	89	2.0
57	90	2.0
57	91	1.0
57	92	3.0
57	93	5.0
57	94	2.0
57	95	1.0
57	96	2.0
57	97	3.0
57	98	3.0
57	99	4.0
57	100	1.0
57	101	4.0
57	102	1.0
57	103	3.0
57	104	1.0
57	105	2.0
57	106	1.0
57	107	1.0
57	108	1.0
57	109	1.0
57	112	1.0
57	113	2.0
57	114	3.0
57	115	1.0
57	116	3.0
57	117	5.0
57	118	1.0
57	119	6.0
57	120	1.0
57	121	1.0
58	59	11.0
58	60	11.0
58	61	45.0
58	62	11.0
58	63	7.0
58	64	5.0
58	65	9.0
58	66	7.0
58	67	4.0
58	69	8.0
58	70	2.0
58	71	4.0
58	72	5.0
58	73	4.0
58	74	3.0
58	75	3.0
58	76	6.0
58	77	2.0
58	78	1.0
58	79	7.0
58	80	2.0
58	81	8.0
58	82	5.0
58	83	8.0
58	84	3.0
58	85	2.0
58	86	2.0
58	87	4.0
58	88	1.0
58	89	5.0
58	90	5.0
58	91	1.0
58	92	1.0
58	93	2.0
58	94	1.0
58	95	3.0
58	97	2.0
58	98	1.0
58	99	4.0
58	101	1.0
58	102	1.0
58	103	1.0
58	105	2.0
58	107	2.0
58	110	2.0
58	111	2.0
58	112	1.0
58	113	1.0
58	114	2.0
58	116	5.0
58	117	5.0
58	118	1.0
58	119	1.0
58	121	3.0
58	122	6.0
59	60	45.0
59	61	11.0
59	62	7.0
59	63	9.0
59	64	8.0
59	65	1.0
59	66	5.0
59	67	7.0
59	68	9.0
59	69	5.0
59	70	9.0
59	71	6.0
59	72	7.0
59	73	5.0
59	74	5.0
59	75	3.0
59	76	7.0
59	77	4.0
59	79	5.0
59	80	7.0
59	81	1.0
59	82	4.0
59	83	3.0
59	84	3.0
59	85	6.0
59	86	1.0
59	87	3.0
59	88	2.0
59	89	1.0
59	90	4.0
59	91	2.0
59	93	4.0
59	94	4.0
59	95	2.0
59	96	1.0
59	98	3.0
59	99	2.0
59	100	1.0
59	101	3.0
59	102	2.0
59	103	1.0
59	104	5.0
59	105	3.0
59	106	1.0
59	107	7.0
59	108	2.0
59	109	1.0
59	110	2.0
59	111	1.0
59	112	2.0
59	113	1.0
59	114	4.0
59	115	3.0
59	116	4.0
59	117	2.0
59	118	1.0
59	119	2.0
59	120	1.0
59	121	6.0
59	122	1.0
60	61	8.0
60	62	4.0
60	63	6.0
60	64	5.0
60	65	8.0
60	66	3.0
60	67	3.0
60	68	2.0
60	69	8.0
60	70	8.0
60	71	4.0
60	72	7.0
60	73	4.0
60	74	4.0
60	75	7.0
60	76	3.0
60	77	5.0
60	78	2.0
60	79	1.0
60	80	7.0
60	81	4.0
60	82	1.0
60	83	1.0
60	84	2.0
60	85	1.0
60	86	3.0
60	87	2.0
60	88	2.0
60	89	3.0
60	90	5.0
60	91	4.0
60	93	1.0
60	94	2.0
60	95	2.0
60	96	2.0
60	97	3.0
60	98	4.0
60	99	2.0
60	100	2.0
60	101	2.0
60	102	3.0
60	103	1.0
60	104	1.0
60	105	2.0
60	106	3.0
60	107	3.0
60	108	2.0
60	109	2.0
60	110	2.0
60	111	3.0
60	112	3.0
60	113	3.0
60	115	3.0
60	116	2.0
60	118	3.0
60	119	1.0
60	120	2.0
60	121	2.0
60	122	2.0
61	62	14.0
61	63	14.0
61	64	7.0
61	65	4.0
61	66	5.0
61	67	14.0
61	68	5.0
61	69	5.0
61	70	7.0
61	71	7.0
61	72	6.0
61	73	4.0
61	74	5.0
61	75	1.0
61	76	7.0
61	77	2.0
61	78	2.0
61	79	3.0
61	80	4.0
61	81	4.0
61	82	2.0
61	83	3.0
61	84	1.0
61	87	6.0
61	88	3.0
61	89	2.0
61	90	1.0
61	91	3.0
61	92	1.0
61	93	2.0
61	94	2.0
61	95	4.0
61	96	1.0
61	97	2.0
61	99	3.0
61	100	2.0
61	101	2.0
61	102	1.0
61	103	4.0
61	105	2.0
61	106	6.0
61	107	2.0
61	108	1.0
61	109	3.0
61	111	1.0
61	112	1.0
61	113	1.0
61	115	3.0
61	116	4.0
61	117	1.0
61	118	4.0
61	120	4.0
62	63	12.0
62	64	18.0
62	65	7.0
62	66	15.0
62	67	8.0
62	68	6.0
62	69	7.0
62	70	1.0
62	71	2.0
62	72	4.0
62	73	3.0
62	74	2.0
62	75	4.0
62	76	6.0
62	77	8.0
62	78	3.0
62	79	4.0
62	80	3.0
62	82	2.0
62	83	4.0
62	84	4.0
62	86	3.0
62	87	1.0
62	88	4.0
62	90	5.0
62	91	5.0
62	92	6.0
62	93	2.0
62	94	3.0
62	96	1.0
62	97	2.0
62	98	1.0
62	100	3.0
62	101	1.0
62	102	2.0
62	103	1.0
62	104	1.0
62	107	1.0
62	108	1.0
62	109	2.0
62	110	3.0
62	111	1.0
62	112	3.0
62	113	2.0
62	116	1.0
62	117	2.0
62	118	2.0
62	119	3.0
62	120	2.0
62	121	1.0
62	122	2.0
63	64	37.0
63	65	35.0
63	66	12.0
63	67	8.0
63	68	9.0
63	69	4.0
63	70	6.0
63	71	6.0
63	72	2.0
63	73	2.0
63	74	2.0
63	75	1.0
63	76	1.0
63	77	6.0
63	78	3.0
63	79	6.0
63	80	4.0
63	81	6.0
63	82	4.0
63	83	5.0
63	84	2.0
63	85	2.0
63	86	3.0
63	87	3.0
63	88	3.0
63	89	2.0
63	90	4.0
63	91	5.0
63	93	4.0
63	94	4.0
63	95	5.0
63	96	4.0
63	97	3.0
63	98	3.0
63	99	1.0
63	102	2.0
63	103	1.0
63	106	3.0
63	107	1.0
63	108	2.0
63	110	1.0
63	111	2.0
63	112	1.0
63	114	2.0
63	115	3.0
63	116	1.0
63	117	1.0
63	118	4.0
63	119	2.0
63	121	3.0
63	122	2.0
64	65	19.0
64	66	12.0
64	67	10.0
64	68	5.0
64	69	6.0
64	70	2.0
64	71	7.0
64	72	6.0
64	73	6.0
64	74	1.0
64	75	2.0
64	76	4.0
64	77	7.0
64	78	3.0
64	79	1.0
64	80	4.0
64	81	6.0
64	82	1.0
64	83	3.0
64	84	4.0
64	85	1.0
64	87	3.0
64	88	2.0
64	89	3.0
64	90	4.0
64	92	1.0
64	94	1.0
64	95	3.0
64	96	2.0
64	97	1.0
64	98	3.0
64	99	3.0
64	100	3.0
64	101	3.0
64	102	1.0
64	103	1.0
64	104	1.0
64	105	1.0
64	106	3.0
64	107	3.0
64	108	3.0
64	109	2.0
64	110	4.0
64	112	1.0
64	113	2.0
64	114	4.0
64	115	3.0
64	116	4.0
64	117	2.0
64	118	2.0
64	119	2.0
64	121	1.0
64	122	1.0
65	66	10.0
65	67	10.0
65	68	9.0
65	69	5.0
65	70	6.0
65	71	3.0
65	72	4.0
65	73	1.0
65	74	6.0
65	75	5.0
65	76	5.0
65	77	2.0
65	78	2.0
65	79	5.0
65	80	5.0
65	81	2.0
65	82	5.0
65	83	1.0
65	84	6.0
65	85	2.0
65	86	6.0
65	87	4.0
65	88	2.0
65	89	5.0
65	90	1.0
65	93	1.0
65	94	2.0
65	95	3.0
65	97	1.0
65	98	3.0
65	99	2.0
65	100	1.0
65	102	3.0
65	104	1.0
65	105	2.0
65	106	1.0
65	107	2.0
65	108	1.0
65	109	1.0
65	110	2.0
65	111	1.0
65	112	1.0
65	113	2.0
65	114	1.0
65	115	2.0
65	116	1.0
65	117	1.0
65	118	1.0
65	119	2.0
65	120	1.0
65	121	1.0
65	122	1.0
66	67	7.0
66	68	16.0
66	69	13.0
66	70	3.0
66	71	1.0
66	72	3.0
66	73	3.0
66	74	1.0
66	75	8.0
66	76	5.0
66	77	3.0
66	78	3.0
66	79	1.0
66	80	5.0
66	81	1.0
66	82	4.0
66	83	4.0
66	84	9.0
66	85	3.0
66	86	5.0
66	87	4.0
66	88	1.0
66	89	1.0
66	90	2.0
66	91	6.0
66	92	7.0
66	93	3.0
66	94	2.0
66	95	2.0
66	97	4.0
66	98	2.0
66	99	1.0
66	100	2.0
66	102	3.0
66	103	2.0
66	105	1.0
66	107	6.0
66	108	2.0
66	109	1.0
66	110	4.0
66	111	2.0
66	113	1.0
66	114	1.0
66	115	5.0
66	116	3.0
66	117	2.0
66	118	2.0
66	119	2.0
66	120	2.0
66	121	3.0
66	122	1.0
67	68	34.0
67	69	22.0
67	70	5.0
67	71	3.0
67	72	5.0
67	73	4.0
67	74	4.0
67	75	2.0
67	76	3.0
67	77	7.0
67	78	7.0
67	79	4.0
67	80	2.0
67	81	5.0
67	82	4.0
67	83	6.0
67	84	4.0
67	85	5.0
67	86	8.0
67	87	4.0
67	88	2.0
67	89	5.0
67	90	1.0
67	91	1.0
67	92	2.0
67	93	4.0
67	94	1.0
67	95	5.0
67	96	4.0
67	97	4.0
67	98	2.0
67	99	3.0
67	100	2.0
67	101	1.0
67	102	1.0
67	105	3.0
67	106	2.0
67	107	2.0
67	108	4.0
67	111	4.0
67	113	2.0
67	114	1.0
67	115	2.0
67	118	1.0
67	121	2.0
67	122	2.0
68	69	18.0
68	70	14.0
68	71	7.0
68	72	13.0
68	73	4.0
68	74	5.0
68	75	9.0
68	76	6.0
68	77	5.0
68	78	4.0
68	79	7.0
68	80	7.0
68	81	7.0
68	82	4.0
68	83	6.0
68	84	2.0
68	86	2.0
68	87	3.0
68	88	4.0
68	89	2.0
68	90	3.0
68	91	2.0
68	92	2.0
68	93	2.0
68	94	3.0
68	95	2.0
68	96	1.0
68	97	3.0
68	98	2.0
68	99	3.0
68	100	4.0
68	101	4.0
68	102	2.0
68	103	2.0
68	104	2.0
68	106	4.0
68	107	4.0
68	108	2.0
68	109	2.0
68	110	6.0
68	111	3.0
68	112	3.0
68	113	5.0
68	115	3.0
68	116	3.0
68	117	3.0
68	118	2.0
68	119	2.0
68	122	1.0
69	70	9.0
69	71	6.0
69	72	6.0
69	73	10.0
69	74	11.0
69	75	13.0
69	76	7.0
69	77	11.0
69	78	6.0
69	79	6.0
69	80	8.0
69	81	6.0
69	82	6.0
69	83	4.0
69	84	6.0
69	85	7.0
69	86	4.0
69	87	5.0
69	88	4.0
69	89	3.0
69	90	7.0
69	91	5.0
69	92	2.0
69	93	2.0
69	94	3.0
69	95	1.0
69	96	3.0
69	97	3.0
69	98	2.0
69	99	3.0
69	100	2.0
69	101	5.0
69	102	3.0
69	103	3.0
69	104	3.0
69	105	4.0
69	106	1.0
69	107	2.0
69	108	4.0
69	109	3.0
69	110	1.0
69	111	3.0
69	112	3.0
69	113	1.0
69	114	1.0
69	115	2.0
69	116	3.0
69	117	3.0
69	118	3.0
69	119	3.0
69	120	6.0
69	122	2.0
70	71	9.0
70	72	11.0
70	73	27.0
70	74	12.0
70	75	9.0
70	76	15.0
70	77	11.0
70	78	4.0
70	79	15.0
70	80	7.0
70	81	12.0
70	82	8.0
70	83	5.0
70	84	12.0
70	85	5.0
70	86	1.0
70	87	2.0
70	88	3.0
70	89	9.0
70	90	6.0
70	91	3.0
70	92	1.0
70	93	7.0
70	94	3.0
70	95	9.0
70	96	5.0
70	98	4.0
70	99	3.0
70	100	6.0
70	101	1.0
70	102	2.0
70	104	2.0
70	105	4.0
70	106	6.0
70	107	5.0
70	108	2.0
70	109	3.0
70	110	1.0
70	111	6.0
70	112	4.0
70	113	4.0
70	114	8.0
70	115	2.0
70	116	2.0
70	117	2.0
70	118	4.0
70	119	3.0
70	120	2.0
70	121	3.0
70	122	7.0
71	72	43.0
71	73	13.0
71	74	12.0
71	75	7.0
71	76	12.0
71	77	10.0
71	78	10.0
71	79	6.0
71	80	4.0
71	81	10.0
71	82	4.0
71	83	8.0
71	84	4.0
71	85	4.0
71	86	2.0
71	87	1.0
71	88	6.0
71	89	3.0
71	90	5.0
71	91	2.0
71	92	3.0
71	93	4.0
71	94	3.0
71	95	3.0
71	96	2.0
71	98	1.0
71	100	1.0
71	101	4.0
71	104	4.0
71	105	4.0
71	106	10.0
71	107	3.0
71	108	4.0
71	109	2.0
71	110	3.0
71	111	3.0
71	112	1.0
71	113	3.0
71	114	5.0
71	115	1.0
71	116	1.0
71	117	2.0
71	118	4.0
71	119	3.0
71	120	3.0
71	121	2.0
71	122	4.0
72	73	8.0
72	74	14.0
72	75	12.0
72	76	10.0
72	77	11.0
72	78	4.0
72	79	7.0
72	80	6.0
72	81	7.0
72	82	8.0
72	83	6.0
72	84	6.0
72	85	7.0
72	86	6.0
72	87	1.0
72	88	4.0
72	89	4.0
72	90	6.0
72	91	7.0
72	92	4.0
72	93	5.0
72	95	1.0
72	96	4.0
72	97	4.0
72	98	2.0
72	99	2.0
72	100	3.0
72	101	2.0
72	102	1.0
72	103	2.0
72	105	7.0
72	106	4.0
72	107	3.0
72	108	6.0
72	109	1.0
72	110	3.0
72	111	4.0
72	112	3.0
72	113	5.0
72	114	7.0
72	115	4.0
72	116	7.0
72	117	6.0
72	118	3.0
72	119	3.0
72	120	2.0
72	121	7.0
72	122	2.0
73	74	19.0
73	75	14.0
73	76	32.0
73	77	22.0
73	78	7.0
73	79	9.0
73	80	12.0
73	81	17.0
73	82	11.0
73	83	14.0
73	84	11.0
73	85	10.0
73	86	4.0
73	87	2.0
73	88	10.0
73	89	5.0
73	90	4.0
73	91	3.0
73	92	4.0
73	93	4.0
73	94	6.0
73	95	3.0
73	96	4.0
73	97	6.0
73	98	4.0
73	99	2.0
73	100	2.0
73	102	5.0
73	103	3.0
73	104	4.0
73	105	6.0
73	106	6.0
73	107	5.0
73	108	3.0
73	109	1.0
73	110	2.0
73	111	2.0
73	112	4.0
73	113	4.0
73	114	4.0
73	115	3.0
73	116	4.0
73	117	4.0
73	118	2.0
73	119	1.0
73	120	1.0
73	121	6.0
73	122	3.0
74	75	24.0
74	76	17.0
74	77	24.0
74	78	14.0
74	79	8.0
74	80	6.0
74	81	9.0
74	82	16.0
74	83	5.0
74	84	9.0
74	85	6.0
74	86	7.0
74	87	4.0
74	88	2.0
74	89	4.0
74	90	6.0
74	91	4.0
74	92	4.0
74	93	3.0
74	94	4.0
74	95	4.0
74	96	2.0
74	97	3.0
74	98	2.0
74	99	1.0
74	100	4.0
74	101	4.0
74	102	2.0
74	103	2.0
74	104	3.0
74	105	1.0
74	106	4.0
74	107	4.0
74	108	8.0
74	109	3.0
74	110	1.0
74	111	1.0
74	112	5.0
74	113	3.0
74	114	3.0
74	115	4.0
74	116	3.0
74	117	5.0
74	118	5.0
74	119	3.0
74	120	4.0
74	121	2.0
74	122	3.0
75	76	25.0
75	77	10.0
75	78	30.0
75	79	16.0
75	80	15.0
75	81	19.0
75	82	10.0
75	83	13.0
75	84	11.0
75	85	5.0
75	86	3.0
75	87	4.0
75	88	1.0
75	89	5.0
75	90	8.0
75	91	4.0
75	92	4.0
75	93	3.0
75	94	5.0
75	95	5.0
75	96	4.0
75	97	1.0
75	98	1.0
75	99	3.0
75	100	6.0
75	101	2.0
75	102	1.0
75	103	2.0
75	104	2.0
75	105	2.0
75	106	3.0
75	107	3.0
75	108	2.0
75	109	4.0
75	110	4.0
75	111	2.0
75	112	2.0
75	113	2.0
75	114	3.0
75	115	4.0
75	116	5.0
75	117	5.0
75	118	1.0
75	119	7.0
75	120	3.0
75	121	6.0
75	122	3.0
76	77	15.0
76	78	25.0
76	79	5.0
76	80	18.0
76	81	18.0
76	82	10.0
76	83	6.0
76	84	7.0
76	85	14.0
76	86	3.0
76	87	1.0
76	88	5.0
76	89	5.0
76	90	7.0
76	91	8.0
76	92	4.0
76	93	5.0
76	94	4.0
76	95	6.0
76	96	2.0
76	97	3.0
76	98	4.0
76	99	5.0
76	100	5.0
76	101	4.0
76	102	1.0
76	103	4.0
76	104	1.0
76	105	6.0
76	106	4.0
76	107	3.0
76	108	2.0
76	109	3.0
76	110	3.0
76	111	3.0
76	112	6.0
76	113	6.0
76	115	6.0
76	116	2.0
76	117	5.0
76	118	9.0
76	119	4.0
76	120	1.0
76	121	4.0
76	122	4.0
77	78	10.0
77	79	5.0
77	80	4.0
77	81	19.0
77	82	12.0
77	83	5.0
77	84	13.0
77	85	7.0
77	86	4.0
77	87	5.0
77	88	1.0
77	89	3.0
77	90	7.0
77	91	4.0
77	92	5.0
77	93	2.0
77	94	5.0
77	95	5.0
77	96	3.0
77	97	3.0
77	98	2.0
77	99	3.0
77	100	6.0
77	101	5.0
77	102	2.0
77	103	3.0
77	104	2.0
77	105	9.0
77	106	6.0
77	107	5.0
77	108	8.0
77	109	2.0
77	110	5.0
77	111	2.0
77	112	3.0
77	113	5.0
77	114	1.0
77	115	4.0
77	116	6.0
77	117	9.0
77	118	3.0
77	119	2.0
77	120	2.0
77	121	1.0
77	122	3.0
78	79	13.0
78	80	16.0
78	81	22.0
78	82	15.0
78	83	14.0
78	84	21.0
78	85	19.0
78	86	6.0
78	87	7.0
78	88	4.0
78	89	8.0
78	90	7.0
78	91	7.0
78	92	7.0
78	93	2.0
78	94	4.0
78	95	4.0
78	96	3.0
78	97	3.0
78	98	4.0
78	99	3.0
78	100	5.0
78	101	2.0
78	102	2.0
78	103	3.0
78	104	4.0
78	105	8.0
78	106	1.0
78	107	3.0
78	108	6.0
78	109	2.0
78	110	8.0
78	111	2.0
78	112	2.0
78	113	2.0
78	114	4.0
78	115	2.0
78	116	6.0
78	117	7.0
78	118	2.0
78	119	6.0
78	120	5.0
78	121	4.0
78	122	2.0
79	80	31.0
79	81	11.0
79	82	4.0
79	83	5.0
79	84	6.0
79	85	18.0
79	86	7.0
79	87	7.0
79	88	2.0
79	89	5.0
79	90	3.0
79	91	7.0
79	92	4.0
79	93	5.0
79	94	8.0
79	95	6.0
79	96	3.0
79	97	3.0
79	98	3.0
79	99	1.0
79	100	8.0
79	101	2.0
79	102	5.0
79	103	5.0
79	104	3.0
79	106	2.0
79	107	3.0
79	108	2.0
79	109	1.0
79	110	5.0
79	111	3.0
79	112	3.0
79	113	1.0
79	114	2.0
79	115	2.0
79	116	5.0
79	117	4.0
79	118	6.0
79	119	6.0
79	120	2.0
79	121	2.0
79	122	5.0
80	81	11.0
80	82	16.0
80	83	13.0
80	84	14.0
80	85	32.0
80	86	7.0
80	87	5.0
80	88	9.0
80	89	6.0
80	90	4.0
80	91	5.0
80	92	3.0
80	93	5.0
80	94	7.0
80	95	6.0
80	96	7.0
80	97	4.0
80	98	5.0
80	99	3.0
80	100	3.0
80	101	3.0
80	102	1.0
80	103	3.0
80	104	1.0
80	105	1.0
80	106	2.0
80	107	5.0
80	108	1.0
80	109	1.0
80	110	4.0
80	111	2.0
80	112	3.0
80	113	6.0
80	114	4.0
80	115	4.0
80	116	6.0
80	117	4.0
80	118	5.0
80	119	3.0
80	120	3.0
80	121	8.0
80	122	4.0
81	82	20.0
81	83	14.0
81	84	20.0
81	85	17.0
81	86	6.0
81	87	5.0
81	88	4.0
81	89	8.0
81	90	10.0
81	91	5.0
81	92	5.0
81	93	5.0
81	94	7.0
81	95	5.0
81	96	4.0
81	97	2.0
81	98	5.0
81	99	6.0
81	100	7.0
81	101	5.0
81	102	2.0
81	103	3.0
81	104	4.0
81	105	4.0
81	106	5.0
81	107	4.0
81	108	4.0
81	109	5.0
81	110	5.0
81	111	4.0
81	112	4.0
81	113	3.0
81	114	5.0
81	115	9.0
81	116	3.0
81	117	6.0
81	118	5.0
81	119	5.0
81	120	8.0
81	121	4.0
81	122	6.0
82	83	33.0
82	84	36.0
82	85	34.0
82	86	17.0
82	87	7.0
82	88	5.0
82	89	18.0
82	90	8.0
82	91	6.0
82	92	7.0
82	93	6.0
82	94	6.0
82	95	7.0
82	96	5.0
82	97	3.0
82	98	2.0
82	99	4.0
82	100	5.0
82	101	2.0
82	102	2.0
82	103	3.0
82	104	2.0
82	105	3.0
82	106	7.0
82	107	6.0
82	108	6.0
82	109	3.0
82	110	2.0
82	111	3.0
82	112	2.0
82	114	2.0
82	115	6.0
82	116	5.0
82	117	4.0
82	118	4.0
82	119	4.0
82	120	5.0
82	121	3.0
82	122	5.0
83	84	19.0
83	85	39.0
83	86	29.0
83	87	9.0
83	88	8.0
83	89	11.0
83	90	15.0
83	91	8.0
83	92	8.0
83	93	8.0
83	94	11.0
83	95	7.0
83	96	1.0
83	97	2.0
83	98	1.0
83	99	5.0
83	100	3.0
83	101	4.0
83	102	2.0
83	103	1.0
83	104	4.0
83	105	5.0
83	106	3.0
83	107	5.0
83	108	3.0
83	109	3.0
83	110	2.0
83	111	3.0
83	112	4.0
83	113	6.0
83	114	1.0
83	115	10.0
83	116	5.0
83	117	4.0
83	118	2.0
83	120	2.0
83	121	3.0
83	122	3.0
84	85	31.0
84	86	5.0
84	87	4.0
84	88	9.0
84	89	10.0
84	90	20.0
84	91	3.0
84	92	6.0
84	93	8.0
84	94	4.0
84	95	5.0
84	96	4.0
84	97	1.0
84	98	6.0
84	99	4.0
84	100	9.0
84	101	6.0
84	102	2.0
84	104	4.0
84	105	4.0
84	106	7.0
84	107	6.0
84	108	7.0
84	109	3.0
84	110	2.0
84	111	1.0
84	112	1.0
84	113	4.0
84	114	6.0
84	115	5.0
84	116	2.0
84	117	2.0
84	118	2.0
84	119	1.0
84	120	5.0
84	121	3.0
84	122	5.0
85	86	20.0
85	87	7.0
85	88	5.0
85	89	7.0
85	90	11.0
85	91	15.0
85	92	10.0
85	93	9.0
85	94	8.0
85	95	5.0
85	96	5.0
85	97	4.0
85	98	3.0
85	99	1.0
85	100	4.0
85	101	3.0
85	102	4.0
85	103	3.0
85	104	7.0
85	105	4.0
85	106	2.0
85	107	4.0
85	108	4.0
85	109	1.0
85	110	5.0
85	111	1.0
85	112	1.0
85	113	2.0
85	114	3.0
85	115	7.0
85	116	1.0
85	117	5.0
85	118	1.0
85	119	4.0
85	120	2.0
85	121	5.0
85	122	2.0
86	87	14.0
86	88	8.0
86	89	37.0
86	90	11.0
86	91	5.0
86	92	6.0
86	93	8.0
86	94	3.0
86	95	6.0
86	96	5.0
86	97	5.0
86	98	8.0
86	99	3.0
86	100	3.0
86	101	4.0
86	102	3.0
86	105	2.0
86	106	3.0
86	107	4.0
86	108	5.0
86	109	1.0
86	110	4.0
86	111	1.0
86	112	2.0
86	113	4.0
86	114	3.0
86	115	2.0
86	116	3.0
86	117	5.0
86	118	1.0
86	119	1.0
86	120	2.0
86	121	2.0
86	122	3.0
87	88	58.0
87	89	10.0
87	90	5.0
87	91	3.0
87	92	6.0
87	93	3.0
87	94	4.0
87	95	4.0
87	96	2.0
87	97	3.0
87	98	4.0
87	99	2.0
87	100	1.0
87	101	4.0
87	102	2.0
87	103	2.0
87	104	2.0
87	105	2.0
87	106	1.0
87	107	2.0
87	108	3.0
87	109	2.0
87	110	5.0
87	111	3.0
87	112	2.0
87	113	1.0
87	114	2.0
87	115	2.0
87	116	4.0
87	117	2.0
87	118	6.0
87	119	2.0
87	120	1.0
87	121	2.0
87	122	2.0
88	89	11.0
88	90	4.0
88	91	6.0
88	92	10.0
88	93	6.0
88	94	5.0
88	95	4.0
88	96	8.0
88	97	3.0
88	98	7.0
88	99	1.0
88	100	4.0
88	101	2.0
88	102	1.0
88	103	4.0
88	105	2.0
88	106	4.0
88	107	5.0
88	108	1.0
88	110	5.0
88	111	3.0
88	112	1.0
88	114	2.0
88	115	4.0
88	116	1.0
88	117	1.0
88	118	2.0
88	119	2.0
88	121	1.0
88	122	1.0
89	90	8.0
89	91	7.0
89	92	12.0
89	93	11.0
89	94	5.0
89	95	9.0
89	96	6.0
89	97	4.0
89	98	1.0
89	99	4.0
89	100	5.0
89	101	1.0
89	102	3.0
89	103	4.0
89	104	3.0
89	105	1.0
89	106	1.0
89	107	8.0
89	108	2.0
89	109	4.0
89	110	3.0
89	111	4.0
89	112	1.0
89	113	1.0
89	114	6.0
89	115	2.0
89	116	1.0
89	117	2.0
89	118	6.0
89	119	8.0
89	120	4.0
89	121	4.0
89	122	3.0
90	91	20.0
90	92	14.0
90	93	17.0
90	94	18.0
90	95	9.0
90	96	11.0
90	97	6.0
90	98	5.0
90	99	8.0
90	100	11.0
90	101	4.0
90	102	3.0
90	103	3.0
90	104	3.0
90	105	6.0
90	106	4.0
90	107	1.0
90	108	6.0
90	109	7.0
90	110	1.0
90	111	4.0
90	112	8.0
90	113	3.0
90	114	5.0
90	115	3.0
90	116	2.0
90	117	4.0
90	118	5.0
90	119	4.0
90	120	3.0
90	121	3.0
90	122	7.0
91	92	11.0
91	93	25.0
91	94	16.0
91	95	10.0
91	96	9.0
91	97	9.0
91	98	5.0
91	99	9.0
91	100	11.0
91	101	6.0
91	102	5.0
91	103	2.0
91	104	6.0
91	105	1.0
91	106	7.0
91	107	5.0
91	108	6.0
91	109	5.0
91	110	5.0
91	111	1.0
91	112	4.0
91	113	5.0
91	114	3.0
91	115	8.0
91	116	2.0
91	117	3.0
91	118	6.0
91	119	5.0
91	120	2.0
91	121	5.0
91	122	4.0
92	93	30.0
92	94	15.0
92	95	9.0
92	96	21.0
92	97	5.0
92	98	11.0
92	99	11.0
92	100	7.0
92	101	8.0
92	102	2.0
92	103	2.0
92	104	2.0
92	105	6.0
92	106	2.0
92	107	4.0
92	108	10.0
92	109	1.0
92	110	2.0
92	111	6.0
92	112	3.0
92	113	3.0
92	114	3.0
92	115	5.0
92	116	5.0
92	117	3.0
92	118	5.0
92	119	1.0
92	120	2.0
92	121	2.0
92	122	5.0
93	94	13.0
93	95	18.0
93	96	11.0
93	97	8.0
93	98	8.0
93	99	16.0
93	100	7.0
93	102	8.0
93	103	3.0
93	104	5.0
93	105	11.0
93	106	6.0
93	107	8.0
93	108	1.0
93	109	7.0
93	110	3.0
93	111	2.0
93	112	1.0
93	113	3.0
93	114	3.0
93	115	5.0
93	116	3.0
93	117	2.0
93	118	1.0
93	119	4.0
93	120	2.0
93	122	4.0
94	95	29.0
94	96	17.0
94	97	9.0
94	98	9.0
94	99	12.0
94	100	7.0
94	101	4.0
94	102	3.0
94	103	3.0
94	104	1.0
94	105	5.0
94	106	5.0
94	107	3.0
94	108	4.0
94	109	6.0
94	110	5.0
94	111	3.0
94	112	4.0
94	113	2.0
94	114	5.0
94	115	5.0
94	116	2.0
94	117	6.0
94	118	6.0
94	119	4.0
94	120	3.0
94	121	4.0
94	122	3.0
95	96	19.0
95	97	8.0
95	98	8.0
95	99	8.0
95	100	11.0
95	101	11.0
95	102	6.0
95	104	7.0
95	105	6.0
95	106	5.0
95	107	6.0
95	108	4.0
95	109	5.0
95	110	2.0
95	111	4.0
95	112	1.0
95	114	4.0
95	115	3.0
95	116	1.0
95	117	2.0
95	118	2.0
95	119	5.0
95	120	2.0
95	121	5.0
95	122	6.0
96	97	12.0
96	98	12.0
96	99	13.0
96	100	5.0
96	101	5.0
96	102	1.0
96	103	6.0
96	104	3.0
96	105	4.0
96	106	5.0
96	107	4.0
96	108	4.0
96	109	5.0
96	110	3.0
96	111	3.0
96	112	4.0
96	113	3.0
96	114	3.0
96	115	3.0
96	116	3.0
96	117	3.0
96	118	4.0
96	119	5.0
96	120	1.0
96	121	3.0
96	122	4.0
97	98	12.0
97	99	6.0
97	100	11.0
97	101	6.0
97	102	4.0
97	103	5.0
97	104	4.0
97	105	6.0
97	106	2.0
97	107	4.0
97	108	4.0
97	109	1.0
97	110	7.0
97	111	2.0
97	112	5.0
97	113	2.0
97	114	1.0
97	115	3.0
97	116	1.0
97	118	5.0
97	119	4.0
97	120	3.0
97	121	2.0
97	122	1.0
98	99	25.0
98	100	25.0
98	101	3.0
98	102	7.0
98	103	3.0
98	104	6.0
98	105	5.0
98	106	2.0
98	107	5.0
98	108	3.0
98	109	9.0
98	110	4.0
98	111	3.0
98	112	5.0
98	113	2.0
98	114	4.0
98	115	4.0
98	116	4.0
98	117	5.0
98	118	4.0
98	119	7.0
98	120	9.0
98	121	3.0
98	122	3.0
99	100	21.0
99	101	10.0
99	102	12.0
99	103	2.0
99	104	9.0
99	105	5.0
99	106	4.0
99	107	5.0
99	108	6.0
99	109	5.0
99	110	3.0
99	111	9.0
99	112	6.0
99	113	6.0
99	114	4.0
99	115	8.0
99	116	3.0
99	117	3.0
99	118	5.0
99	119	4.0
99	120	7.0
99	121	7.0
99	122	1.0
100	101	12.0
100	102	5.0
100	103	9.0
100	104	7.0
100	105	8.0
100	106	7.0
100	107	10.0
100	108	5.0
100	109	5.0
100	110	7.0
100	111	6.0
100	112	5.0
100	113	5.0
100	114	6.0
100	115	3.0
100	116	9.0
100	117	5.0
100	118	7.0
100	119	6.0
100	120	5.0
100	121	3.0
100	122	1.0
101	102	13.0
101	103	8.0
101	104	11.0
101	105	8.0
101	106	7.0
101	107	13.0
101	108	5.0
101	109	7.0
101	110	4.0
101	111	5.0
101	112	7.0
101	113	9.0
101	114	6.0
101	115	5.0
101	116	4.0
101	117	4.0
101	118	8.0
101	119	3.0
101	120	5.0
101	121	5.0
101	122	3.0
102	103	19.0
102	104	5.0
102	105	4.0
102	106	6.0
102	107	6.0
102	108	4.0
102	109	3.0
102	110	4.0
102	111	6.0
102	112	6.0
102	113	5.0
102	114	5.0
102	115	7.0
102	117	3.0
102	118	10.0
102	119	3.0
102	120	4.0
102	121	5.0
102	122	5.0
103	104	9.0
103	105	8.0
103	106	4.0
103	107	7.0
103	108	4.0
103	109	6.0
103	110	5.0
103	111	2.0
103	112	6.0
103	113	9.0
103	114	1.0
103	115	5.0
103	116	5.0
103	117	3.0
103	118	3.0
103	119	3.0
103	121	4.0
103	122	1.0
104	105	7.0
104	106	11.0
104	107	12.0
104	108	8.0
104	109	14.0
104	110	14.0
104	111	17.0
104	112	10.0
104	113	7.0
104	114	3.0
104	115	7.0
104	116	2.0
104	117	5.0
104	118	9.0
104	119	9.0
104	120	5.0
104	121	7.0
104	122	1.0
105	106	9.0
105	107	10.0
105	108	19.0
105	109	21.0
105	110	15.0
105	111	12.0
105	112	18.0
105	113	9.0
105	114	15.0
105	115	10.0
105	116	7.0
105	117	9.0
105	118	6.0
105	119	6.0
105	120	6.0
105	121	3.0
105	122	6.0
106	107	21.0
106	108	15.0
106	109	14.0
106	110	13.0
106	111	12.0
106	112	9.0
106	113	10.0
106	114	9.0
106	115	13.0
106	116	6.0
106	117	6.0
106	118	7.0
106	119	8.0
106	120	9.0
106	121	4.0
106	122	5.0
107	108	13.0
107	109	10.0
107	110	6.0
107	111	7.0
107	112	9.0
107	113	14.0
107	114	9.0
107	115	7.0
107	116	4.0
107	117	9.0
107	118	14.0
107	119	9.0
107	120	2.0
107	121	7.0
107	122	8.0
108	109	25.0
108	110	20.0
108	111	16.0
108	112	8.0
108	113	2.0
108	114	13.0
108	115	27.0
108	116	12.0
108	117	17.0
108	118	13.0
108	119	8.0
108	120	8.0
108	121	13.0
108	122	6.0
109	110	35.0
109	111	16.0
109	112	12.0
109	113	16.0
109	114	12.0
109	115	19.0
109	116	6.0
109	117	18.0
109	118	9.0
109	119	3.0
109	120	9.0
109	121	6.0
109	122	9.0
110	111	8.0
110	112	11.0
110	113	10.0
110	114	10.0
110	115	14.0
110	116	6.0
110	117	14.0
110	118	16.0
110	119	9.0
110	120	4.0
110	121	12.0
110	122	8.0
111	112	37.0
111	113	14.0
111	114	14.0
111	115	9.0
111	116	6.0
111	117	5.0
111	118	14.0
111	119	3.0
111	120	6.0
111	121	11.0
111	122	8.0
112	113	18.0
112	114	16.0
112	115	7.0
112	116	5.0
112	117	2.0
112	118	12.0
112	119	5.0
112	120	7.0
112	121	7.0
112	122	5.0
113	114	14.0
113	115	3.0
113	116	5.0
113	117	6.0
113	118	15.0
113	119	11.0
113	120	8.0
113	121	12.0
113	122	18.0
114	115	11.0
114	116	10.0
114	117	12.0
114	118	30.0
114	119	5.0
114	120	8.0
114	121	19.0
114	122	9.0
115	116	12.0
115	117	39.0
115	118	15.0
115	119	5.0
115	120	7.0
115	121	7.0
115	122	5.0
116	117	12.0
116	118	7.0
116	119	6.0
116	120	3.0
116	121	10.0
116	122	1.0
117	118	8.0
117	119	3.0
117	120	6.0
117	121	12.0
117	122	4.0
118	119	10.0
118	120	3.0
118	121	19.0
118	122	5.0
119	120	16.0
119	121	8.0
119	122	14.0
120	121	17.0
120	122	24.0
121	122	16.0
