1	2	49.0
1	3	18.0
1	4	19.0
1	5	27.0
1	6	20.0
1	7	15.0
1	8	14.0
1	9	14.0
1	10	13.0
1	11	23.0
1	12	16.0
1	13	8.0
1	14	12.0
1	15	7.0
1	16	12.0
1	17	12.0
1	18	10.0
1	19	12.0
1	20	10.0
1	21	9.0
1	22	9.0
1	23	8.0
1	24	7.0
1	25	7.0
1	26	7.0
1	27	7.0
1	28	9.0
1	29	7.0
1	30	4.0
1	31	5.0
1	32	6.0
1	33	5.0
1	34	4.0
1	35	3.0
1	36	3.0
1	37	4.0
1	38	5.0
1	39	7.0
1	40	7.0
1	41	5.0
1	42	10.0
1	43	8.0
1	44	2.0
1	45	5.0
1	46	7.0
1	47	6.0
1	48	4.0
1	49	13.0
1	50	6.0
1	51	10.0
1	52	6.0
1	53	8.0
1	54	3.0
1	55	9.0
1	56	10.0
1	57	9.0
1	58	8.0
1	59	8.0
1	60	7.0
1	61	9.0
1	62	5.0
1	63	5.0
1	64	4.0
1	65	7.0
1	66	6.0
1	67	5.0
1	68	8.0
1	69	18.0
1	70	9.0
1	71	11.0
1	72	8.0
1	73	7.0
1	74	9.0
1	75	10.0
1	76	12.0
1	77	6.0
1	78	3.0
1	79	6.0
1	80	6.0
1	81	6.0
1	82	6.0
1	83	7.0
1	84	7.0
1	85	9.0
1	86	7.0
1	87	2.0
1	88	5.0
1	89	7.0
1	90	9.0
1	91	4.0
1	92	11.0
1	93	9.0
1	94	5.0
1	95	8.0
1	96	10.0
1	97	10.0
1	98	7.0
1	99	8.0
1	100	9.0
1	101	5.0
1	102	5.0
1	103	14.0
1	104	7.0
1	105	17.0
1	106	3.0
1	107	6.0
1	108	13.0
1	109	13.0
1	110	8.0
1	111	15.0
1	112	16.0
1	113	9.0
1	114	16.0
1	115	7.0
1	116	13.0
1	117	21.0
1	118	13.0
1	119	11.0
1	120	18.0
1	121	11.0
1	122	15.0
2	3	53.0
2	4	26.0
2	5	25.0
2	6	25.0
2	7	24.0
2	8	32.0
2	9	18.0
2	10	16.0
2	11	23.0
2	12	14.0
2	13	19.0
2	14	19.0
2	15	14.0
2	16	16.0
2	17	17.0
2	18	21.0
2	19	16.0
2	20	12.0
2	21	12.0
2	22	8.0
2	23	10.0
2	24	10.0
2	25	10.0
2	26	7.0
2	27	6.0
2	28	11.0
2	29	10.0
2	30	8.0
2	31	7.0
2	32	8.0
2	33	8.0
2	34	6.0
2	35	6.0
2	36	3.0
2	37	2.0
2	38	5.0
2	39	6.0
2	40	6.0
2	41	6.0
2	42	6.0
2	43	5.0
2	44	9.0
2	45	13.0
2	46	6.0
2	47	8.0
2	48	9.0
2	49	7.0
2	50	12.0
2	51	8.0
2	52	14.0
2	53	10.0
2	54	10.0
2	55	7.0
2	56	7.0
2	57	7.0
2	58	10.0
2	59	6.0
2	60	18.0
2	61	11.0
2	62	10.0
2	63	6.0
2	64	12.0
2	65	4.0
2	66	5.0
2	67	5.0
2	68	6.0
2	69	16.0
2	70	10.0
2	71	9.0
2	72	12.0
2	73	10.0
2	74	15.0
2	75	9.0
2	76	10.0
2	77	12.0
2	78	11.0
2	79	5.0
2	80	6.0
2	81	9.0
2	82	9.0
2	83	10.0
2	84	14.0
2	85	13.0
2	86	5.0
2	87	6.0
2	88	10.0
2	89	7.0
2	90	7.0
2	91	7.0
2	92	7.0
2	93	11.0
2	94	2.0
2	95	9.0
2	96	6.0
2	97	7.0
2	98	7.0
2	99	10.0
2	100	5.0
2	101	7.0
2	102	10.0
2	103	8.0
2	104	8.0
2	105	13.0
2	106	14.0
2	107	14.0
2	108	9.0
2	109	9.0
2	110	10.0
2	111	16.0
2	112	8.0
2	113	11.0
2	114	12.0
2	115	15.0
2	116	14.0
2	117	13.0
2	118	17.0
2	119	11.0
2	120	11.0
2	121	15.0
2	122	13.0
3	4	129.0
3	5	70.0
3	6	54.0
3	7	54.0
3	8	40.0
3	9	15.0
3	10	27.0
3	11	32.0
3	12	18.0
3	13	14.0
3	14	11.0
3	15	18.0
3	16	25.0
3	17	20.0
3	18	20.0
3	19	18.0
3	20	13.0
3	21	15.0
3	22	11.0
3	23	16.0
3	24	10.0
3	25	8.0
3	26	9.0
3	27	11.0
3	28	7.0
3	29	12.0
3	30	10.0
3	31	7.0
3	32	8.0
3	33	14.0
3	34	5.0
3	35	7.0
3	36	7.0
3	37	4.0
3	38	9.0
3	39	6.0
3	40	10.0
3	41	11.0
3	42	9.0
3	43	12.0
3	44	9.0
3	45	7.0
3	46	4.0
3	47	8.0
3	48	19.0
3	49	21.0
3	50	16.0
3	51	17.0
3	52	14.0
3	53	10.0
3	54	8.0
3	55	12.0
3	56	7.0
3	57	15.0
3	58	10.0
3	59	7.0
3	60	9.0
3	61	12.0
3	62	9.0
3	63	7.0
3	64	7.0
3	65	2.0
3	66	7.0
3	67	8.0
3	68	11.0
3	69	12.0
3	70	11.0
3	71	6.0
3	72	12.0
3	73	8.0
3	74	13.0
3	75	15.0
3	76	6.0
3	77	12.0
3	78	20.0
3	79	11.0
3	80	26.0
3	81	11.0
3	82	15.0
3	83	13.0
3	84	12.0
3	85	11.0
3	86	7.0
3	87	6.0
3	88	6.0
3	89	15.0
3	90	9.0
3	91	7.0
3	92	11.0
3	93	8.0
3	94	12.0
3	95	9.0
3	96	13.0
3	97	4.0
3	98	12.0
3	99	11.0
3	100	14.0
3	101	13.0
3	102	8.0
3	103	9.0
3	104	13.0
3	105	12.0
3	106	9.0
3	107	3.0
3	108	7.0
3	109	17.0
3	110	14.0
3	111	6.0
3	112	15.0
3	113	15.0
3	114	16.0
3	115	21.0
3	116	17.0
3	117	20.0
3	118	16.0
3	119	11.0
3	120	20.0
3	121	22.0
3	122	13.0
4	5	143.0
4	6	83.0
4	7	86.0
4	8	53.0
4	9	24.0
4	10	27.0
4	11	46.0
4	12	28.0
4	13	15.0
4	14	11.0
4	15	22.0
4	16	15.0
4	17	24.0
4	18	21.0
4	19	12.0
4	20	18.0
4	21	20.0
4	22	19.0
4	23	11.0
4	24	15.0
4	25	10.0
4	26	8.0
4	27	3.0
4	28	16.0
4	29	11.0
4	30	7.0
4	31	8.0
4	32	10.0
4	33	5.0
4	34	3.0
4	35	7.0
4	36	8.0
4	37	8.0
4	38	7.0
4	39	4.0
4	40	5.0
4	41	8.0
4	42	7.0
4	43	8.0
4	44	7.0
4	45	14.0
4	46	7.0
4	47	6.0
4	48	9.0
4	49	11.0
4	50	20.0
4	51	17.0
4	52	14.0
4	53	10.0
4	54	4.0
4	55	15.0
4	56	16.0
4	57	11.0
4	58	13.0
4	59	20.0
4	60	11.0
4	61	13.0
4	62	10.0
4	63	12.0
4	64	12.0
4	65	9.0
4	66	8.0
4	67	19.0
4	68	8.0
4	69	7.0
4	70	12.0
4	71	27.0
4	72	18.0
4	73	11.0
4	74	17.0
4	75	12.0
4	76	17.0
4	77	14.0
4	78	6.0
4	79	11.0
4	80	15.0
4	81	10.0
4	82	11.0
4	83	11.0
4	84	6.0
4	85	8.0
4	86	11.0
4	87	9.0
4	88	6.0
4	89	6.0
4	90	15.0
4	91	11.0
4	92	6.0
4	93	10.0
4	94	11.0
4	95	14.0
4	96	10.0
4	97	13.0
4	98	10.0
4	99	13.0
4	100	6.0
4	101	10.0
4	102	13.0
4	103	13.0
4	104	5.0
4	105	16.0
4	106	12.0
4	107	15.0
4	108	16.0
4	109	18.0
4	110	17.0
4	111	10.0
4	112	12.0
4	113	20.0
4	114	14.0
4	115	19.0
4	116	14.0
4	117	16.0
4	118	9.0
4	119	14.0
4	120	13.0
4	121	18.0
4	122	22.0
5	6	142.0
5	7	215.0
5	8	42.0
5	9	24.0
5	10	21.0
5	11	22.0
5	12	16.0
5	13	15.0
5	14	15.0
5	15	12.0
5	16	18.0
5	17	14.0
5	18	18.0
5	19	13.0
5	20	23.0
5	21	9.0
5	22	14.0
5	23	13.0
5	24	6.0
5	25	14.0
5	26	12.0
5	27	11.0
5	28	10.0
5	29	6.0
5	30	6.0
5	31	11.0
5	32	13.0
5	33	13.0
5	34	4.0
5	35	4.0
5	36	7.0
5	37	7.0
5	38	6.0
5	39	12.0
5	40	8.0
5	41	8.0
5	42	11.0
5	43	17.0
5	44	7.0
5	45	4.0
5	46	5.0
5	47	8.0
5	48	9.0
5	49	13.0
5	50	20.0
5	51	12.0
5	52	14.0
5	53	7.0
5	54	16.0
5	55	11.0
5	56	11.0
5	57	20.0
5	58	12.0
5	59	13.0
5	60	19.0
5	61	18.0
5	62	8.0
5	63	5.0
5	64	8.0
5	65	6.0
5	66	9.0
5	67	12.0
5	68	14.0
5	69	13.0
5	70	16.0
5	71	20.0
5	72	16.0
5	73	14.0
5	74	12.0
5	75	16.0
5	76	9.0
5	77	9.0
5	78	19.0
5	79	10.0
5	80	16.0
5	81	15.0
5	82	10.0
5	83	11.0
5	84	20.0
5	85	7.0
5	86	12.0
5	87	7.0
5	88	10.0
5	89	8.0
5	90	13.0
5	91	4.0
5	92	13.0
5	93	8.0
5	94	13.0
5	95	11.0
5	96	14.0
5	97	8.0
5	98	9.0
5	99	7.0
5	100	10.0
5	101	12.0
5	102	8.0
5	103	12.0
5	104	11.0
5	105	12.0
5	106	12.0
5	107	11.0
5	108	14.0
5	109	19.0
5	110	17.0
5	111	12.0
5	112	19.0
5	113	17.0
5	114	12.0
5	115	17.0
5	116	18.0
5	117	18.0
5	118	12.0
5	119	18.0
5	120	21.0
5	121	24.0
5	122	19.0
6	7	174.0
6	8	44.0
6	9	21.0
6	10	28.0
6	11	46.0
6	12	17.0
6	13	21.0
6	14	18.0
6	15	18.0
6	16	13.0
6	17	19.0
6	18	17.0
6	19	19.0
6	20	18.0
6	21	14.0
6	22	6.0
6	23	15.0
6	24	16.0
6	25	18.0
6	26	9.0
6	27	11.0
6	28	3.0
6	29	15.0
6	30	13.0
6	31	6.0
6	32	5.0
6	33	9.0
6	34	2.0
6	35	3.0
6	36	3.0
6	37	10.0
6	38	9.0
6	39	8.0
6	40	11.0
6	41	7.0
6	42	12.0
6	43	12.0
6	44	8.0
6	45	8.0
6	46	10.0
6	47	8.0
6	48	10.0
6	49	12.0
6	50	22.0
6	51	8.0
6	52	8.0
6	53	16.0
6	54	13.0
6	55	7.0
6	56	10.0
6	57	14.0
6	58	17.0
6	59	17.0
6	60	12.0
6	61	13.0
6	62	9.0
6	63	12.0
6	64	7.0
6	65	7.0
6	66	7.0
6	67	13.0
6	68	14.0
6	69	10.0
6	70	19.0
6	71	22.0
6	72	12.0
6	73	16.0
6	74	17.0
6	75	12.0
6	76	14.0
6	77	11.0
6	78	24.0
6	79	8.0
6	80	18.0
6	81	15.0
6	82	17.0
6	83	23.0
6	84	12.0
6	85	12.0
6	86	13.0
6	87	14.0
6	88	8.0
6	89	13.0
6	90	10.0
6	91	17.0
6	92	7.0
6	93	9.0
6	94	7.0
6	95	11.0
6	96	9.0
6	97	6.0
6	98	6.0
6	99	11.0
6	100	6.0
6	101	13.0
6	102	14.0
6	103	11.0
6	104	9.0
6	105	12.0
6	106	5.0
6	107	12.0
6	108	16.0
6	109	9.0
6	110	16.0
6	111	8.0
6	112	14.0
6	113	12.0
6	114	23.0
6	115	14.0
6	116	23.0
6	117	17.0
6	118	9.0
6	119	11.0
6	120	14.0
6	121	22.0
6	122	19.0
7	8	43.0
7	9	18.0
7	10	19.0
7	11	25.0
7	12	19.0
7	13	18.0
7	14	20.0
7	15	16.0
7	16	18.0
7	17	16.0
7	18	19.0
7	19	11.0
7	20	14.0
7	21	21.0
7	22	20.0
7	23	13.0
7	24	7.0
7	25	9.0
7	26	17.0
7	27	11.0
7	28	9.0
7	29	9.0
7	30	9.0
7	31	6.0
7	32	7.0
7	33	8.0
7	34	7.0
7	35	5.0
7	36	7.0
7	37	4.0
7	38	1.0
7	39	7.0
7	40	11.0
7	41	15.0
7	42	11.0
7	43	4.0
7	44	9.0
7	45	1.0
7	46	8.0
7	47	7.0
7	48	12.0
7	49	7.0
7	50	15.0
7	51	17.0
7	52	14.0
7	53	13.0
7	54	10.0
7	55	9.0
7	56	10.0
7	57	12.0
7	58	14.0
7	59	19.0
7	60	16.0
7	61	11.0
7	62	12.0
7	63	13.0
7	64	9.0
7	65	15.0
7	66	9.0
7	67	13.0
7	68	13.0
7	69	8.0
7	70	13.0
7	71	18.0
7	72	16.0
7	73	15.0
7	74	19.0
7	75	14.0
7	76	15.0
7	77	22.0
7	78	19.0
7	79	14.0
7	80	12.0
7	81	13.0
7	82	15.0
7	83	12.0
7	84	7.0
7	85	9.0
7	86	14.0
7	87	14.0
7	88	7.0
7	89	9.0
7	90	13.0
7	91	23.0
7	92	7.0
7	93	14.0
7	94	7.0
7	95	11.0
7	96	7.0
7	97	7.0
7	98	10.0
7	99	11.0
7	100	9.0
7	101	8.0
7	102	12.0
7	103	14.0
7	104	14.0
7	105	14.0
7	106	15.0
7	107	17.0
7	108	15.0
7	109	23.0
7	110	17.0
7	111	13.0
7	112	9.0
7	113	10.0
7	114	16.0
7	115	22.0
7	116	23.0
7	117	28.0
7	118	15.0
7	119	13.0
7	120	16.0
7	121	24.0
7	122	17.0
8	9	40.0
8	10	86.0
8	11	61.0
8	12	36.0
8	13	16.0
8	14	23.0
8	15	16.0
8	16	28.0
8	17	17.0
8	18	21.0
8	19	25.0
8	20	15.0
8	21	19.0
8	22	16.0
8	23	10.0
8	24	6.0
8	25	11.0
8	26	15.0
8	27	14.0
8	28	9.0
8	29	4.0
8	30	8.0
8	31	4.0
8	32	5.0
8	33	7.0
8	34	5.0
8	35	6.0
8	36	5.0
8	37	8.0
8	38	9.0
8	39	7.0
8	40	8.0
8	41	7.0
8	42	7.0
8	43	6.0
8	44	4.0
8	45	13.0
8	46	6.0
8	47	11.0
8	48	9.0
8	49	11.0
8	50	14.0
8	51	8.0
8	52	16.0
8	53	10.0
8	54	19.0
8	55	9.0
8	56	9.0
8	57	16.0
8	58	12.0
8	59	15.0
8	60	14.0
8	61	12.0
8	62	9.0
8	63	12.0
8	64	7.0
8	65	6.0
8	66	11.0
8	67	11.0
8	68	7.0
8	69	18.0
8	70	11.0
8	71	17.0
8	72	17.0
8	73	12.0
8	74	18.0
8	75	18.0
8	76	17.0
8	77	18.0
8	78	14.0
8	79	7.0
8	80	8.0
8	81	10.0
8	82	14.0
8	83	16.0
8	84	29.0
8	85	13.0
8	86	12.0
8	87	7.0
8	88	8.0
8	89	13.0
8	90	10.0
8	91	15.0
8	92	12.0
8	93	11.0
8	94	13.0
8	95	8.0
8	96	9.0
8	97	11.0
8	98	14.0
8	99	10.0
8	100	12.0
8	101	11.0
8	102	11.0
8	103	12.0
8	104	15.0
8	105	19.0
8	106	15.0
8	107	16.0
8	108	14.0
8	109	19.0
8	110	10.0
8	111	21.0
8	112	12.0
8	113	10.0
8	114	12.0
8	115	17.0
8	116	22.0
8	117	13.0
8	118	24.0
8	119	26.0
8	120	27.0
8	121	30.0
8	122	23.0
9	10	82.0
9	11	47.0
9	12	28.0
9	13	24.0
9	14	28.0
9	15	14.0
9	16	23.0
9	17	22.0
9	18	25.0
9	19	14.0
9	20	16.0
9	21	18.0
9	22	17.0
9	23	12.0
9	24	16.0
9	25	10.0
9	26	8.0
9	27	8.0
9	28	10.0
9	29	8.0
9	30	10.0
9	31	17.0
9	32	7.0
9	33	5.0
9	34	5.0
9	35	2.0
9	36	1.0
9	37	5.0
9	38	6.0
9	39	5.0
9	40	4.0
9	41	1.0
9	42	4.0
9	43	9.0
9	44	7.0
9	45	5.0
9	46	11.0
9	47	9.0
9	48	14.0
9	49	13.0
9	50	13.0
9	51	11.0
9	52	10.0
9	53	7.0
9	54	7.0
9	55	9.0
9	56	15.0
9	57	7.0
9	58	13.0
9	59	12.0
9	60	20.0
9	61	10.0
9	62	16.0
9	63	12.0
9	64	10.0
9	65	7.0
9	66	8.0
9	67	13.0
9	68	5.0
9	69	15.0
9	70	15.0
9	71	13.0
9	72	11.0
9	73	10.0
9	74	22.0
9	75	10.0
9	76	13.0
9	77	11.0
9	78	10.0
9	79	10.0
9	80	16.0
9	81	16.0
9	82	11.0
9	83	14.0
9	84	17.0
9	85	14.0
9	86	14.0
9	87	13.0
9	88	6.0
9	89	7.0
9	90	10.0
9	91	11.0
9	92	11.0
9	93	13.0
9	94	12.0
9	95	11.0
9	96	16.0
9	97	15.0
9	98	12.0
9	99	18.0
9	100	19.0
9	101	14.0
9	102	11.0
9	103	13.0
9	104	17.0
9	105	12.0
9	106	14.0
9	107	20.0
9	108	7.0
9	109	14.0
9	110	11.0
9	111	11.0
9	112	13.0
9	113	14.0
9	114	17.0
9	115	20.0
9	116	15.0
9	117	26.0
9	118	22.0
9	119	19.0
9	120	22.0
9	121	10.0
9	122	23.0
10	11	135.0
10	12	45.0
10	13	33.0
10	14	25.0
10	15	19.0
10	16	22.0
10	17	27.0
10	18	20.0
10	19	23.0
10	20	25.0
10	21	17.0
10	22	15.0
10	23	16.0
10	24	17.0
10	25	12.0
10	26	12.0
10	27	5.0
10	28	11.0
10	29	11.0
10	30	5.0
10	31	7.0
10	32	10.0
10	33	7.0
10	34	7.0
10	35	5.0
10	36	5.0
10	37	4.0
10	38	4.0
10	39	5.0
10	40	5.0
10	41	9.0
10	42	4.0
10	43	8.0
10	44	4.0
10	45	9.0
10	46	8.0
10	47	8.0
10	48	9.0
10	49	17.0
10	50	14.0
10	51	17.0
10	52	8.0
10	53	21.0
10	54	17.0
10	55	8.0
10	56	11.0
10	57	12.0
10	58	21.0
10	59	21.0
10	60	14.0
10	61	11.0
10	62	8.0
10	63	4.0
10	64	7.0
10	65	7.0
10	66	16.0
10	67	6.0
10	68	12.0
10	69	10.0
10	70	19.0
10	71	10.0
10	72	11.0
10	73	10.0
10	74	11.0
10	75	16.0
10	76	19.0
10	77	18.0
10	78	17.0
10	79	11.0
10	80	11.0
10	81	11.0
10	82	7.0
10	83	10.0
10	84	12.0
10	85	12.0
10	86	14.0
10	87	11.0
10	88	6.0
10	89	7.0
10	90	10.0
10	91	16.0
10	92	12.0
10	93	6.0
10	94	15.0
10	95	10.0
10	96	14.0
10	97	7.0
10	98	8.0
10	99	14.0
10	100	10.0
10	101	13.0
10	102	5.0
10	103	11.0
10	104	10.0
10	105	21.0
10	106	9.0
10	107	17.0
10	108	13.0
10	109	12.0
10	110	13.0
10	111	16.0
10	112	10.0
10	113	17.0
10	114	25.0
10	115	16.0
10	116	16.0
10	117	17.0
10	118	16.0
10	119	11.0
10	120	16.0
10	121	24.0
10	122	19.0
11	12	51.0
11	13	28.0
11	14	39.0
11	15	22.0
11	16	44.0
11	17	35.0
11	18	45.0
11	19	21.0
11	20	27.0
11	21	23.0
11	22	10.0
11	23	15.0
11	24	12.0
11	25	14.0
11	26	9.0
11	27	9.0
11	28	9.0
11	29	14.0
11	30	11.0
11	31	9.0
11	32	8.0
11	33	3.0
11	34	4.0
11	35	3.0
11	36	1.0
11	37	3.0
11	38	1.0
11	39	7.0
11	40	8.0
11	41	9.0
11	42	5.0
11	43	12.0
11	44	7.0
11	45	10.0
11	46	8.0
11	47	9.0
11	48	14.0
11	49	19.0
11	50	18.0
11	51	9.0
11	52	13.0
11	53	10.0
11	54	16.0
11	55	5.0
11	56	8.0
11	57	20.0
11	58	13.0
11	59	12.0
11	60	16.0
11	61	12.0
11	62	12.0
11	63	16.0
11	64	15.0
11	65	9.0
11	66	9.0
11	67	12.0
11	68	9.0
11	69	10.0
11	70	8.0
11	71	18.0
11	72	13.0
11	73	10.0
11	74	18.0
11	75	15.0
11	76	9.0
11	77	26.0
11	78	12.0
11	79	8.0
11	80	15.0
11	81	11.0
11	82	11.0
11	83	10.0
11	84	11.0
11	85	14.0
11	86	9.0
11	87	9.0
11	88	6.0
11	89	14.0
11	90	13.0
11	91	21.0
11	92	9.0
11	93	11.0
11	94	17.0
11	95	11.0
11	96	8.0
11	97	7.0
11	98	8.0
11	99	11.0
11	100	15.0
11	101	12.0
11	102	11.0
11	103	14.0
11	104	14.0
11	105	10.0
11	106	8.0
11	107	19.0
11	108	12.0
11	109	15.0
11	110	15.0
11	111	15.0
11	112	11.0
11	113	10.0
11	114	19.0
11	115	7.0
11	116	19.0
11	117	23.0
11	118	12.0
11	119	16.0
11	120	22.0
11	121	20.0
11	122	21.0
12	13	45.0
12	14	75.0
12	15	38.0
12	16	46.0
12	17	39.0
12	18	29.0
12	19	40.0
12	20	20.0
12	21	16.0
12	22	19.0
12	23	21.0
12	24	14.0
12	25	15.0
12	26	8.0
12	27	10.0
12	28	12.0
12	29	11.0
12	30	17.0
12	31	10.0
12	32	7.0
12	33	4.0
12	34	3.0
12	35	7.0
12	36	7.0
12	37	3.0
12	38	7.0
12	39	7.0
12	40	9.0
12	41	7.0
12	42	4.0
12	43	13.0
12	44	8.0
12	45	6.0
12	46	15.0
12	47	15.0
12	48	19.0
12	49	18.0
12	50	15.0
12	51	17.0
12	52	14.0
12	53	15.0
12	54	14.0
12	55	8.0
12	56	12.0
12	57	17.0
12	58	8.0
12	59	13.0
12	60	13.0
12	61	12.0
12	62	10.0
12	63	4.0
12	64	9.0
12	65	5.0
12	66	9.0
12	67	12.0
12	68	8.0
12	69	13.0
12	70	11.0
12	71	15.0
12	72	9.0
12	73	14.0
12	74	4.0
12	75	10.0
12	76	18.0
12	77	9.0
12	78	3.0
12	79	7.0
12	80	10.0
12	81	8.0
12	82	16.0
12	83	12.0
12	84	9.0
12	85	11.0
12	86	6.0
12	87	6.0
12	88	9.0
12	89	8.0
12	90	10.0
12	91	7.0
12	92	9.0
12	93	9.0
12	94	8.0
12	95	5.0
12	96	5.0
12	97	6.0
12	98	9.0
12	99	8.0
12	100	2.0
12	101	11.0
12	102	8.0
12	103	14.0
12	104	10.0
12	105	14.0
12	106	11.0
12	107	10.0
12	108	10.0
12	109	11.0
12	110	14.0
12	111	13.0
12	112	15.0
12	113	14.0
12	114	13.0
12	115	11.0
12	116	6.0
12	117	20.0
12	118	16.0
12	119	9.0
12	120	12.0
12	121	10.0
12	122	14.0
13	14	148.0
13	15	60.0
13	16	43.0
13	17	22.0
13	18	23.0
13	19	23.0
13	20	27.0
13	21	23.0
13	22	19.0
13	23	20.0
13	24	17.0
13	25	14.0
13	26	8.0
13	27	7.0
13	28	13.0
13	29	11.0
13	30	4.0
13	31	10.0
13	32	5.0
13	33	11.0
13	34	2.0
13	35	4.0
13	36	9.0
13	37	6.0
13	38	6.0
13	39	3.0
13	40	9.0
13	41	6.0
13	42	4.0
13	43	6.0
13	44	6.0
13	45	9.0
13	46	9.0
13	47	10.0
13	48	10.0
13	49	18.0
13	50	11.0
13	51	8.0
13	52	12.0
13	53	15.0
13	54	9.0
13	55	6.0
13	56	12.0
13	57	8.0
13	58	12.0
13	59	11.0
13	60	21.0
13	61	14.0
13	62	11.0
13	63	8.0
13	64	11.0
13	65	10.0
13	66	8.0
13	67	14.0
13	68	12.0
13	69	18.0
13	70	6.0
13	71	13.0
13	72	8.0
13	73	9.0
13	74	7.0
13	75	15.0
13	76	10.0
13	77	15.0
13	78	11.0
13	79	9.0
13	80	6.0
13	81	9.0
13	82	14.0
13	83	9.0
13	84	11.0
13	85	6.0
13	86	5.0
13	87	7.0
13	88	11.0
13	89	11.0
13	90	6.0
13	91	11.0
13	92	6.0
13	93	7.0
13	94	9.0
13	95	9.0
13	96	10.0
13	97	4.0
13	98	5.0
13	99	8.0
13	100	9.0
13	101	11.0
13	102	8.0
13	103	8.0
13	104	5.0
13	105	10.0
13	106	2.0
13	107	11.0
13	108	8.0
13	109	17.0
13	110	6.0
13	111	9.0
13	112	12.0
13	113	10.0
13	114	11.0
13	115	10.0
13	116	7.0
13	117	9.0
13	118	9.0
13	119	8.0
13	120	13.0
13	121	18.0
13	122	12.0
14	15	90.0
14	16	45.0
14	17	37.0
14	18	41.0
14	19	40.0
14	20	25.0
14	21	17.0
14	22	19.0
14	23	24.0
14	24	14.0
14	25	22.0
14	26	12.0
14	27	7.0
14	28	6.0
14	29	8.0
14	30	7.0
14	31	12.0
14	32	9.0
14	33	8.0
14	34	7.0
14	35	7.0
14	36	3.0
14	37	3.0
14	38	7.0
14	39	7.0
14	40	9.0
14	41	5.0
14	42	5.0
14	43	5.0
14	44	6.0
14	45	5.0
14	46	10.0
14	47	10.0
14	48	13.0
14	49	12.0
14	50	20.0
14	51	10.0
14	52	11.0
14	53	19.0
14	54	14.0
14	55	15.0
14	56	15.0
14	57	13.0
14	58	18.0
14	59	15.0
14	60	8.0
14	61	8.0
14	62	6.0
14	63	7.0
14	64	6.0
14	65	6.0
14	66	8.0
14	67	8.0
14	68	8.0
14	69	10.0
14	70	12.0
14	71	8.0
14	72	6.0
14	73	14.0
14	74	9.0
14	75	14.0
14	76	8.0
14	77	5.0
14	78	10.0
14	79	8.0
14	80	16.0
14	81	12.0
14	82	12.0
14	83	11.0
14	84	18.0
14	85	8.0
14	86	12.0
14	87	5.0
14	88	9.0
14	89	10.0
14	90	6.0
14	91	11.0
14	92	12.0
14	93	10.0
14	94	9.0
14	95	7.0
14	96	7.0
14	97	4.0
14	98	8.0
14	99	10.0
14	100	5.0
14	101	10.0
14	102	9.0
14	103	10.0
14	104	13.0
14	105	8.0
14	106	13.0
14	107	8.0
14	108	11.0
14	109	9.0
14	110	15.0
14	111	12.0
14	112	14.0
14	113	14.0
14	114	13.0
14	115	11.0
14	116	11.0
14	117	7.0
14	118	13.0
14	119	15.0
14	120	10.0
14	121	11.0
14	122	13.0
15	16	58.0
15	17	46.0
15	18	27.0
15	19	50.0
15	20	38.0
15	21	19.0
15	22	15.0
15	23	21.0
15	24	24.0
15	25	13.0
15	26	14.0
15	27	8.0
15	28	11.0
15	29	5.0
15	30	10.0
15	31	5.0
15	32	11.0
15	33	4.0
15	34	3.0
15	35	4.0
15	36	4.0
15	37	3.0
15	38	7.0
15	39	8.0
15	40	5.0
15	41	12.0
15	42	7.0
15	43	6.0
15	44	8.0
15	45	10.0
15	46	9.0
15	47	9.0
15	48	12.0
15	49	11.0
15	50	17.0
15	51	15.0
15	52	17.0
15	53	15.0
15	54	13.0
15	55	10.0
15	56	14.0
15	57	3.0
15	58	13.0
15	59	8.0
15	60	13.0
15	61	9.0
15	62	10.0
15	63	7.0
15	64	10.0
15	65	13.0
15	66	10.0
15	67	7.0
15	68	11.0
15	69	10.0
15	70	10.0
15	71	10.0
15	72	12.0
15	73	9.0
15	74	5.0
15	75	10.0
15	76	5.0
15	77	12.0
15	78	18.0
15	79	6.0
15	80	17.0
15	81	4.0
15	82	4.0
15	83	10.0
15	84	9.0
15	85	8.0
15	86	6.0
15	87	10.0
15	88	4.0
15	89	16.0
15	90	6.0
15	91	9.0
15	92	10.0
15	93	5.0
15	94	10.0
15	95	3.0
15	96	11.0
15	97	9.0
15	98	10.0
15	99	8.0
15	100	7.0
15	101	7.0
15	102	9.0
15	103	9.0
15	104	9.0
15	105	7.0
15	106	5.0
15	107	5.0
15	108	7.0
15	109	7.0
15	110	8.0
15	111	7.0
15	112	12.0
15	113	13.0
15	114	8.0
15	115	14.0
15	116	11.0
15	117	8.0
15	118	12.0
15	119	14.0
15	120	8.0
15	121	9.0
15	122	13.0
16	17	221.0
16	18	104.0
16	19	160.0
16	20	52.0
16	21	41.0
16	22	29.0
16	23	29.0
16	24	33.0
16	25	18.0
16	26	5.0
16	27	15.0
16	28	14.0
16	29	16.0
16	30	13.0
16	31	17.0
16	32	8.0
16	33	10.0
16	34	12.0
16	35	5.0
16	36	4.0
16	37	2.0
16	38	6.0
16	39	4.0
16	40	12.0
16	41	3.0
16	42	11.0
16	43	7.0
16	44	4.0
16	45	10.0
16	46	15.0
16	47	12.0
16	48	20.0
16	49	15.0
16	50	13.0
16	51	14.0
16	52	26.0
16	53	27.0
16	54	11.0
16	55	12.0
16	56	11.0
16	57	14.0
16	58	13.0
16	59	8.0
16	60	20.0
16	61	11.0
16	62	11.0
16	63	10.0
16	64	13.0
16	65	13.0
16	66	9.0
16	67	13.0
16	68	14.0
16	69	11.0
16	70	11.0
16	71	14.0
16	72	11.0
16	73	10.0
16	74	7.0
16	75	10.0
16	76	12.0
16	77	9.0
16	78	11.0
16	79	7.0
16	80	9.0
16	81	15.0
16	82	8.0
16	83	6.0
16	84	7.0
16	85	11.0
16	86	9.0
16	87	11.0
16	88	2.0
16	89	9.0
16	90	5.0
16	91	11.0
16	92	6.0
16	93	14.0
16	94	6.0
16	95	11.0
16	96	3.0
16	97	6.0
16	98	10.0
16	99	6.0
16	100	7.0
16	101	7.0
16	102	5.0
16	103	13.0
16	104	6.0
16	105	11.0
16	106	7.0
16	107	9.0
16	108	13.0
16	109	11.0
16	110	10.0
16	111	8.0
16	112	8.0
16	113	13.0
16	114	9.0
16	115	6.0
16	116	12.0
16	117	12.0
16	118	7.0
16	119	5.0
16	120	15.0
16	121	9.0
16	122	8.0
17	18	146.0
17	19	156.0
17	20	67.0
17	21	39.0
17	22	35.0
17	23	37.0
17	24	21.0
17	25	26.0
17	26	22.0
17	27	16.0
17	28	12.0
17	29	11.0
17	30	14.0
17	31	5.0
17	32	11.0
17	33	8.0
17	34	6.0
17	35	7.0
17	36	5.0
17	37	4.0
17	38	5.0
17	39	6.0
17	40	11.0
17	41	7.0
17	42	6.0
17	43	5.0
17	44	8.0
17	45	10.0
17	46	20.0
17	47	11.0
17	48	22.0
17	49	13.0
17	50	25.0
17	51	23.0
17	52	23.0
17	53	15.0
17	54	15.0
17	55	19.0
17	56	15.0
17	57	12.0
17	58	16.0
17	59	14.0
17	60	15.0
17	61	11.0
17	62	12.0
17	63	9.0
17	64	10.0
17	65	12.0
17	66	8.0
17	67	8.0
17	68	8.0
17	69	16.0
17	70	14.0
17	71	9.0
17	72	8.0
17	73	10.0
17	74	8.0
17	75	8.0
17	76	9.0
17	77	12.0
17	78	15.0
17	79	10.0
17	80	10.0
17	81	6.0
17	82	11.0
17	83	10.0
17	84	13.0
17	85	9.0
17	86	11.0
17	87	10.0
17	88	6.0
17	89	7.0
17	90	5.0
17	91	9.0
17	92	5.0
17	93	6.0
17	94	7.0
17	95	5.0
17	96	4.0
17	97	9.0
17	98	8.0
17	99	13.0
17	100	2.0
17	101	8.0
17	102	4.0
17	103	5.0
17	104	12.0
17	105	12.0
17	106	5.0
17	107	6.0
17	108	8.0
17	109	3.0
17	110	8.0
17	111	10.0
17	112	13.0
17	113	13.0
17	114	7.0
17	115	7.0
17	116	10.0
17	117	10.0
17	118	9.0
17	119	10.0
17	120	7.0
17	121	19.0
17	122	11.0
18	19	84.0
18	20	42.0
18	21	38.0
18	22	34.0
18	23	36.0
18	24	24.0
18	25	19.0
18	26	14.0
18	27	13.0
18	28	11.0
18	29	17.0
18	30	15.0
18	31	8.0
18	32	13.0
18	33	9.0
18	34	10.0
18	35	4.0
18	36	4.0
18	37	6.0
18	38	6.0
18	39	8.0
18	40	8.0
18	41	9.0
18	42	9.0
18	43	7.0
18	44	14.0
18	45	9.0
18	46	11.0
18	47	12.0
18	48	12.0
18	49	22.0
18	50	22.0
18	51	23.0
18	52	17.0
18	53	20.0
18	54	23.0
18	55	15.0
18	56	9.0
18	57	24.0
18	58	12.0
18	59	20.0
18	60	15.0
18	61	21.0
18	62	9.0
18	63	10.0
18	64	7.0
18	65	7.0
18	66	8.0
18	67	12.0
18	68	6.0
18	69	13.0
18	70	17.0
18	71	13.0
18	72	15.0
18	73	15.0
18	74	16.0
18	75	11.0
18	76	9.0
18	77	9.0
18	78	15.0
18	79	12.0
18	80	10.0
18	81	16.0
18	82	9.0
18	83	7.0
18	84	7.0
18	85	8.0
18	86	7.0
18	87	5.0
18	88	7.0
18	89	14.0
18	90	9.0
18	91	5.0
18	92	10.0
18	93	9.0
18	94	7.0
18	95	4.0
18	96	7.0
18	97	6.0
18	98	10.0
18	99	7.0
18	100	8.0
18	101	6.0
18	102	7.0
18	103	10.0
18	104	7.0
18	105	8.0
18	106	10.0
18	107	5.0
18	108	15.0
18	109	12.0
18	110	11.0
18	111	12.0
18	112	11.0
18	113	10.0
18	114	13.0
18	115	11.0
18	116	11.0
18	117	11.0
18	118	10.0
18	119	11.0
18	120	15.0
18	121	13.0
18	122	8.0
19	20	78.0
19	21	47.0
19	22	37.0
19	23	40.0
19	24	34.0
19	25	22.0
19	26	22.0
19	27	12.0
19	28	17.0
19	29	8.0
19	30	14.0
19	31	10.0
19	32	6.0
19	33	6.0
19	34	9.0
19	35	6.0
19	36	6.0
19	37	10.0
19	38	9.0
19	39	13.0
19	40	6.0
19	41	7.0
19	42	5.0
19	43	12.0
19	44	13.0
19	45	8.0
19	46	10.0
19	47	13.0
19	48	16.0
19	49	12.0
19	50	14.0
19	51	10.0
19	52	17.0
19	53	18.0
19	54	25.0
19	55	10.0
19	56	9.0
19	57	18.0
19	58	14.0
19	59	18.0
19	60	20.0
19	61	18.0
19	62	13.0
19	63	7.0
19	64	9.0
19	65	10.0
19	66	8.0
19	67	12.0
19	68	7.0
19	69	15.0
19	70	12.0
19	71	14.0
19	72	12.0
19	73	6.0
19	74	11.0
19	75	12.0
19	76	7.0
19	77	15.0
19	78	15.0
19	79	6.0
19	80	10.0
19	81	13.0
19	82	10.0
19	83	10.0
19	84	10.0
19	85	7.0
19	86	14.0
19	87	18.0
19	88	6.0
19	89	12.0
19	90	11.0
19	91	7.0
19	92	11.0
19	93	7.0
19	94	10.0
19	95	15.0
19	96	7.0
19	97	6.0
19	98	11.0
19	99	3.0
19	100	9.0
19	101	6.0
19	102	9.0
19	103	6.0
19	104	10.0
19	105	12.0
19	106	12.0
19	107	8.0
19	108	3.0
19	109	5.0
19	110	7.0
19	111	9.0
19	112	10.0
19	113	14.0
19	114	13.0
19	115	14.0
19	116	8.0
19	117	14.0
19	118	10.0
19	119	14.0
19	120	12.0
19	121	9.0
19	122	9.0
20	21	73.0
20	22	52.0
20	23	45.0
20	24	27.0
20	25	23.0
20	26	19.0
20	27	14.0
20	28	16.0
20	29	14.0
20	30	11.0
20	31	10.0
20	32	14.0
20	33	11.0
20	34	3.0
20	35	3.0
20	36	11.0
20	37	5.0
20	38	7.0
20	39	11.0
20	40	10.0
20	41	9.0
20	42	9.0
20	43	10.0
20	44	3.0
20	45	10.0
20	46	7.0
20	47	16.0
20	48	13.0
20	49	21.0
20	50	20.0
20	51	22.0
20	52	29.0
20	53	17.0
20	54	23.0
20	55	9.0
20	56	25.0
20	57	12.0
20	58	14.0
20	59	14.0
20	60	11.0
20	61	11.0
20	62	8.0
20	63	16.0
20	64	14.0
20	65	15.0
20	66	12.0
20	67	14.0
20	68	11.0
20	69	14.0
20	70	14.0
20	71	11.0
20	72	11.0
20	73	12.0
20	74	20.0
20	75	5.0
20	76	13.0
20	77	12.0
20	78	11.0
20	79	9.0
20	80	14.0
20	81	9.0
20	82	12.0
20	83	11.0
20	84	13.0
20	85	14.0
20	86	7.0
20	87	7.0
20	88	5.0
20	89	4.0
20	90	7.0
20	91	7.0
20	92	10.0
20	93	8.0
20	94	11.0
20	95	4.0
20	96	5.0
20	97	3.0
20	98	6.0
20	99	4.0
20	100	3.0
20	101	10.0
20	102	5.0
20	103	4.0
20	104	9.0
20	105	6.0
20	106	8.0
20	107	5.0
20	108	11.0
20	109	10.0
20	110	6.0
20	111	8.0
20	112	8.0
20	113	7.0
20	114	7.0
20	115	9.0
20	116	4.0
20	117	6.0
20	118	11.0
20	119	5.0
20	120	8.0
20	121	16.0
20	122	10.0
21	22	65.0
21	23	38.0
21	24	49.0
21	25	29.0
21	26	29.0
21	27	11.0
21	28	17.0
21	29	16.0
21	30	14.0
21	31	18.0
21	32	12.0
21	33	9.0
21	34	8.0
21	35	4.0
21	36	2.0
21	37	6.0
21	38	4.0
21	39	3.0
21	40	13.0
21	41	6.0
21	42	13.0
21	43	11.0
21	44	8.0
21	45	8.0
21	46	18.0
21	47	16.0
21	48	28.0
21	49	21.0
21	50	18.0
21	51	29.0
21	52	24.0
21	53	34.0
21	54	17.0
21	55	20.0
21	56	17.0
21	57	17.0
21	58	19.0
21	59	13.0
21	60	21.0
21	61	11.0
21	62	10.0
21	63	7.0
21	64	13.0
21	65	9.0
21	66	9.0
21	67	14.0
21	68	12.0
21	69	15.0
21	70	6.0
21	71	12.0
21	72	9.0
21	73	10.0
21	74	7.0
21	75	12.0
21	76	13.0
21	77	8.0
21	78	7.0
21	79	10.0
21	80	9.0
21	81	13.0
21	82	9.0
21	83	8.0
21	84	9.0
21	85	10.0
21	86	14.0
21	87	7.0
21	88	8.0
21	89	6.0
21	90	1.0
21	91	10.0
21	92	9.0
21	93	7.0
21	94	8.0
21	95	10.0
21	96	6.0
21	97	3.0
21	98	8.0
21	99	7.0
21	100	7.0
21	101	7.0
21	102	6.0
21	103	6.0
21	104	3.0
21	105	10.0
21	106	15.0
21	107	6.0
21	108	7.0
21	109	3.0
21	110	3.0
21	111	10.0
21	112	9.0
21	113	8.0
21	114	8.0
21	115	4.0
21	116	9.0
21	117	6.0
21	118	11.0
21	119	14.0
21	120	11.0
21	121	7.0
21	122	8.0
22	23	112.0
22	24	102.0
22	25	49.0
22	26	18.0
22	27	16.0
22	28	19.0
22	29	17.0
22	30	17.0
22	31	11.0
22	32	16.0
22	33	9.0
22	34	10.0
22	35	8.0
22	36	3.0
22	37	9.0
22	38	7.0
22	39	7.0
22	40	9.0
22	41	8.0
22	42	14.0
22	43	11.0
22	44	3.0
22	45	11.0
22	46	8.0
22	47	19.0
22	48	27.0
22	49	17.0
22	50	26.0
22	51	19.0
22	52	30.0
22	53	25.0
22	54	23.0
22	55	13.0
22	56	13.0
22	57	20.0
22	58	16.0
22	59	16.0
22	60	13.0
22	61	8.0
22	62	19.0
22	63	10.0
22	64	10.0
22	65	9.0
22	66	11.0
22	67	7.0
22	68	11.0
22	69	13.0
22	70	8.0
22	71	9.0
22	72	8.0
22	73	10.0
22	74	7.0
22	75	9.0
22	76	14.0
22	77	11.0
22	78	8.0
22	79	10.0
22	80	8.0
22	81	8.0
22	82	6.0
22	83	6.0
22	84	11.0
22	85	7.0
22	86	6.0
22	87	9.0
22	88	8.0
22	89	7.0
22	90	7.0
22	91	8.0
22	92	8.0
22	93	8.0
22	94	7.0
22	95	8.0
22	96	6.0
22	97	3.0
22	98	6.0
22	99	7.0
22	100	8.0
22	101	4.0
22	102	10.0
22	103	5.0
22	104	3.0
22	105	8.0
22	106	9.0
22	107	7.0
22	108	9.0
22	109	7.0
22	110	7.0
22	111	7.0
22	112	8.0
22	113	5.0
22	114	9.0
22	115	6.0
22	116	10.0
22	117	9.0
22	118	14.0
22	119	6.0
22	120	6.0
22	121	12.0
22	122	8.0
23	24	82.0
23	25	32.0
23	26	19.0
23	27	18.0
23	28	19.0
23	29	21.0
23	30	19.0
23	31	13.0
23	32	11.0
23	33	12.0
23	34	8.0
23	35	6.0
23	36	6.0
23	37	6.0
23	38	8.0
23	39	10.0
23	40	7.0
23	41	14.0
23	42	11.0
23	43	8.0
23	44	14.0
23	45	14.0
23	46	6.0
23	47	16.0
23	48	22.0
23	49	24.0
23	50	25.0
23	51	23.0
23	52	15.0
23	53	22.0
23	54	11.0
23	55	13.0
23	56	9.0
23	57	17.0
23	58	13.0
23	59	14.0
23	60	13.0
23	61	11.0
23	62	2.0
23	63	6.0
23	64	12.0
23	65	12.0
23	66	8.0
23	67	6.0
23	68	10.0
23	69	11.0
23	70	11.0
23	71	16.0
23	72	6.0
23	73	12.0
23	74	10.0
23	75	9.0
23	76	11.0
23	77	10.0
23	78	16.0
23	79	11.0
23	80	8.0
23	81	8.0
23	82	9.0
23	83	7.0
23	84	11.0
23	85	3.0
23	86	1.0
23	87	7.0
23	88	7.0
23	89	9.0
23	90	12.0
23	91	6.0
23	92	8.0
23	93	3.0
23	94	5.0
23	95	6.0
23	96	4.0
23	97	3.0
23	98	5.0
23	99	8.0
23	100	2.0
23	101	9.0
23	102	7.0
23	103	5.0
23	104	8.0
23	105	6.0
23	106	9.0
23	107	6.0
23	108	7.0
23	109	9.0
23	110	12.0
23	111	1.0
23	112	5.0
23	113	7.0
23	114	12.0
23	115	8.0
23	116	6.0
23	117	7.0
23	118	11.0
23	119	3.0
23	120	13.0
23	121	4.0
23	122	13.0
24	25	36.0
24	26	29.0
24	27	20.0
24	28	26.0
24	29	24.0
24	30	36.0
24	31	12.0
24	32	7.0
24	33	7.0
24	34	8.0
24	35	7.0
24	36	14.0
24	37	3.0
24	38	7.0
24	39	10.0
24	40	12.0
24	41	10.0
24	42	12.0
24	43	9.0
24	44	5.0
24	45	11.0
24	46	12.0
24	47	10.0
24	48	26.0
24	49	19.0
24	50	27.0
24	51	17.0
24	52	21.0
24	53	18.0
24	54	8.0
24	55	16.0
24	56	20.0
24	57	23.0
24	58	5.0
24	59	9.0
24	60	10.0
24	61	6.0
24	62	15.0
24	63	8.0
24	64	7.0
24	65	7.0
24	66	7.0
24	67	10.0
24	68	10.0
24	69	6.0
24	70	9.0
24	71	13.0
24	72	13.0
24	73	7.0
24	74	7.0
24	75	12.0
24	76	5.0
24	77	15.0
24	78	4.0
24	79	9.0
24	80	6.0
24	81	15.0
24	82	6.0
24	83	5.0
24	84	4.0
24	85	8.0
24	86	9.0
24	87	7.0
24	88	5.0
24	89	12.0
24	90	4.0
24	91	9.0
24	92	5.0
24	93	5.0
24	94	6.0
24	95	8.0
24	96	5.0
24	97	7.0
24	98	10.0
24	99	8.0
24	100	10.0
24	101	3.0
24	102	6.0
24	103	9.0
24	104	5.0
24	105	5.0
24	106	5.0
24	107	6.0
24	108	8.0
24	109	9.0
24	110	7.0
24	111	9.0
24	112	5.0
24	113	6.0
24	114	12.0
24	115	5.0
24	116	9.0
24	117	8.0
24	118	8.0
24	119	12.0
24	120	12.0
24	121	10.0
24	122	11.0
25	26	53.0
25	27	48.0
25	28	43.0
25	29	32.0
25	30	20.0
25	31	19.0
25	32	15.0
25	33	7.0
25	34	8.0
25	35	7.0
25	36	7.0
25	37	7.0
25	38	12.0
25	39	9.0
25	40	20.0
25	41	18.0
25	42	21.0
25	43	17.0
25	44	12.0
25	45	14.0
25	46	16.0
25	47	20.0
25	48	31.0
25	49	29.0
25	50	22.0
25	51	37.0
25	52	29.0
25	53	13.0
25	54	17.0
25	55	8.0
25	56	18.0
25	57	16.0
25	58	16.0
25	59	15.0
25	60	10.0
25	61	10.0
25	62	21.0
25	63	14.0
25	64	18.0
25	65	10.0
25	66	9.0
25	67	7.0
25	68	13.0
25	69	11.0
25	70	11.0
25	71	4.0
25	72	12.0
25	73	6.0
25	74	7.0
25	75	10.0
25	76	14.0
25	77	8.0
25	78	13.0
25	79	2.0
25	80	12.0
25	81	5.0
25	82	9.0
25	83	11.0
25	84	7.0
25	85	3.0
25	86	8.0
25	87	6.0
25	88	8.0
25	89	9.0
25	90	8.0
25	91	4.0
25	92	9.0
25	93	6.0
25	94	11.0
25	95	9.0
25	96	7.0
25	97	3.0
25	98	4.0
25	99	7.0
25	100	7.0
25	101	4.0
25	102	4.0
25	103	7.0
25	104	4.0
25	105	8.0
25	106	9.0
25	107	10.0
25	108	3.0
25	109	4.0
25	110	5.0
25	111	6.0
25	112	8.0
25	113	12.0
25	114	10.0
25	115	8.0
25	116	14.0
25	117	7.0
25	118	5.0
25	119	7.0
25	120	11.0
25	121	9.0
25	122	3.0
26	27	66.0
26	28	29.0
26	29	36.0
26	30	26.0
26	31	13.0
26	32	7.0
26	33	11.0
26	34	9.0
26	35	8.0
26	36	9.0
26	37	9.0
26	38	10.0
26	39	10.0
26	40	6.0
26	41	11.0
26	42	17.0
26	43	10.0
26	44	14.0
26	45	21.0
26	46	24.0
26	47	35.0
26	48	50.0
26	49	38.0
26	50	26.0
26	51	30.0
26	52	35.0
26	53	31.0
26	54	18.0
26	55	16.0
26	56	18.0
26	57	21.0
26	58	15.0
26	59	15.0
26	60	15.0
26	61	14.0
26	62	12.0
26	63	9.0
26	64	16.0
26	65	9.0
26	66	9.0
26	67	8.0
26	68	14.0
26	69	5.0
26	70	11.0
26	71	14.0
26	72	11.0
26	73	17.0
26	74	13.0
26	75	13.0
26	76	6.0
26	77	10.0
26	78	11.0
26	79	8.0
26	80	12.0
26	81	9.0
26	82	8.0
26	83	5.0
26	84	5.0
26	85	7.0
26	86	10.0
26	87	7.0
26	88	6.0
26	89	6.0
26	90	6.0
26	91	5.0
26	92	3.0
26	93	7.0
26	94	11.0
26	95	9.0
26	96	10.0
26	97	2.0
26	98	5.0
26	99	3.0
26	100	7.0
26	101	9.0
26	102	4.0
26	103	4.0
26	104	8.0
26	105	8.0
26	106	3.0
26	107	8.0
26	108	3.0
26	109	8.0
26	110	8.0
26	111	9.0
26	112	7.0
26	113	4.0
26	114	7.0
26	115	8.0
26	116	7.0
26	117	5.0
26	118	5.0
26	119	3.0
26	120	6.0
26	121	5.0
26	122	6.0
27	28	40.0
27	29	39.0
27	30	39.0
27	31	18.0
27	32	22.0
27	33	4.0
27	34	10.0
27	35	10.0
27	36	9.0
27	37	10.0
27	38	9.0
27	39	20.0
27	40	13.0
27	41	13.0
27	42	18.0
27	43	16.0
27	44	27.0
27	45	22.0
27	46	19.0
27	47	29.0
27	48	36.0
27	49	30.0
27	50	21.0
27	51	42.0
27	52	20.0
27	53	23.0
27	54	11.0
27	55	11.0
27	56	16.0
27	57	12.0
27	58	19.0
27	59	11.0
27	60	16.0
27	61	15.0
27	62	16.0
27	63	8.0
27	64	7.0
27	65	9.0
27	66	15.0
27	67	11.0
27	68	9.0
27	69	7.0
27	70	9.0
27	71	15.0
27	72	5.0
27	73	11.0
27	74	12.0
27	75	9.0
27	76	7.0
27	77	7.0
27	78	9.0
27	79	6.0
27	80	5.0
27	81	4.0
27	82	8.0
27	83	7.0
27	84	8.0
27	85	10.0
27	86	14.0
27	87	4.0
27	88	11.0
27	89	8.0
27	90	6.0
27	91	6.0
27	92	1.0
27	93	5.0
27	94	5.0
27	95	6.0
27	96	5.0
27	97	8.0
27	98	5.0
27	99	3.0
27	100	4.0
27	101	4.0
27	102	3.0
27	103	3.0
27	104	5.0
27	105	6.0
27	106	9.0
27	107	9.0
27	108	5.0
27	109	6.0
27	110	7.0
27	111	9.0
27	112	6.0
27	113	8.0
27	114	6.0
27	115	7.0
27	116	7.0
27	117	7.0
27	118	8.0
27	119	9.0
27	120	4.0
27	121	6.0
27	122	5.0
28	29	78.0
28	30	47.0
28	31	31.0
28	32	19.0
28	33	8.0
28	34	12.0
28	35	9.0
28	36	11.0
28	37	6.0
28	38	10.0
28	39	20.0
28	40	17.0
28	41	37.0
28	42	25.0
28	43	25.0
28	44	16.0
28	45	20.0
28	46	10.0
28	47	17.0
28	48	17.0
28	49	18.0
28	50	17.0
28	51	25.0
28	52	15.0
28	53	19.0
28	54	11.0
28	55	17.0
28	56	10.0
28	57	10.0
28	58	6.0
28	59	13.0
28	60	11.0
28	61	14.0
28	62	5.0
28	63	8.0
28	64	14.0
28	65	11.0
28	66	5.0
28	67	10.0
28	68	11.0
28	69	6.0
28	70	7.0
28	71	12.0
28	72	7.0
28	73	11.0
28	74	9.0
28	75	5.0
28	76	9.0
28	77	10.0
28	78	9.0
28	79	4.0
28	80	9.0
28	81	12.0
28	82	5.0
28	83	4.0
28	84	10.0
28	85	8.0
28	86	8.0
28	87	12.0
28	88	7.0
28	89	5.0
28	90	3.0
28	91	6.0
28	92	7.0
28	93	2.0
28	94	4.0
28	95	4.0
28	96	4.0
28	97	4.0
28	98	6.0
28	99	3.0
28	100	7.0
28	101	6.0
28	102	1.0
28	103	3.0
28	104	2.0
28	105	9.0
28	106	4.0
28	107	5.0
28	108	12.0
28	109	5.0
28	110	7.0
28	111	4.0
28	112	7.0
28	113	1.0
28	114	3.0
28	115	7.0
28	116	4.0
28	117	7.0
28	118	5.0
28	119	5.0
28	120	6.0
28	121	4.0
28	122	7.0
29	30	83.0
29	31	29.0
29	32	20.0
29	33	17.0
29	34	8.0
29	35	9.0
29	36	4.0
29	37	10.0
29	38	13.0
29	39	10.0
29	40	18.0
29	41	24.0
29	42	23.0
29	43	16.0
29	44	16.0
29	45	16.0
29	46	18.0
29	47	16.0
29	48	23.0
29	49	20.0
29	50	21.0
29	51	19.0
29	52	7.0
29	53	10.0
29	54	11.0
29	55	15.0
29	56	16.0
29	57	8.0
29	58	12.0
29	59	13.0
29	60	12.0
29	61	10.0
29	62	9.0
29	63	8.0
29	64	8.0
29	65	13.0
29	66	10.0
29	67	12.0
29	68	11.0
29	69	14.0
29	70	9.0
29	71	12.0
29	72	11.0
29	73	6.0
29	74	8.0
29	75	7.0
29	76	7.0
29	77	9.0
29	78	6.0
29	79	8.0
29	80	4.0
29	81	1.0
29	82	2.0
29	83	10.0
29	84	9.0
29	85	5.0
29	86	7.0
29	87	11.0
29	88	3.0
29	89	6.0
29	90	3.0
29	91	7.0
29	92	6.0
29	93	11.0
29	94	9.0
29	95	5.0
29	96	4.0
29	97	9.0
29	98	3.0
29	99	6.0
29	100	5.0
29	101	3.0
29	102	3.0
29	103	6.0
29	104	7.0
29	105	3.0
29	106	1.0
29	107	2.0
29	108	6.0
29	109	11.0
29	110	9.0
29	111	6.0
29	112	4.0
29	113	4.0
29	114	4.0
29	115	7.0
29	116	6.0
29	117	6.0
29	118	5.0
29	119	5.0
29	120	7.0
29	121	10.0
29	122	6.0
30	31	43.0
30	32	17.0
30	33	17.0
30	34	11.0
30	35	10.0
30	36	8.0
30	37	14.0
30	38	13.0
30	39	18.0
30	40	20.0
30	41	25.0
30	42	20.0
30	43	12.0
30	44	11.0
30	45	11.0
30	46	14.0
30	47	17.0
30	48	12.0
30	49	22.0
30	50	18.0
30	51	11.0
30	52	17.0
30	53	9.0
30	54	12.0
30	55	11.0
30	56	5.0
30	57	10.0
30	58	6.0
30	59	12.0
30	60	14.0
30	61	10.0
30	62	7.0
30	63	8.0
30	64	7.0
30	65	14.0
30	66	6.0
30	67	4.0
30	68	9.0
30	69	7.0
30	70	9.0
30	71	7.0
30	72	8.0
30	73	7.0
30	74	9.0
30	75	14.0
30	76	10.0
30	77	7.0
30	78	5.0
30	79	6.0
30	80	11.0
30	81	6.0
30	82	6.0
30	83	11.0
30	84	6.0
30	85	4.0
30	86	6.0
30	87	5.0
30	88	6.0
30	89	8.0
30	90	6.0
30	91	2.0
30	92	6.0
30	93	6.0
30	94	6.0
30	95	9.0
30	96	3.0
30	97	7.0
30	98	3.0
30	99	2.0
30	100	7.0
30	101	6.0
30	102	4.0
30	103	8.0
30	104	5.0
30	105	5.0
30	106	6.0
30	107	3.0
30	108	4.0
30	109	10.0
30	110	5.0
30	111	3.0
30	112	5.0
30	113	4.0
30	114	7.0
30	115	8.0
30	116	3.0
30	117	10.0
30	118	10.0
30	119	1.0
30	120	3.0
30	121	5.0
30	122	6.0
31	32	43.0
31	33	23.0
31	34	17.0
31	35	20.0
31	36	15.0
31	37	17.0
31	38	15.0
31	39	33.0
31	40	53.0
31	41	38.0
31	42	20.0
31	43	10.0
31	44	10.0
31	45	5.0
31	46	10.0
31	47	8.0
31	48	14.0
31	49	14.0
31	50	14.0
31	51	11.0
31	52	7.0
31	53	8.0
31	54	7.0
31	55	10.0
31	56	11.0
31	57	9.0
31	58	9.0
31	59	13.0
31	60	9.0
31	61	8.0
31	62	12.0
31	63	6.0
31	64	5.0
31	65	8.0
31	66	7.0
31	67	11.0
31	68	6.0
31	69	8.0
31	70	7.0
31	71	9.0
31	72	4.0
31	73	6.0
31	74	9.0
31	75	10.0
31	76	4.0
31	77	6.0
31	78	2.0
31	79	4.0
31	80	4.0
31	81	5.0
31	82	5.0
31	83	7.0
31	84	6.0
31	85	6.0
31	86	3.0
31	87	3.0
31	88	5.0
31	89	9.0
31	90	3.0
31	91	7.0
31	93	6.0
31	94	4.0
31	95	8.0
31	96	2.0
31	97	5.0
31	98	4.0
31	99	3.0
31	100	6.0
31	101	4.0
31	102	7.0
31	103	6.0
31	104	6.0
31	105	5.0
31	106	4.0
31	107	3.0
31	108	8.0
31	109	4.0
31	110	4.0
31	111	5.0
31	112	8.0
31	113	3.0
31	114	7.0
31	115	4.0
31	116	8.0
31	117	5.0
31	118	3.0
31	119	8.0
31	120	4.0
31	121	5.0
31	122	5.0
32	33	48.0
32	34	22.0
32	35	13.0
32	36	21.0
32	37	22.0
32	38	33.0
32	39	70.0
32	40	44.0
32	41	33.0
32	42	24.0
32	43	19.0
32	44	13.0
32	45	11.0
32	46	11.0
32	47	11.0
32	48	8.0
32	49	13.0
32	50	14.0
32	51	9.0
32	52	7.0
32	53	11.0
32	54	3.0
32	55	8.0
32	56	7.0
32	57	6.0
32	58	8.0
32	59	7.0
32	60	6.0
32	61	8.0
32	62	8.0
32	63	5.0
32	64	5.0
32	65	9.0
32	66	8.0
32	67	7.0
32	68	8.0
32	69	3.0
32	70	10.0
32	71	7.0
32	72	6.0
32	73	4.0
32	74	3.0
32	75	6.0
32	76	6.0
32	77	3.0
32	78	4.0
32	79	9.0
32	80	5.0
32	81	8.0
32	82	5.0
32	83	6.0
32	84	5.0
32	85	9.0
32	86	6.0
32	87	4.0
32	88	6.0
32	89	7.0
32	90	5.0
32	91	6.0
32	92	4.0
32	93	3.0
32	94	8.0
32	95	4.0
32	96	4.0
32	97	3.0
32	98	4.0
32	99	4.0
32	100	2.0
32	101	4.0
32	102	5.0
32	103	5.0
32	104	5.0
32	105	6.0
32	106	4.0
32	107	1.0
32	108	9.0
32	109	7.0
32	110	5.0
32	111	4.0
32	112	3.0
32	113	4.0
32	114	2.0
32	115	5.0
32	116	8.0
32	117	8.0
32	118	7.0
32	119	6.0
32	120	5.0
32	121	7.0
32	122	4.0
33	34	53.0
33	35	19.0
33	36	21.0
33	37	50.0
33	38	200.0
33	39	44.0
33	40	31.0
33	41	14.0
33	42	16.0
33	43	14.0
33	44	8.0
33	45	8.0
33	46	5.0
33	47	8.0
33	48	4.0
33	49	6.0
33	50	6.0
33	51	10.0
33	52	7.0
33	53	8.0
33	54	9.0
33	55	5.0
33	56	5.0
33	57	6.0
33	58	2.0
33	59	4.0
33	60	14.0
33	61	6.0
33	62	11.0
33	63	11.0
33	64	3.0
33	65	9.0
33	66	7.0
33	67	7.0
33	68	7.0
33	69	6.0
33	70	6.0
33	71	7.0
33	72	3.0
33	73	8.0
33	74	3.0
33	75	5.0
33	76	9.0
33	77	6.0
33	78	3.0
33	79	5.0
33	80	7.0
33	81	5.0
33	82	7.0
33	83	6.0
33	84	6.0
33	85	5.0
33	86	3.0
33	87	3.0
33	88	2.0
33	89	2.0
33	90	4.0
33	91	4.0
33	92	2.0
33	93	3.0
33	94	7.0
33	95	3.0
33	96	5.0
33	97	5.0
33	98	4.0
33	99	2.0
33	100	3.0
33	101	3.0
33	102	3.0
33	103	2.0
33	104	7.0
33	105	4.0
33	106	3.0
33	107	4.0
33	108	4.0
33	109	5.0
33	110	4.0
33	111	4.0
33	112	5.0
33	113	8.0
33	114	9.0
33	115	6.0
33	116	5.0
33	117	5.0
33	118	5.0
33	119	3.0
33	120	2.0
33	121	5.0
33	122	5.0
34	35	38.0
34	36	53.0
34	37	280.0
34	38	42.0
34	39	25.0
34	40	18.0
34	41	22.0
34	42	14.0
34	43	9.0
34	44	11.0
34	45	6.0
34	46	8.0
34	47	8.0
34	48	5.0
34	49	3.0
34	50	7.0
34	51	10.0
34	52	7.0
34	53	6.0
34	54	3.0
34	55	5.0
34	56	8.0
34	57	4.0
34	58	5.0
34	59	8.0
34	60	9.0
34	61	8.0
34	62	6.0
34	63	6.0
34	64	7.0
34	65	4.0
34	66	6.0
34	67	4.0
34	68	6.0
34	69	6.0
34	70	6.0
34	71	3.0
34	72	4.0
34	73	1.0
34	74	4.0
34	75	2.0
34	76	3.0
34	77	1.0
34	78	7.0
34	79	2.0
34	80	3.0
34	81	7.0
34	82	8.0
34	83	3.0
34	84	4.0
34	85	9.0
34	86	6.0
34	87	3.0
34	88	4.0
34	89	5.0
34	90	8.0
34	91	2.0
34	92	8.0
34	93	3.0
34	94	8.0
34	95	7.0
34	96	5.0
34	97	5.0
34	98	5.0
34	99	4.0
34	100	3.0
34	101	2.0
34	102	7.0
34	103	2.0
34	104	4.0
34	105	5.0
34	106	3.0
34	107	5.0
34	108	6.0
34	109	6.0
34	110	5.0
34	111	5.0
34	112	4.0
34	113	4.0
34	114	4.0
34	115	7.0
34	116	5.0
34	117	6.0
34	118	5.0
34	119	6.0
34	120	3.0
34	121	6.0
34	122	5.0
35	36	277.0
35	37	54.0
35	38	24.0
35	39	11.0
35	40	12.0
35	41	15.0
35	42	15.0
35	43	14.0
35	44	8.0
35	45	4.0
35	46	5.0
35	47	11.0
35	48	5.0
35	49	6.0
35	50	3.0
35	51	9.0
35	52	4.0
35	53	7.0
35	54	4.0
35	55	1.0
35	56	6.0
35	57	8.0
35	58	5.0
35	59	8.0
35	60	7.0
35	61	4.0
35	62	6.0
35	63	4.0
35	64	3.0
35	65	6.0
35	66	5.0
35	67	4.0
35	68	4.0
35	69	7.0
35	70	6.0
35	71	4.0
35	72	5.0
35	73	2.0
35	74	2.0
35	75	7.0
35	76	1.0
35	77	4.0
35	78	1.0
35	79	3.0
35	80	7.0
35	81	3.0
35	82	6.0
35	83	9.0
35	84	3.0
35	85	5.0
35	86	6.0
35	87	3.0
35	88	4.0
35	89	8.0
35	90	5.0
35	91	2.0
35	92	7.0
35	93	1.0
35	95	1.0
35	96	2.0
35	97	3.0
35	98	5.0
35	99	1.0
35	100	4.0
35	101	8.0
35	102	3.0
35	103	1.0
35	104	3.0
35	105	3.0
35	106	6.0
35	107	6.0
35	108	6.0
35	109	4.0
35	110	5.0
35	111	5.0
35	112	3.0
35	113	6.0
35	114	3.0
35	115	1.0
35	116	2.0
35	117	5.0
35	118	3.0
35	119	7.0
35	120	4.0
35	121	7.0
35	122	6.0
36	37	54.0
36	38	23.0
36	39	16.0
36	40	14.0
36	41	5.0
36	42	9.0
36	43	5.0
36	44	10.0
36	45	10.0
36	46	3.0
36	47	5.0
36	48	2.0
36	49	10.0
36	50	6.0
36	51	9.0
36	52	9.0
36	53	6.0
36	54	6.0
36	55	3.0
36	56	8.0
36	57	2.0
36	58	4.0
36	59	2.0
36	60	10.0
36	61	3.0
36	62	2.0
36	63	7.0
36	64	4.0
36	65	6.0
36	66	3.0
36	67	4.0
36	68	5.0
36	69	2.0
36	70	5.0
36	71	5.0
36	72	6.0
36	73	4.0
36	74	5.0
36	75	6.0
36	76	6.0
36	77	9.0
36	78	3.0
36	79	4.0
36	80	4.0
36	81	3.0
36	82	5.0
36	83	5.0
36	84	1.0
36	85	4.0
36	86	7.0
36	87	2.0
36	88	1.0
36	89	5.0
36	90	6.0
36	91	4.0
36	92	5.0
36	93	7.0
36	94	7.0
36	95	8.0
36	96	1.0
36	97	5.0
36	98	4.0
36	99	3.0
36	100	2.0
36	101	4.0
36	102	3.0
36	103	3.0
36	104	3.0
36	105	5.0
36	106	3.0
36	107	3.0
36	108	3.0
36	109	2.0
36	110	5.0
36	111	8.0
36	112	3.0
36	113	3.0
36	114	5.0
36	115	6.0
36	116	7.0
36	117	3.0
36	118	2.0
36	119	4.0
36	120	4.0
36	121	5.0
36	122	3.0
37	38	47.0
37	39	23.0
37	40	17.0
37	41	8.0
37	42	16.0
37	43	5.0
37	44	5.0
37	45	5.0
37	46	8.0
37	47	7.0
37	48	7.0
37	49	7.0
37	50	6.0
37	51	5.0
37	52	9.0
37	53	7.0
37	54	9.0
37	55	4.0
37	56	2.0
37	57	3.0
37	58	6.0
37	59	5.0
37	60	2.0
37	61	3.0
37	62	4.0
37	63	8.0
37	64	4.0
37	65	6.0
37	66	6.0
37	67	1.0
37	68	4.0
37	69	7.0
37	70	9.0
37	71	5.0
37	72	12.0
37	73	3.0
37	74	5.0
37	75	5.0
37	76	1.0
37	77	6.0
37	78	8.0
37	79	6.0
37	80	5.0
37	81	5.0
37	82	3.0
37	83	3.0
37	84	3.0
37	85	11.0
37	86	3.0
37	87	4.0
37	88	5.0
37	89	8.0
37	90	5.0
37	91	2.0
37	92	3.0
37	93	2.0
37	94	3.0
37	95	4.0
37	96	6.0
37	97	6.0
37	98	4.0
37	99	5.0
37	100	5.0
37	101	7.0
37	102	6.0
37	103	6.0
37	104	3.0
37	105	3.0
37	106	4.0
37	107	4.0
37	108	5.0
37	109	7.0
37	110	3.0
37	111	2.0
37	112	3.0
37	113	2.0
37	114	3.0
37	115	3.0
37	116	5.0
37	117	6.0
37	118	4.0
37	119	7.0
37	120	2.0
37	121	4.0
37	122	3.0
38	39	46.0
38	40	30.0
38	41	14.0
38	42	17.0
38	43	10.0
38	44	10.0
38	45	8.0
38	46	8.0
38	47	11.0
38	48	12.0
38	49	7.0
38	50	4.0
38	51	10.0
38	52	7.0
38	53	6.0
38	54	7.0
38	55	6.0
38	56	6.0
38	57	6.0
38	58	9.0
38	59	6.0
38	60	13.0
38	61	5.0
38	62	6.0
38	63	8.0
38	64	2.0
38	65	6.0
38	66	7.0
38	67	6.0
38	68	6.0
38	69	8.0
38	70	4.0
38	71	5.0
38	72	3.0
38	73	8.0
38	74	8.0
38	75	3.0
38	76	11.0
38	77	3.0
38	78	3.0
38	79	3.0
38	80	2.0
38	81	6.0
38	82	3.0
38	83	5.0
38	84	9.0
38	85	4.0
38	86	4.0
38	87	4.0
38	88	5.0
38	89	2.0
38	90	4.0
38	91	4.0
38	92	3.0
38	93	2.0
38	94	10.0
38	95	4.0
38	97	4.0
38	98	3.0
38	99	2.0
38	100	6.0
38	101	5.0
38	103	1.0
38	104	2.0
38	105	6.0
38	106	3.0
38	107	3.0
38	108	2.0
38	109	3.0
38	110	5.0
38	111	6.0
38	112	4.0
38	113	6.0
38	114	2.0
38	115	4.0
38	116	5.0
38	117	8.0
38	118	4.0
38	119	6.0
38	120	4.0
38	121	2.0
38	122	2.0
39	40	56.0
39	41	20.0
39	42	18.0
39	43	10.0
39	44	9.0
39	45	19.0
39	46	8.0
39	47	7.0
39	48	7.0
39	49	11.0
39	50	7.0
39	51	7.0
39	52	4.0
39	53	7.0
39	54	9.0
39	55	9.0
39	56	4.0
39	57	9.0
39	58	2.0
39	59	11.0
39	60	7.0
39	61	11.0
39	62	7.0
39	63	8.0
39	64	7.0
39	65	5.0
39	66	2.0
39	67	8.0
39	68	8.0
39	69	8.0
39	70	10.0
39	71	6.0
39	72	3.0
39	73	7.0
39	74	7.0
39	75	8.0
39	76	3.0
39	77	13.0
39	78	2.0
39	79	5.0
39	80	4.0
39	81	7.0
39	82	3.0
39	83	6.0
39	84	7.0
39	85	7.0
39	86	5.0
39	87	10.0
39	88	3.0
39	89	9.0
39	90	1.0
39	91	3.0
39	92	7.0
39	93	1.0
39	94	2.0
39	95	7.0
39	96	9.0
39	97	5.0
39	98	3.0
39	99	4.0
39	100	5.0
39	101	10.0
39	102	6.0
39	103	3.0
39	104	8.0
39	105	3.0
39	106	2.0
39	107	5.0
39	108	3.0
39	109	4.0
39	110	5.0
39	111	4.0
39	112	5.0
39	113	7.0
39	114	4.0
39	115	8.0
39	116	5.0
39	117	4.0
39	118	4.0
39	119	4.0
39	120	6.0
39	121	6.0
39	122	2.0
40	41	51.0
40	42	23.0
40	43	14.0
40	44	12.0
40	45	13.0
40	46	9.0
40	47	19.0
40	48	10.0
40	49	12.0
40	50	10.0
40	51	8.0
40	52	13.0
40	53	9.0
40	54	13.0
40	55	9.0
40	56	11.0
40	57	7.0
40	58	5.0
40	59	12.0
40	60	2.0
40	61	7.0
40	62	12.0
40	63	6.0
40	64	6.0
40	65	7.0
40	66	7.0
40	67	6.0
40	68	8.0
40	69	8.0
40	70	9.0
40	71	9.0
40	72	6.0
40	73	3.0
40	74	7.0
40	75	8.0
40	76	5.0
40	77	9.0
40	78	6.0
40	79	8.0
40	80	7.0
40	81	7.0
40	82	4.0
40	83	5.0
40	84	5.0
40	85	8.0
40	86	6.0
40	87	5.0
40	88	6.0
40	89	4.0
40	90	5.0
40	91	7.0
40	92	4.0
40	93	5.0
40	94	7.0
40	95	4.0
40	96	4.0
40	97	5.0
40	98	6.0
40	99	3.0
40	100	7.0
40	101	4.0
40	102	6.0
40	103	3.0
40	104	7.0
40	105	2.0
40	106	3.0
40	107	9.0
40	108	9.0
40	109	2.0
40	110	4.0
40	111	5.0
40	112	6.0
40	113	8.0
40	114	3.0
40	115	12.0
40	116	6.0
40	117	7.0
40	118	2.0
40	119	3.0
40	120	6.0
40	121	6.0
40	122	8.0
41	42	42.0
41	43	27.0
41	44	15.0
41	45	17.0
41	46	9.0
41	47	9.0
41	48	11.0
41	49	13.0
41	50	14.0
41	51	23.0
41	52	10.0
41	53	11.0
41	54	11.0
41	55	13.0
41	56	9.0
41	57	7.0
41	58	6.0
41	59	7.0
41	60	10.0
41	61	11.0
41	62	8.0
41	63	10.0
41	64	6.0
41	65	7.0
41	66	6.0
41	67	8.0
41	68	6.0
41	69	6.0
41	70	7.0
41	71	9.0
41	72	6.0
41	73	12.0
41	74	6.0
41	75	4.0
41	76	11.0
41	77	8.0
41	78	6.0
41	79	3.0
41	80	7.0
41	81	5.0
41	82	4.0
41	83	9.0
41	84	6.0
41	85	10.0
41	86	7.0
41	87	6.0
41	88	7.0
41	89	6.0
41	90	9.0
41	91	7.0
41	92	8.0
41	93	3.0
41	94	7.0
41	95	5.0
41	96	3.0
41	97	5.0
41	98	6.0
41	99	5.0
41	100	8.0
41	101	7.0
41	102	4.0
41	103	5.0
41	104	3.0
41	105	5.0
41	106	7.0
41	107	6.0
41	108	2.0
41	109	1.0
41	110	8.0
41	111	3.0
41	112	7.0
41	113	7.0
41	114	15.0
41	115	4.0
41	116	4.0
41	117	5.0
41	118	5.0
41	119	2.0
41	120	3.0
41	121	1.0
41	122	9.0
42	43	42.0
42	44	26.0
42	45	20.0
42	46	12.0
42	47	20.0
42	48	18.0
42	49	15.0
42	50	10.0
42	51	19.0
42	52	16.0
42	53	7.0
42	54	6.0
42	55	9.0
42	56	11.0
42	57	11.0
42	58	7.0
42	59	9.0
42	60	7.0
42	61	10.0
42	62	5.0
42	63	6.0
42	64	6.0
42	65	8.0
42	66	9.0
42	67	8.0
42	68	11.0
42	69	8.0
42	70	7.0
42	71	10.0
42	72	3.0
42	73	5.0
42	74	5.0
42	75	4.0
42	76	9.0
42	77	4.0
42	78	2.0
42	79	4.0
42	80	7.0
42	81	8.0
42	82	7.0
42	83	2.0
42	84	5.0
42	85	5.0
42	86	8.0
42	87	9.0
42	88	7.0
42	89	5.0
42	90	6.0
42	91	3.0
42	92	6.0
42	93	5.0
42	94	5.0
42	95	3.0
42	96	3.0
42	97	5.0
42	98	3.0
42	99	4.0
42	100	4.0
42	101	5.0
42	102	10.0
42	103	4.0
42	104	6.0
42	105	5.0
42	106	2.0
42	107	3.0
42	108	4.0
42	109	6.0
42	110	4.0
42	111	4.0
42	112	7.0
42	113	1.0
42	114	5.0
42	115	3.0
42	116	5.0
42	117	6.0
42	118	4.0
42	119	2.0
42	120	6.0
42	121	6.0
42	122	5.0
43	44	40.0
43	45	21.0
43	46	19.0
43	47	15.0
43	48	14.0
43	49	18.0
43	50	16.0
43	51	6.0
43	52	10.0
43	53	11.0
43	54	11.0
43	55	13.0
43	56	7.0
43	57	12.0
43	58	6.0
43	59	9.0
43	60	5.0
43	61	7.0
43	62	5.0
43	63	6.0
43	64	5.0
43	65	9.0
43	66	4.0
43	67	8.0
43	68	4.0
43	69	6.0
43	70	8.0
43	71	5.0
43	72	7.0
43	73	4.0
43	74	8.0
43	75	6.0
43	76	6.0
43	77	7.0
43	78	3.0
43	79	6.0
43	80	5.0
43	81	7.0
43	82	7.0
43	83	3.0
43	84	7.0
43	85	5.0
43	86	4.0
43	87	5.0
43	88	6.0
43	89	3.0
43	90	5.0
43	91	3.0
43	92	8.0
43	93	8.0
43	94	2.0
43	95	5.0
43	96	6.0
43	97	4.0
43	98	2.0
43	99	8.0
43	100	2.0
43	101	6.0
43	102	2.0
43	103	3.0
43	104	5.0
43	105	8.0
43	106	3.0
43	107	5.0
43	108	3.0
43	109	5.0
43	110	6.0
43	111	4.0
43	112	5.0
43	113	4.0
43	114	7.0
43	115	12.0
43	116	7.0
43	117	5.0
43	118	4.0
43	119	7.0
43	120	7.0
43	121	4.0
43	122	5.0
44	45	39.0
44	46	27.0
44	47	18.0
44	48	21.0
44	49	17.0
44	50	10.0
44	51	12.0
44	52	15.0
44	53	11.0
44	54	9.0
44	55	17.0
44	56	10.0
44	57	14.0
44	58	7.0
44	59	7.0
44	60	8.0
44	61	12.0
44	62	6.0
44	63	9.0
44	64	9.0
44	65	8.0
44	66	9.0
44	67	8.0
44	68	8.0
44	69	6.0
44	70	8.0
44	71	9.0
44	72	6.0
44	73	6.0
44	74	7.0
44	76	10.0
44	77	2.0
44	78	9.0
44	79	7.0
44	80	9.0
44	81	7.0
44	82	7.0
44	83	6.0
44	84	7.0
44	85	8.0
44	86	4.0
44	87	2.0
44	88	5.0
44	89	5.0
44	90	1.0
44	91	7.0
44	92	6.0
44	93	10.0
44	94	5.0
44	95	7.0
44	96	3.0
44	97	7.0
44	98	6.0
44	99	10.0
44	100	1.0
44	101	5.0
44	102	5.0
44	103	5.0
44	104	6.0
44	105	5.0
44	106	5.0
44	107	3.0
44	108	7.0
44	109	1.0
44	110	6.0
44	111	9.0
44	112	7.0
44	113	3.0
44	114	8.0
44	115	4.0
44	116	7.0
44	117	7.0
44	118	3.0
44	119	7.0
44	120	4.0
44	121	4.0
44	122	6.0
45	46	41.0
45	47	29.0
45	48	22.0
45	49	10.0
45	50	9.0
45	51	27.0
45	52	17.0
45	53	9.0
45	54	20.0
45	55	18.0
45	56	18.0
45	57	16.0
45	58	14.0
45	59	14.0
45	60	9.0
45	61	11.0
45	62	15.0
45	63	8.0
45	64	14.0
45	65	16.0
45	66	10.0
45	67	8.0
45	68	11.0
45	69	9.0
45	70	10.0
45	71	8.0
45	72	10.0
45	73	8.0
45	74	13.0
45	75	3.0
45	76	10.0
45	77	8.0
45	78	10.0
45	79	5.0
45	80	7.0
45	81	10.0
45	82	4.0
45	83	12.0
45	84	5.0
45	85	10.0
45	86	8.0
45	87	3.0
45	88	5.0
45	89	6.0
45	90	7.0
45	91	5.0
45	92	5.0
45	93	7.0
45	94	3.0
45	95	6.0
45	96	3.0
45	97	10.0
45	98	9.0
45	99	3.0
45	100	5.0
45	101	5.0
45	102	5.0
45	103	6.0
45	104	6.0
45	105	4.0
45	106	4.0
45	107	3.0
45	108	4.0
45	109	6.0
45	110	6.0
45	111	2.0
45	112	8.0
45	113	8.0
45	114	6.0
45	115	3.0
45	116	7.0
45	117	7.0
45	118	8.0
45	119	8.0
45	120	10.0
45	121	8.0
45	122	6.0
46	47	76.0
46	48	29.0
46	49	15.0
46	50	10.0
46	51	16.0
46	52	14.0
46	53	27.0
46	54	26.0
46	55	15.0
46	56	24.0
46	57	17.0
46	58	18.0
46	59	16.0
46	60	12.0
46	61	22.0
46	62	16.0
46	63	15.0
46	64	9.0
46	65	11.0
46	66	15.0
46	67	13.0
46	68	9.0
46	69	22.0
46	70	9.0
46	71	15.0
46	72	11.0
46	73	4.0
46	74	4.0
46	75	8.0
46	76	9.0
46	77	10.0
46	78	4.0
46	79	8.0
46	80	8.0
46	81	7.0
46	82	14.0
46	83	7.0
46	84	8.0
46	85	8.0
46	86	9.0
46	87	5.0
46	88	2.0
46	89	6.0
46	90	7.0
46	91	8.0
46	92	10.0
46	93	7.0
46	94	6.0
46	95	5.0
46	96	6.0
46	97	1.0
46	98	6.0
46	99	5.0
46	100	5.0
46	101	10.0
46	102	6.0
46	103	5.0
46	104	6.0
46	105	2.0
46	106	6.0
46	107	4.0
46	108	8.0
46	109	7.0
46	110	11.0
46	111	9.0
46	112	8.0
46	113	4.0
46	114	7.0
46	115	5.0
46	116	4.0
46	117	5.0
46	118	9.0
46	119	4.0
46	120	5.0
46	121	7.0
46	122	10.0
47	48	49.0
47	49	19.0
47	50	16.0
47	51	18.0
47	52	16.0
47	53	22.0
47	54	29.0
47	55	27.0
47	56	40.0
47	57	13.0
47	58	26.0
47	59	13.0
47	60	15.0
47	61	14.0
47	62	16.0
47	63	15.0
47	64	8.0
47	65	7.0
47	66	10.0
47	67	12.0
47	68	7.0
47	69	11.0
47	70	16.0
47	71	11.0
47	72	11.0
47	73	10.0
47	74	8.0
47	75	10.0
47	76	14.0
47	77	8.0
47	78	8.0
47	79	4.0
47	80	6.0
47	81	9.0
47	82	10.0
47	83	5.0
47	84	6.0
47	85	9.0
47	86	8.0
47	87	12.0
47	88	10.0
47	89	4.0
47	90	10.0
47	91	11.0
47	92	11.0
47	93	6.0
47	94	4.0
47	95	7.0
47	96	4.0
47	97	4.0
47	98	8.0
47	99	5.0
47	100	4.0
47	101	6.0
47	102	7.0
47	103	9.0
47	104	4.0
47	105	3.0
47	106	5.0
47	107	3.0
47	108	6.0
47	109	3.0
47	110	5.0
47	111	11.0
47	112	7.0
47	113	3.0
47	114	10.0
47	115	11.0
47	116	3.0
47	117	6.0
47	118	6.0
47	119	8.0
47	120	5.0
47	121	6.0
47	122	6.0
48	49	49.0
48	50	23.0
48	51	45.0
48	52	42.0
48	53	34.0
48	54	32.0
48	55	24.0
48	56	20.0
48	57	33.0
48	58	25.0
48	59	21.0
48	60	21.0
48	61	22.0
48	62	13.0
48	63	12.0
48	64	12.0
48	65	15.0
48	66	11.0
48	67	13.0
48	68	13.0
48	69	11.0
48	70	10.0
48	71	14.0
48	72	13.0
48	73	14.0
48	74	11.0
48	75	8.0
48	76	10.0
48	77	16.0
48	78	9.0
48	79	5.0
48	80	11.0
48	81	9.0
48	82	11.0
48	83	14.0
48	84	7.0
48	85	9.0
48	86	7.0
48	87	7.0
48	88	6.0
48	89	6.0
48	90	11.0
48	91	13.0
48	92	7.0
48	93	10.0
48	94	9.0
48	95	7.0
48	96	7.0
48	97	9.0
48	98	4.0
48	99	8.0
48	100	11.0
48	101	7.0
48	102	4.0
48	103	10.0
48	104	7.0
48	105	5.0
48	106	2.0
48	107	4.0
48	108	9.0
48	109	5.0
48	110	9.0
48	111	9.0
48	112	6.0
48	113	9.0
48	114	11.0
48	115	10.0
48	116	12.0
48	117	8.0
48	118	9.0
48	119	8.0
48	120	10.0
48	121	7.0
48	122	5.0
49	50	100.0
49	51	130.0
49	52	48.0
49	53	32.0
49	54	26.0
49	55	24.0
49	56	16.0
49	57	38.0
49	58	21.0
49	59	34.0
49	60	31.0
49	61	17.0
49	62	13.0
49	63	24.0
49	64	12.0
49	65	9.0
49	66	12.0
49	67	9.0
49	68	11.0
49	69	13.0
49	70	17.0
49	71	10.0
49	72	11.0
49	73	10.0
49	74	11.0
49	75	9.0
49	76	15.0
49	77	8.0
49	78	19.0
49	79	2.0
49	80	14.0
49	81	14.0
49	82	8.0
49	83	8.0
49	84	8.0
49	85	6.0
49	86	7.0
49	87	10.0
49	88	8.0
49	89	3.0
49	90	14.0
49	91	6.0
49	92	15.0
49	93	8.0
49	94	6.0
49	95	7.0
49	96	5.0
49	97	4.0
49	98	7.0
49	99	7.0
49	100	12.0
49	101	6.0
49	102	9.0
49	103	6.0
49	104	13.0
49	105	14.0
49	106	5.0
49	107	6.0
49	108	5.0
49	109	6.0
49	110	12.0
49	111	6.0
49	112	11.0
49	113	12.0
49	114	8.0
49	115	15.0
49	116	15.0
49	117	13.0
49	118	10.0
49	119	4.0
49	120	16.0
49	121	7.0
49	122	11.0
50	51	50.0
50	52	39.0
50	53	22.0
50	54	21.0
50	55	15.0
50	56	18.0
50	57	18.0
50	58	14.0
50	59	15.0
50	60	24.0
50	61	28.0
50	62	10.0
50	63	11.0
50	64	17.0
50	65	7.0
50	66	14.0
50	67	15.0
50	68	10.0
50	69	12.0
50	70	14.0
50	71	14.0
50	72	16.0
50	73	16.0
50	74	16.0
50	75	9.0
50	76	11.0
50	77	10.0
50	78	6.0
50	79	10.0
50	80	11.0
50	81	15.0
50	82	6.0
50	83	7.0
50	84	16.0
50	85	8.0
50	86	9.0
50	87	7.0
50	88	7.0
50	89	3.0
50	90	4.0
50	91	13.0
50	92	4.0
50	93	7.0
50	94	5.0
50	95	12.0
50	96	11.0
50	97	7.0
50	98	7.0
50	99	4.0
50	100	11.0
50	101	10.0
50	102	11.0
50	103	9.0
50	104	9.0
50	105	5.0
50	106	12.0
50	107	7.0
50	108	11.0
50	109	7.0
50	110	12.0
50	111	14.0
50	112	2.0
50	113	7.0
50	114	11.0
50	115	8.0
50	116	15.0
50	117	9.0
50	118	9.0
50	119	6.0
50	120	7.0
50	121	15.0
50	122	3.0
51	52	53.0
51	53	36.0
51	54	37.0
51	55	20.0
51	56	30.0
51	57	30.0
51	58	20.0
51	59	24.0
51	60	18.0
51	61	13.0
51	62	13.0
51	63	10.0
51	64	7.0
51	65	11.0
51	66	12.0
51	67	11.0
51	68	10.0
51	69	18.0
51	70	10.0
51	71	15.0
51	72	17.0
51	73	14.0
51	74	10.0
51	75	8.0
51	76	10.0
51	77	8.0
51	78	14.0
51	79	8.0
51	80	15.0
51	81	9.0
51	82	8.0
51	83	12.0
51	84	9.0
51	85	7.0
51	86	6.0
51	87	6.0
51	88	5.0
51	89	11.0
51	90	7.0
51	91	12.0
51	92	6.0
51	93	10.0
51	94	9.0
51	95	8.0
51	96	7.0
51	97	7.0
51	98	8.0
51	99	8.0
51	100	9.0
51	101	10.0
51	102	11.0
51	103	4.0
51	104	4.0
51	105	8.0
51	106	8.0
51	107	10.0
51	108	4.0
51	109	7.0
51	110	7.0
51	111	7.0
51	112	9.0
51	113	1.0
51	114	10.0
51	115	11.0
51	116	9.0
51	117	11.0
51	118	12.0
51	119	5.0
51	120	8.0
51	121	11.0
51	122	12.0
52	53	76.0
52	54	47.0
52	55	38.0
52	56	34.0
52	57	33.0
52	58	23.0
52	59	20.0
52	60	27.0
52	61	23.0
52	62	19.0
52	63	8.0
52	64	14.0
52	65	15.0
52	66	12.0
52	67	14.0
52	68	14.0
52	69	19.0
52	70	27.0
52	71	9.0
52	72	14.0
52	73	13.0
52	74	12.0
52	75	11.0
52	76	17.0
52	77	9.0
52	78	14.0
52	79	12.0
52	80	14.0
52	81	7.0
52	82	6.0
52	83	4.0
52	84	12.0
52	85	8.0
52	86	7.0
52	87	14.0
52	88	11.0
52	89	11.0
52	90	10.0
52	91	6.0
52	92	8.0
52	93	15.0
52	94	8.0
52	95	10.0
52	96	3.0
52	97	3.0
52	98	12.0
52	99	9.0
52	100	6.0
52	101	6.0
52	102	10.0
52	103	5.0
52	104	9.0
52	105	15.0
52	106	7.0
52	107	9.0
52	108	9.0
52	109	2.0
52	110	6.0
52	111	5.0
52	112	7.0
52	113	6.0
52	114	6.0
52	115	5.0
52	116	9.0
52	117	5.0
52	118	12.0
52	119	8.0
52	120	7.0
52	121	6.0
52	122	9.0
53	54	64.0
53	55	48.0
53	56	32.0
53	57	34.0
53	58	31.0
53	59	19.0
53	60	14.0
53	61	19.0
53	62	17.0
53	63	16.0
53	64	10.0
53	65	15.0
53	66	17.0
53	67	17.0
53	68	9.0
53	69	24.0
53	70	13.0
53	71	5.0
53	72	14.0
53	73	19.0
53	74	17.0
53	75	14.0
53	76	12.0
53	77	15.0
53	78	8.0
53	79	11.0
53	80	14.0
53	81	12.0
53	82	17.0
53	83	6.0
53	84	15.0
53	85	6.0
53	86	12.0
53	87	5.0
53	88	8.0
53	89	10.0
53	90	9.0
53	91	14.0
53	92	6.0
53	93	4.0
53	94	4.0
53	95	4.0
53	96	4.0
53	97	6.0
53	98	5.0
53	99	5.0
53	100	5.0
53	101	8.0
53	102	8.0
53	103	2.0
53	104	5.0
53	105	4.0
53	106	6.0
53	107	8.0
53	108	10.0
53	109	7.0
53	110	11.0
53	111	6.0
53	112	6.0
53	113	11.0
53	114	10.0
53	115	13.0
53	116	4.0
53	117	5.0
53	118	6.0
53	119	5.0
53	120	4.0
53	121	6.0
53	122	10.0
54	55	61.0
54	56	53.0
54	57	59.0
54	58	48.0
54	59	23.0
54	60	32.0
54	61	41.0
54	62	28.0
54	63	21.0
54	64	25.0
54	65	17.0
54	66	14.0
54	67	20.0
54	68	22.0
54	69	20.0
54	70	24.0
54	71	16.0
54	72	14.0
54	73	17.0
54	74	17.0
54	75	12.0
54	76	18.0
54	77	8.0
54	78	14.0
54	79	13.0
54	80	12.0
54	81	12.0
54	82	9.0
54	83	9.0
54	84	17.0
54	85	6.0
54	86	13.0
54	87	10.0
54	88	11.0
54	89	8.0
54	90	11.0
54	91	5.0
54	92	10.0
54	93	8.0
54	94	7.0
54	95	10.0
54	96	12.0
54	97	13.0
54	98	5.0
54	99	8.0
54	100	8.0
54	101	13.0
54	102	8.0
54	103	6.0
54	104	6.0
54	105	10.0
54	106	5.0
54	107	10.0
54	108	8.0
54	109	11.0
54	110	14.0
54	111	5.0
54	112	8.0
54	113	4.0
54	114	4.0
54	115	9.0
54	116	7.0
54	117	13.0
54	118	5.0
54	119	9.0
54	120	8.0
54	121	7.0
54	122	8.0
55	56	248.0
55	57	49.0
55	58	47.0
55	59	26.0
55	60	21.0
55	61	46.0
55	62	41.0
55	63	25.0
55	64	27.0
55	65	31.0
55	66	19.0
55	67	14.0
55	68	18.0
55	69	24.0
55	70	22.0
55	71	10.0
55	72	14.0
55	73	16.0
55	74	11.0
55	75	12.0
55	76	15.0
55	77	17.0
55	78	13.0
55	79	10.0
55	80	10.0
55	81	9.0
55	82	9.0
55	83	11.0
55	84	13.0
55	85	13.0
55	86	8.0
55	87	11.0
55	88	9.0
55	89	6.0
55	90	15.0
55	91	11.0
55	92	8.0
55	93	8.0
55	94	9.0
55	95	7.0
55	96	9.0
55	97	7.0
55	98	9.0
55	99	8.0
55	100	5.0
55	101	6.0
55	102	7.0
55	103	15.0
55	104	6.0
55	105	9.0
55	106	6.0
55	107	8.0
55	108	7.0
55	109	8.0
55	110	8.0
55	111	5.0
55	113	3.0
55	114	6.0
55	115	6.0
55	116	10.0
55	117	10.0
55	118	5.0
55	119	7.0
55	120	12.0
55	121	7.0
55	122	7.0
56	57	43.0
56	58	36.0
56	59	18.0
56	60	30.0
56	61	33.0
56	62	35.0
56	63	32.0
56	64	25.0
56	65	17.0
56	66	28.0
56	67	27.0
56	68	22.0
56	69	17.0
56	70	13.0
56	71	9.0
56	72	15.0
56	73	16.0
56	74	9.0
56	75	12.0
56	76	11.0
56	77	6.0
56	78	13.0
56	79	9.0
56	80	9.0
56	81	13.0
56	82	11.0
56	83	5.0
56	84	13.0
56	85	14.0
56	86	8.0
56	87	3.0
56	88	11.0
56	89	6.0
56	90	6.0
56	91	7.0
56	92	9.0
56	93	7.0
56	94	14.0
56	95	9.0
56	96	3.0
56	97	10.0
56	98	2.0
56	99	6.0
56	100	7.0
56	101	10.0
56	102	8.0
56	103	6.0
56	104	6.0
56	105	7.0
56	106	6.0
56	107	11.0
56	108	8.0
56	109	5.0
56	110	9.0
56	111	4.0
56	112	9.0
56	113	6.0
56	114	9.0
56	115	5.0
56	116	10.0
56	117	4.0
56	118	7.0
56	119	9.0
56	120	11.0
56	121	9.0
56	122	9.0
57	58	66.0
57	59	41.0
57	60	58.0
57	61	62.0
57	62	35.0
57	63	28.0
57	64	29.0
57	65	20.0
57	66	15.0
57	67	39.0
57	68	15.0
57	69	20.0
57	70	17.0
57	71	25.0
57	72	21.0
57	73	16.0
57	74	15.0
57	75	18.0
57	76	17.0
57	77	16.0
57	78	14.0
57	79	14.0
57	80	14.0
57	81	18.0
57	82	12.0
57	83	13.0
57	84	10.0
57	85	14.0
57	86	10.0
57	87	10.0
57	88	9.0
57	89	16.0
57	90	11.0
57	91	6.0
57	92	11.0
57	93	4.0
57	94	13.0
57	95	8.0
57	96	4.0
57	97	5.0
57	98	9.0
57	99	14.0
57	100	9.0
57	101	7.0
57	102	7.0
57	103	9.0
57	104	4.0
57	105	11.0
57	106	7.0
57	107	9.0
57	108	8.0
57	109	15.0
57	110	12.0
57	111	12.0
57	112	6.0
57	113	8.0
57	114	10.0
57	115	5.0
57	116	9.0
57	117	13.0
57	118	7.0
57	119	10.0
57	120	14.0
57	121	8.0
57	122	8.0
58	59	40.0
58	60	66.0
58	61	197.0
58	62	54.0
58	63	37.0
58	64	36.0
58	65	28.0
58	66	25.0
58	67	38.0
58	68	33.0
58	69	42.0
58	70	33.0
58	71	28.0
58	72	27.0
58	73	21.0
58	74	20.0
58	75	20.0
58	76	19.0
58	77	19.0
58	78	12.0
58	79	14.0
58	80	14.0
58	81	13.0
58	82	9.0
58	83	14.0
58	84	24.0
58	85	14.0
58	86	19.0
58	87	6.0
58	88	12.0
58	89	6.0
58	90	9.0
58	91	11.0
58	92	14.0
58	93	11.0
58	94	10.0
58	95	8.0
58	96	8.0
58	97	14.0
58	98	10.0
58	99	11.0
58	100	4.0
58	101	6.0
58	102	7.0
58	103	8.0
58	104	7.0
58	105	8.0
58	106	11.0
58	107	10.0
58	108	12.0
58	109	11.0
58	110	9.0
58	111	8.0
58	112	10.0
58	113	14.0
58	114	8.0
58	115	14.0
58	116	11.0
58	117	11.0
58	118	13.0
58	119	9.0
58	120	11.0
58	121	10.0
58	122	11.0
59	60	218.0
59	61	35.0
59	62	31.0
59	63	21.0
59	64	31.0
59	65	18.0
59	66	19.0
59	67	32.0
59	68	38.0
59	69	36.0
59	70	37.0
59	71	39.0
59	72	31.0
59	73	22.0
59	74	21.0
59	75	20.0
59	76	25.0
59	77	24.0
59	78	17.0
59	79	19.0
59	80	26.0
59	81	24.0
59	82	9.0
59	83	17.0
59	84	11.0
59	85	23.0
59	86	11.0
59	87	12.0
59	88	5.0
59	89	15.0
59	90	15.0
59	91	15.0
59	92	9.0
59	93	9.0
59	94	16.0
59	95	11.0
59	96	8.0
59	97	7.0
59	98	12.0
59	99	18.0
59	100	8.0
59	101	9.0
59	102	10.0
59	103	5.0
59	104	9.0
59	105	12.0
59	106	8.0
59	107	9.0
59	108	7.0
59	109	13.0
59	110	7.0
59	111	10.0
59	112	12.0
59	113	10.0
59	114	16.0
59	115	8.0
59	116	9.0
59	117	18.0
59	118	15.0
59	119	18.0
59	120	8.0
59	121	18.0
59	122	17.0
60	61	33.0
60	62	23.0
60	63	27.0
60	64	33.0
60	65	13.0
60	66	23.0
60	67	23.0
60	68	18.0
60	69	29.0
60	70	31.0
60	71	32.0
60	72	28.0
60	73	24.0
60	74	18.0
60	75	28.0
60	76	24.0
60	77	22.0
60	78	25.0
60	79	15.0
60	80	16.0
60	81	12.0
60	82	20.0
60	83	18.0
60	84	14.0
60	85	18.0
60	86	14.0
60	87	16.0
60	88	6.0
60	89	5.0
60	90	12.0
60	91	13.0
60	92	10.0
60	93	7.0
60	94	15.0
60	95	20.0
60	96	10.0
60	97	4.0
60	98	3.0
60	99	14.0
60	100	11.0
60	101	12.0
60	102	7.0
60	103	4.0
60	104	6.0
60	105	9.0
60	106	11.0
60	107	9.0
60	108	19.0
60	109	12.0
60	110	13.0
60	111	8.0
60	112	6.0
60	113	12.0
60	114	12.0
60	115	11.0
60	116	12.0
60	117	13.0
60	118	18.0
60	119	10.0
60	120	7.0
60	121	11.0
60	122	11.0
61	62	60.0
61	63	44.0
61	64	47.0
61	65	35.0
61	66	37.0
61	67	40.0
61	68	28.0
61	69	46.0
61	70	25.0
61	71	16.0
61	72	19.0
61	73	23.0
61	74	24.0
61	75	17.0
61	76	20.0
61	77	15.0
61	78	23.0
61	79	22.0
61	80	28.0
61	81	24.0
61	82	20.0
61	83	21.0
61	84	17.0
61	85	20.0
61	86	19.0
61	87	9.0
61	88	14.0
61	89	13.0
61	90	17.0
61	91	21.0
61	92	10.0
61	93	14.0
61	94	10.0
61	95	9.0
61	96	12.0
61	97	10.0
61	98	8.0
61	99	8.0
61	100	10.0
61	101	11.0
61	102	12.0
61	103	4.0
61	104	7.0
61	105	7.0
61	106	8.0
61	107	9.0
61	108	13.0
61	109	8.0
61	110	10.0
61	111	11.0
61	112	7.0
61	113	5.0
61	114	13.0
61	115	10.0
61	116	11.0
61	117	13.0
61	118	7.0
61	119	11.0
61	120	13.0
61	121	9.0
61	122	7.0
62	63	80.0
62	64	47.0
62	65	59.0
62	66	55.0
62	67	42.0
62	68	34.0
62	69	45.0
62	70	21.0
62	71	23.0
62	72	20.0
62	73	15.0
62	74	19.0
62	75	18.0
62	76	22.0
62	77	11.0
62	78	24.0
62	79	24.0
62	80	18.0
62	81	15.0
62	82	13.0
62	83	16.0
62	84	15.0
62	85	16.0
62	86	17.0
62	87	13.0
62	88	15.0
62	89	19.0
62	90	14.0
62	91	13.0
62	92	10.0
62	93	10.0
62	94	9.0
62	95	5.0
62	96	14.0
62	97	5.0
62	98	9.0
62	99	10.0
62	100	10.0
62	101	8.0
62	102	7.0
62	103	11.0
62	104	6.0
62	105	13.0
62	106	12.0
62	107	8.0
62	108	7.0
62	109	7.0
62	110	6.0
62	111	9.0
62	112	4.0
62	113	8.0
62	114	6.0
62	115	12.0
62	116	12.0
62	117	11.0
62	118	8.0
62	119	6.0
62	120	12.0
62	121	12.0
62	122	9.0
63	64	194.0
63	65	144.0
63	66	64.0
63	67	55.0
63	68	40.0
63	69	30.0
63	70	31.0
63	71	18.0
63	72	24.0
63	73	18.0
63	74	26.0
63	75	13.0
63	76	15.0
63	77	20.0
63	78	26.0
63	79	19.0
63	80	21.0
63	81	23.0
63	82	17.0
63	83	10.0
63	84	12.0
63	85	16.0
63	86	6.0
63	87	14.0
63	88	9.0
63	89	16.0
63	90	19.0
63	91	18.0
63	92	14.0
63	93	15.0
63	94	9.0
63	95	12.0
63	96	12.0
63	97	9.0
63	98	8.0
63	99	7.0
63	100	7.0
63	101	9.0
63	102	10.0
63	103	6.0
63	104	4.0
63	105	12.0
63	106	9.0
63	107	17.0
63	108	9.0
63	109	4.0
63	110	7.0
63	111	4.0
63	112	9.0
63	113	12.0
63	114	6.0
63	115	12.0
63	116	9.0
63	117	7.0
63	118	7.0
63	119	5.0
63	120	6.0
63	121	10.0
63	122	13.0
64	65	109.0
64	66	55.0
64	67	40.0
64	68	24.0
64	69	29.0
64	70	32.0
64	71	17.0
64	72	14.0
64	73	17.0
64	74	23.0
64	75	17.0
64	76	15.0
64	77	11.0
64	78	27.0
64	79	17.0
64	80	19.0
64	81	24.0
64	82	17.0
64	83	15.0
64	84	11.0
64	85	20.0
64	86	17.0
64	87	10.0
64	88	12.0
64	89	15.0
64	90	10.0
64	91	11.0
64	92	4.0
64	93	13.0
64	94	16.0
64	95	16.0
64	96	7.0
64	97	8.0
64	98	16.0
64	99	8.0
64	100	19.0
64	101	5.0
64	102	12.0
64	103	5.0
64	104	8.0
64	105	9.0
64	106	10.0
64	107	17.0
64	108	7.0
64	109	7.0
64	110	8.0
64	111	1.0
64	112	5.0
64	113	14.0
64	114	6.0
64	115	8.0
64	116	13.0
64	117	15.0
64	118	10.0
64	119	8.0
64	120	16.0
64	121	11.0
64	122	11.0
65	66	78.0
65	67	47.0
65	68	41.0
65	69	28.0
65	70	28.0
65	71	19.0
65	72	22.0
65	73	18.0
65	74	13.0
65	75	15.0
65	76	19.0
65	77	16.0
65	78	17.0
65	79	19.0
65	80	22.0
65	81	28.0
65	82	19.0
65	83	9.0
65	84	13.0
65	85	25.0
65	86	15.0
65	87	18.0
65	88	16.0
65	89	16.0
65	90	7.0
65	91	12.0
65	92	8.0
65	93	10.0
65	94	9.0
65	95	15.0
65	96	7.0
65	97	12.0
65	98	9.0
65	99	6.0
65	100	8.0
65	101	2.0
65	102	9.0
65	103	7.0
65	104	10.0
65	105	4.0
65	106	7.0
65	107	9.0
65	108	14.0
65	109	9.0
65	110	9.0
65	111	9.0
65	112	8.0
65	113	7.0
65	114	11.0
65	115	6.0
65	116	19.0
65	117	8.0
65	118	7.0
65	119	11.0
65	120	9.0
65	121	4.0
65	122	11.0
66	67	44.0
66	68	48.0
66	69	35.0
66	70	23.0
66	71	13.0
66	72	16.0
66	73	12.0
66	74	24.0
66	75	15.0
66	76	18.0
66	77	12.0
66	78	27.0
66	79	18.0
66	80	16.0
66	81	18.0
66	82	13.0
66	83	17.0
66	84	16.0
66	85	20.0
66	86	18.0
66	87	21.0
66	88	16.0
66	89	14.0
66	90	9.0
66	91	11.0
66	92	7.0
66	93	11.0
66	94	16.0
66	95	14.0
66	96	11.0
66	97	8.0
66	98	9.0
66	99	7.0
66	100	13.0
66	101	11.0
66	102	14.0
66	103	8.0
66	104	11.0
66	105	7.0
66	106	9.0
66	107	10.0
66	108	9.0
66	109	10.0
66	110	9.0
66	111	7.0
66	112	8.0
66	113	13.0
66	114	10.0
66	115	11.0
66	116	5.0
66	117	11.0
66	118	10.0
66	119	10.0
66	120	7.0
66	121	7.0
66	122	11.0
67	68	214.0
67	69	56.0
67	70	40.0
67	71	22.0
67	72	22.0
67	73	19.0
67	74	32.0
67	75	30.0
67	76	32.0
67	77	26.0
67	78	22.0
67	79	24.0
67	80	34.0
67	81	29.0
67	82	18.0
67	83	21.0
67	84	17.0
67	85	24.0
67	86	20.0
67	87	15.0
67	88	14.0
67	89	14.0
67	90	23.0
67	91	11.0
67	92	19.0
67	93	16.0
67	94	13.0
67	95	6.0
67	96	9.0
67	97	10.0
67	98	9.0
67	99	8.0
67	100	11.0
67	101	12.0
67	102	11.0
67	103	10.0
67	104	9.0
67	105	17.0
67	106	17.0
67	107	15.0
67	108	20.0
67	109	6.0
67	110	6.0
67	111	13.0
67	112	8.0
67	113	13.0
67	114	8.0
67	115	14.0
67	116	13.0
67	117	13.0
67	118	12.0
67	119	16.0
67	120	11.0
67	121	10.0
67	122	4.0
68	69	99.0
68	70	38.0
68	71	18.0
68	72	22.0
68	73	35.0
68	74	30.0
68	75	26.0
68	76	36.0
68	77	19.0
68	78	31.0
68	79	26.0
68	80	18.0
68	81	27.0
68	82	24.0
68	83	19.0
68	84	30.0
68	85	25.0
68	86	29.0
68	87	22.0
68	88	14.0
68	89	24.0
68	90	26.0
68	91	12.0
68	92	8.0
68	93	16.0
68	94	13.0
68	95	13.0
68	96	10.0
68	97	6.0
68	98	10.0
68	99	9.0
68	100	9.0
68	101	11.0
68	102	6.0
68	103	7.0
68	104	10.0
68	105	6.0
68	106	9.0
68	107	10.0
68	108	8.0
68	109	6.0
68	110	10.0
68	111	8.0
68	112	8.0
68	113	11.0
68	114	9.0
68	115	9.0
68	116	11.0
68	117	12.0
68	118	14.0
68	119	14.0
68	120	13.0
68	121	14.0
68	122	14.0
69	70	51.0
69	71	25.0
69	72	20.0
69	73	46.0
69	74	25.0
69	75	38.0
69	76	33.0
69	77	24.0
69	78	33.0
69	79	31.0
69	80	35.0
69	81	19.0
69	82	17.0
69	83	28.0
69	84	25.0
69	85	25.0
69	86	18.0
69	87	8.0
69	88	13.0
69	89	18.0
69	90	25.0
69	91	14.0
69	92	17.0
69	93	14.0
69	94	12.0
69	95	17.0
69	96	13.0
69	97	14.0
69	98	13.0
69	99	11.0
69	100	12.0
69	101	6.0
69	102	12.0
69	103	8.0
69	104	7.0
69	105	12.0
69	106	12.0
69	107	10.0
69	108	13.0
69	109	9.0
69	110	11.0
69	111	7.0
69	112	5.0
69	113	14.0
69	114	15.0
69	115	9.0
69	116	16.0
69	117	10.0
69	118	13.0
69	119	16.0
69	120	14.0
69	121	10.0
69	122	16.0
70	71	59.0
70	72	58.0
70	73	100.0
70	74	68.0
70	75	60.0
70	76	94.0
70	77	54.0
70	78	52.0
70	79	38.0
70	80	59.0
70	81	38.0
70	82	39.0
70	83	43.0
70	84	38.0
70	85	31.0
70	86	30.0
70	87	21.0
70	88	12.0
70	89	25.0
70	90	33.0
70	91	22.0
70	92	14.0
70	93	20.0
70	94	16.0
70	95	19.0
70	96	15.0
70	97	21.0
70	98	19.0
70	99	18.0
70	100	14.0
70	101	12.0
70	102	7.0
70	103	6.0
70	104	12.0
70	105	12.0
70	106	19.0
70	107	10.0
70	108	23.0
70	109	14.0
70	110	17.0
70	111	9.0
70	112	7.0
70	113	8.0
70	114	17.0
70	115	10.0
70	116	28.0
70	117	17.0
70	118	23.0
70	119	15.0
70	120	16.0
70	121	15.0
70	122	11.0
71	72	217.0
71	73	46.0
71	74	63.0
71	75	34.0
71	76	43.0
71	77	61.0
71	78	42.0
71	79	26.0
71	80	38.0
71	81	39.0
71	82	20.0
71	83	28.0
71	84	31.0
71	85	22.0
71	86	23.0
71	87	14.0
71	88	17.0
71	89	23.0
71	90	23.0
71	91	19.0
71	92	15.0
71	93	12.0
71	94	19.0
71	95	19.0
71	96	25.0
71	97	16.0
71	98	13.0
71	99	25.0
71	100	21.0
71	101	13.0
71	102	9.0
71	103	15.0
71	104	14.0
71	105	16.0
71	106	12.0
71	107	16.0
71	108	18.0
71	109	11.0
71	110	14.0
71	111	12.0
71	112	13.0
71	113	13.0
71	114	24.0
71	115	18.0
71	116	29.0
71	117	17.0
71	118	16.0
71	119	16.0
71	120	15.0
71	121	11.0
71	122	8.0
72	73	68.0
72	74	59.0
72	75	39.0
72	76	51.0
72	77	116.0
72	78	25.0
72	79	27.0
72	80	21.0
72	81	48.0
72	82	33.0
72	83	26.0
72	84	39.0
72	85	37.0
72	86	17.0
72	87	8.0
72	88	11.0
72	89	21.0
72	90	27.0
72	91	19.0
72	92	14.0
72	93	15.0
72	94	22.0
72	95	22.0
72	96	12.0
72	97	14.0
72	98	10.0
72	99	14.0
72	100	9.0
72	101	14.0
72	102	6.0
72	103	10.0
72	104	15.0
72	105	14.0
72	106	18.0
72	107	11.0
72	108	16.0
72	109	15.0
72	110	18.0
72	111	12.0
72	112	12.0
72	113	15.0
72	114	18.0
72	115	18.0
72	116	23.0
72	117	21.0
72	118	27.0
72	119	16.0
72	120	24.0
72	121	17.0
72	122	11.0
73	74	96.0
73	75	64.0
73	76	165.0
73	77	102.0
73	78	90.0
73	79	44.0
73	80	44.0
73	81	51.0
73	82	57.0
73	83	35.0
73	84	41.0
73	85	54.0
73	86	34.0
73	87	13.0
73	88	12.0
73	89	23.0
73	90	25.0
73	91	23.0
73	92	25.0
73	93	30.0
73	94	35.0
73	95	17.0
73	96	22.0
73	97	11.0
73	98	20.0
73	99	15.0
73	100	11.0
73	101	22.0
73	102	16.0
73	103	5.0
73	104	10.0
73	105	16.0
73	106	20.0
73	107	7.0
73	108	15.0
73	109	10.0
73	110	19.0
73	111	16.0
73	112	8.0
73	113	20.0
73	114	15.0
73	115	18.0
73	116	21.0
73	117	16.0
73	118	14.0
73	119	13.0
73	120	12.0
73	121	9.0
73	122	13.0
74	75	72.0
74	76	122.0
74	77	118.0
74	78	66.0
74	79	18.0
74	80	49.0
74	81	90.0
74	82	43.0
74	83	38.0
74	84	44.0
74	85	43.0
74	86	30.0
74	87	20.0
74	88	15.0
74	89	19.0
74	90	33.0
74	91	25.0
74	92	22.0
74	93	22.0
74	94	25.0
74	95	27.0
74	96	23.0
74	97	11.0
74	98	23.0
74	99	13.0
74	100	22.0
74	101	14.0
74	102	9.0
74	103	4.0
74	104	21.0
74	105	7.0
74	106	18.0
74	107	18.0
74	108	29.0
74	109	21.0
74	110	21.0
74	111	12.0
74	112	12.0
74	113	18.0
74	114	28.0
74	115	20.0
74	116	21.0
74	117	23.0
74	118	19.0
74	119	15.0
74	120	22.0
74	121	17.0
74	122	18.0
75	76	153.0
75	77	67.0
75	78	104.0
75	79	47.0
75	80	73.0
75	81	67.0
75	82	53.0
75	83	42.0
75	84	58.0
75	85	54.0
75	86	36.0
75	87	19.0
75	88	23.0
75	89	29.0
75	90	25.0
75	91	21.0
75	92	15.0
75	93	19.0
75	94	21.0
75	95	31.0
75	96	20.0
75	97	15.0
75	98	15.0
75	99	15.0
75	100	17.0
75	101	14.0
75	102	13.0
75	103	15.0
75	104	16.0
75	105	16.0
75	106	21.0
75	107	15.0
75	108	19.0
75	109	16.0
75	110	14.0
75	111	16.0
75	112	11.0
75	113	14.0
75	114	20.0
75	115	16.0
75	116	13.0
75	117	17.0
75	118	21.0
75	119	16.0
75	120	18.0
75	121	15.0
75	122	10.0
76	77	75.0
76	78	95.0
76	79	54.0
76	80	54.0
76	81	78.0
76	82	73.0
76	83	48.0
76	84	49.0
76	85	56.0
76	86	37.0
76	87	17.0
76	88	19.0
76	89	26.0
76	90	22.0
76	91	23.0
76	92	27.0
76	93	26.0
76	94	27.0
76	95	24.0
76	96	13.0
76	97	19.0
76	98	19.0
76	99	17.0
76	100	20.0
76	101	18.0
76	102	14.0
76	103	9.0
76	104	7.0
76	105	9.0
76	106	16.0
76	107	13.0
76	108	24.0
76	109	10.0
76	110	9.0
76	111	8.0
76	112	12.0
76	113	15.0
76	114	18.0
76	115	33.0
76	116	17.0
76	117	15.0
76	118	18.0
76	119	23.0
76	120	13.0
76	121	13.0
76	122	14.0
77	78	54.0
77	79	39.0
77	80	52.0
77	81	93.0
77	82	57.0
77	83	38.0
77	84	47.0
77	85	39.0
77	86	31.0
77	87	23.0
77	88	19.0
77	89	27.0
77	90	27.0
77	91	24.0
77	92	19.0
77	93	20.0
77	94	19.0
77	95	26.0
77	96	16.0
77	97	9.0
77	98	12.0
77	99	13.0
77	100	15.0
77	101	17.0
77	102	11.0
77	103	7.0
77	104	16.0
77	105	20.0
77	106	20.0
77	107	17.0
77	108	16.0
77	109	19.0
77	110	15.0
77	111	14.0
77	112	15.0
77	113	19.0
77	114	13.0
77	115	19.0
77	116	22.0
77	117	26.0
77	118	15.0
77	119	16.0
77	120	14.0
77	121	23.0
77	122	15.0
78	79	57.0
78	80	106.0
78	81	96.0
78	82	89.0
78	83	53.0
78	84	101.0
78	85	69.0
78	86	46.0
78	87	17.0
78	88	19.0
78	89	34.0
78	90	37.0
78	91	27.0
78	92	23.0
78	93	21.0
78	94	21.0
78	95	28.0
78	96	18.0
78	97	28.0
78	98	19.0
78	99	19.0
78	100	17.0
78	101	27.0
78	102	11.0
78	103	12.0
78	104	16.0
78	105	21.0
78	106	18.0
78	107	27.0
78	108	21.0
78	109	17.0
78	110	13.0
78	111	15.0
78	112	14.0
78	113	19.0
78	114	19.0
78	115	17.0
78	116	29.0
78	117	18.0
78	118	18.0
78	119	23.0
78	120	13.0
78	121	21.0
78	122	10.0
79	80	125.0
79	81	43.0
79	82	60.0
79	83	43.0
79	84	34.0
79	85	62.0
79	86	33.0
79	87	35.0
79	88	30.0
79	89	27.0
79	90	32.0
79	91	11.0
79	92	18.0
79	93	21.0
79	94	25.0
79	95	23.0
79	96	22.0
79	97	14.0
79	98	22.0
79	99	19.0
79	100	20.0
79	101	17.0
79	102	14.0
79	103	9.0
79	104	15.0
79	105	14.0
79	106	18.0
79	107	16.0
79	108	17.0
79	109	15.0
79	110	16.0
79	111	18.0
79	112	11.0
79	113	16.0
79	114	16.0
79	115	13.0
79	116	22.0
79	117	17.0
79	118	17.0
79	119	10.0
79	120	8.0
79	121	16.0
79	122	14.0
80	81	67.0
80	82	91.0
80	83	56.0
80	84	63.0
80	85	116.0
80	86	59.0
80	87	26.0
80	88	21.0
80	89	28.0
80	90	45.0
80	91	24.0
80	92	25.0
80	93	29.0
80	94	32.0
80	95	25.0
80	96	16.0
80	97	15.0
80	98	23.0
80	99	18.0
80	100	27.0
80	101	23.0
80	102	11.0
80	103	14.0
80	104	16.0
80	105	18.0
80	106	20.0
80	107	18.0
80	108	22.0
80	109	15.0
80	110	15.0
80	111	17.0
80	112	18.0
80	113	8.0
80	114	17.0
80	115	15.0
80	116	17.0
80	117	17.0
80	118	11.0
80	119	22.0
80	120	9.0
80	121	15.0
80	122	15.0
81	82	109.0
81	83	51.0
81	84	107.0
81	85	66.0
81	86	44.0
81	87	24.0
81	88	17.0
81	89	33.0
81	90	46.0
81	91	32.0
81	92	22.0
81	93	22.0
81	94	27.0
81	95	30.0
81	96	24.0
81	97	14.0
81	98	24.0
81	99	26.0
81	100	25.0
81	101	16.0
81	102	15.0
81	103	11.0
81	104	17.0
81	105	21.0
81	106	23.0
81	107	27.0
81	108	27.0
81	109	20.0
81	110	24.0
81	111	17.0
81	112	14.0
81	113	10.0
81	114	19.0
81	115	21.0
81	116	22.0
81	117	30.0
81	118	22.0
81	119	25.0
81	120	16.0
81	121	22.0
81	122	12.0
82	83	141.0
82	84	204.0
82	85	155.0
82	86	66.0
82	87	24.0
82	88	22.0
82	89	49.0
82	90	73.0
82	91	44.0
82	92	30.0
82	93	30.0
82	94	32.0
82	95	28.0
82	96	27.0
82	97	20.0
82	98	13.0
82	99	28.0
82	100	23.0
82	101	18.0
82	102	11.0
82	103	12.0
82	104	16.0
82	105	19.0
82	106	10.0
82	107	30.0
82	108	26.0
82	109	26.0
82	110	18.0
82	111	15.0
82	112	10.0
82	113	19.0
82	114	15.0
82	115	25.0
82	116	30.0
82	117	22.0
82	118	27.0
82	119	17.0
82	120	15.0
82	121	18.0
82	122	11.0
83	84	122.0
83	85	197.0
83	86	89.0
83	87	37.0
83	88	36.0
83	89	69.0
83	90	56.0
83	91	40.0
83	92	39.0
83	93	38.0
83	94	39.0
83	95	35.0
83	96	23.0
83	97	23.0
83	98	25.0
83	99	28.0
83	100	23.0
83	101	16.0
83	102	10.0
83	103	6.0
83	104	16.0
83	105	22.0
83	106	11.0
83	107	16.0
83	108	24.0
83	109	10.0
83	110	21.0
83	111	22.0
83	112	16.0
83	113	11.0
83	114	23.0
83	115	24.0
83	116	26.0
83	117	13.0
83	118	23.0
83	119	20.0
83	120	9.0
83	121	18.0
83	122	12.0
84	85	121.0
84	86	73.0
84	87	20.0
84	88	36.0
84	89	37.0
84	90	58.0
84	91	37.0
84	92	32.0
84	93	34.0
84	94	31.0
84	95	25.0
84	96	25.0
84	97	16.0
84	98	19.0
84	99	24.0
84	100	22.0
84	101	12.0
84	102	12.0
84	103	17.0
84	104	9.0
84	105	24.0
84	106	19.0
84	107	14.0
84	108	21.0
84	109	21.0
84	110	15.0
84	111	13.0
84	112	20.0
84	113	17.0
84	114	11.0
84	115	25.0
84	116	20.0
84	117	21.0
84	118	23.0
84	119	18.0
84	120	19.0
84	121	11.0
84	122	17.0
85	86	74.0
85	87	27.0
85	88	23.0
85	89	48.0
85	90	47.0
85	91	31.0
85	92	33.0
85	93	47.0
85	94	42.0
85	95	24.0
85	96	23.0
85	97	24.0
85	98	29.0
85	99	19.0
85	100	23.0
85	101	22.0
85	102	15.0
85	103	15.0
85	104	15.0
85	105	20.0
85	106	22.0
85	107	16.0
85	108	18.0
85	109	13.0
85	110	19.0
85	111	14.0
85	112	16.0
85	113	14.0
85	114	20.0
85	115	11.0
85	116	21.0
85	117	18.0
85	118	16.0
85	119	11.0
85	120	17.0
85	121	16.0
85	122	15.0
86	87	50.0
86	88	45.0
86	89	153.0
86	90	70.0
86	91	39.0
86	92	41.0
86	93	47.0
86	94	43.0
86	95	33.0
86	96	36.0
86	97	20.0
86	98	22.0
86	99	24.0
86	100	15.0
86	101	15.0
86	102	7.0
86	103	8.0
86	104	7.0
86	105	25.0
86	106	24.0
86	107	16.0
86	108	21.0
86	109	11.0
86	110	16.0
86	111	11.0
86	112	18.0
86	113	15.0
86	114	17.0
86	115	21.0
86	116	18.0
86	117	17.0
86	118	7.0
86	119	16.0
86	120	14.0
86	121	13.0
86	122	10.0
87	88	313.0
87	89	58.0
87	90	38.0
87	91	31.0
87	92	37.0
87	93	28.0
87	94	19.0
87	95	32.0
87	96	35.0
87	97	16.0
87	98	15.0
87	99	19.0
87	100	18.0
87	101	15.0
87	102	18.0
87	103	12.0
87	104	9.0
87	105	14.0
87	106	9.0
87	107	20.0
87	108	15.0
87	109	15.0
87	110	8.0
87	111	8.0
87	112	9.0
87	113	10.0
87	114	8.0
87	115	16.0
87	116	10.0
87	117	19.0
87	118	12.0
87	119	10.0
87	120	7.0
87	121	6.0
87	122	9.0
88	89	54.0
88	90	23.0
88	91	22.0
88	92	25.0
88	93	31.0
88	94	31.0
88	95	27.0
88	96	29.0
88	97	21.0
88	98	12.0
88	99	14.0
88	100	19.0
88	101	17.0
88	102	13.0
88	103	13.0
88	104	13.0
88	105	6.0
88	106	25.0
88	107	11.0
88	108	12.0
88	109	8.0
88	110	15.0
88	111	9.0
88	112	9.0
88	113	14.0
88	114	12.0
88	115	15.0
88	116	13.0
88	117	11.0
88	118	11.0
88	119	8.0
88	120	8.0
88	121	9.0
88	122	11.0
89	90	57.0
89	91	32.0
89	92	49.0
89	93	51.0
89	94	45.0
89	95	52.0
89	96	30.0
89	97	17.0
89	98	26.0
89	99	28.0
89	100	25.0
89	101	20.0
89	102	16.0
89	103	7.0
89	104	19.0
89	105	22.0
89	106	23.0
89	107	18.0
89	108	28.0
89	109	20.0
89	110	16.0
89	111	8.0
89	112	17.0
89	113	14.0
89	114	15.0
89	115	28.0
89	116	17.0
89	117	18.0
89	118	15.0
89	119	9.0
89	120	19.0
89	121	9.0
89	122	11.0
90	91	122.0
90	92	46.0
90	93	71.0
90	94	61.0
90	95	63.0
90	96	36.0
90	97	23.0
90	98	22.0
90	99	35.0
90	100	30.0
90	101	25.0
90	102	15.0
90	103	17.0
90	104	16.0
90	105	17.0
90	106	30.0
90	107	18.0
90	108	15.0
90	109	23.0
90	110	19.0
90	111	22.0
90	112	16.0
90	113	13.0
90	114	22.0
90	115	29.0
90	116	27.0
90	117	28.0
90	118	28.0
90	119	20.0
90	120	17.0
90	121	16.0
90	122	17.0
91	92	66.0
91	93	72.0
91	94	68.0
91	95	69.0
91	96	42.0
91	97	24.0
91	98	47.0
91	99	47.0
91	100	37.0
91	101	21.0
91	102	20.0
91	103	10.0
91	104	19.0
91	105	26.0
91	106	29.0
91	107	28.0
91	108	23.0
91	109	30.0
91	110	21.0
91	111	23.0
91	112	21.0
91	113	17.0
91	114	25.0
91	115	30.0
91	116	40.0
91	117	29.0
91	118	20.0
91	119	24.0
91	120	19.0
91	121	22.0
91	122	15.0
92	93	133.0
92	94	74.0
92	95	65.0
92	96	120.0
92	97	50.0
92	98	37.0
92	99	54.0
92	100	42.0
92	101	17.0
92	102	18.0
92	103	12.0
92	104	17.0
92	105	23.0
92	106	19.0
92	107	25.0
92	108	17.0
92	109	22.0
92	110	15.0
92	111	14.0
92	112	17.0
92	113	15.0
92	114	20.0
92	115	22.0
92	116	20.0
92	117	18.0
92	118	18.0
92	119	11.0
92	120	11.0
92	121	18.0
92	122	11.0
93	94	93.0
93	95	82.0
93	96	77.0
93	97	31.0
93	98	45.0
93	99	49.0
93	100	38.0
93	101	22.0
93	102	15.0
93	103	7.0
93	104	17.0
93	105	19.0
93	106	28.0
93	107	24.0
93	108	26.0
93	109	15.0
93	110	23.0
93	111	19.0
93	112	12.0
93	113	21.0
93	114	24.0
93	115	22.0
93	116	12.0
93	117	23.0
93	118	22.0
93	119	13.0
93	120	13.0
93	121	16.0
93	122	16.0
94	95	142.0
94	96	72.0
94	97	41.0
94	98	46.0
94	99	75.0
94	100	45.0
94	101	29.0
94	102	24.0
94	103	22.0
94	104	24.0
94	105	22.0
94	106	38.0
94	107	19.0
94	108	24.0
94	109	20.0
94	110	22.0
94	111	27.0
94	112	11.0
94	113	20.0
94	114	27.0
94	115	15.0
94	116	23.0
94	117	22.0
94	118	21.0
94	119	29.0
94	120	16.0
94	121	17.0
94	122	18.0
95	96	123.0
95	97	42.0
95	98	45.0
95	99	50.0
95	100	47.0
95	101	29.0
95	102	11.0
95	103	21.0
95	104	24.0
95	105	27.0
95	106	30.0
95	107	30.0
95	108	23.0
95	109	21.0
95	110	13.0
95	111	28.0
95	112	14.0
95	113	24.0
95	114	20.0
95	115	20.0
95	116	17.0
95	117	26.0
95	118	16.0
95	119	16.0
95	120	19.0
95	121	21.0
95	122	13.0
96	97	65.0
96	98	58.0
96	99	56.0
96	100	41.0
96	101	21.0
96	102	18.0
96	103	16.0
96	104	28.0
96	105	25.0
96	106	21.0
96	107	32.0
96	108	22.0
96	109	19.0
96	110	15.0
96	111	18.0
96	112	18.0
96	113	11.0
96	114	21.0
96	115	17.0
96	116	19.0
96	117	17.0
96	118	21.0
96	119	15.0
96	120	11.0
96	121	17.0
96	122	16.0
97	98	67.0
97	99	55.0
97	100	40.0
97	101	27.0
97	102	20.0
97	103	19.0
97	104	22.0
97	105	24.0
97	106	21.0
97	107	19.0
97	108	22.0
97	109	19.0
97	110	17.0
97	111	20.0
97	112	21.0
97	113	16.0
97	114	24.0
97	115	21.0
97	116	11.0
97	117	9.0
97	118	22.0
97	119	11.0
97	120	5.0
97	121	11.0
97	122	10.0
98	99	141.0
98	100	89.0
98	101	27.0
98	102	26.0
98	103	28.0
98	104	29.0
98	105	23.0
98	106	40.0
98	107	32.0
98	108	29.0
98	109	32.0
98	110	28.0
98	111	19.0
98	112	25.0
98	113	22.0
98	114	21.0
98	115	24.0
98	116	20.0
98	117	22.0
98	118	20.0
98	119	11.0
98	120	19.0
98	121	20.0
98	122	10.0
99	100	98.0
99	101	40.0
99	102	19.0
99	103	15.0
99	104	36.0
99	105	34.0
99	106	45.0
99	107	33.0
99	108	28.0
99	109	28.0
99	110	25.0
99	111	16.0
99	112	23.0
99	113	19.0
99	114	20.0
99	115	29.0
99	116	21.0
99	117	18.0
99	118	23.0
99	119	25.0
99	120	23.0
99	121	19.0
99	122	12.0
100	101	62.0
100	102	31.0
100	103	24.0
100	104	43.0
100	105	35.0
100	106	63.0
100	107	40.0
100	108	24.0
100	109	30.0
100	110	29.0
100	111	26.0
100	112	19.0
100	113	36.0
100	114	26.0
100	115	32.0
100	116	14.0
100	117	25.0
100	118	28.0
100	119	10.0
100	120	19.0
100	121	14.0
100	122	20.0
101	102	54.0
101	103	35.0
101	104	62.0
101	105	26.0
101	106	49.0
101	107	55.0
101	108	33.0
101	109	26.0
101	110	21.0
101	111	30.0
101	112	36.0
101	113	34.0
101	114	34.0
101	115	24.0
101	116	13.0
101	117	20.0
101	118	45.0
101	119	27.0
101	120	25.0
101	121	30.0
101	122	27.0
102	103	132.0
102	104	56.0
102	105	29.0
102	106	43.0
102	107	27.0
102	108	16.0
102	109	13.0
102	110	25.0
102	111	34.0
102	112	30.0
102	113	28.0
102	114	28.0
102	115	15.0
102	116	12.0
102	117	16.0
102	118	26.0
102	119	25.0
102	120	17.0
102	121	11.0
102	122	20.0
103	104	64.0
103	105	37.0
103	106	30.0
103	107	27.0
103	108	21.0
103	109	31.0
103	110	19.0
103	111	27.0
103	112	30.0
103	113	31.0
103	114	24.0
103	115	19.0
103	116	19.0
103	117	20.0
103	118	21.0
103	119	14.0
103	120	16.0
103	121	22.0
103	122	19.0
104	105	46.0
104	106	60.0
104	107	54.0
104	108	38.0
104	109	35.0
104	110	28.0
104	111	63.0
104	112	56.0
104	113	57.0
104	114	36.0
104	115	32.0
104	116	13.0
104	117	28.0
104	118	39.0
104	119	29.0
104	120	22.0
104	121	26.0
104	122	23.0
105	106	67.0
105	107	75.0
105	108	80.0
105	109	109.0
105	110	88.0
105	111	66.0
105	112	56.0
105	113	29.0
105	114	65.0
105	115	46.0
105	116	42.0
105	117	43.0
105	118	38.0
105	119	19.0
105	120	26.0
105	121	36.0
105	122	31.0
106	107	114.0
106	108	53.0
106	109	58.0
106	110	60.0
106	111	36.0
106	112	44.0
106	113	26.0
106	114	54.0
106	115	36.0
106	116	22.0
106	117	32.0
106	118	47.0
106	119	26.0
106	120	27.0
106	121	27.0
106	122	20.0
107	108	51.0
107	109	63.0
107	110	44.0
107	111	50.0
107	112	49.0
107	113	72.0
107	114	63.0
107	115	29.0
107	116	26.0
107	117	26.0
107	118	74.0
107	119	41.0
107	120	32.0
107	121	47.0
107	122	36.0
108	109	115.0
108	110	105.0
108	111	51.0
108	112	33.0
108	113	37.0
108	114	67.0
108	115	83.0
108	116	63.0
108	117	89.0
108	118	57.0
108	119	29.0
108	120	26.0
108	121	41.0
108	122	31.0
109	110	165.0
109	111	60.0
109	112	67.0
109	113	42.0
109	114	92.0
109	115	73.0
109	116	41.0
109	117	63.0
109	118	55.0
109	119	26.0
109	120	30.0
109	121	44.0
109	122	27.0
110	111	58.0
110	112	56.0
110	113	35.0
110	114	65.0
110	115	93.0
110	116	44.0
110	117	63.0
110	118	43.0
110	119	22.0
110	120	28.0
110	121	37.0
110	122	21.0
111	112	188.0
111	113	47.0
111	114	75.0
111	115	26.0
111	116	32.0
111	117	35.0
111	118	39.0
111	119	31.0
111	120	34.0
111	121	33.0
111	122	21.0
112	113	121.0
112	114	61.0
112	115	32.0
112	116	19.0
112	117	34.0
112	118	53.0
112	119	37.0
112	120	26.0
112	121	58.0
112	122	40.0
113	114	85.0
113	115	20.0
113	116	16.0
113	117	34.0
113	118	71.0
113	119	66.0
113	120	42.0
113	121	59.0
113	122	57.0
114	115	34.0
114	116	40.0
114	117	53.0
114	118	148.0
114	119	45.0
114	120	39.0
114	121	94.0
114	122	50.0
115	116	67.0
115	117	126.0
115	118	33.0
115	119	28.0
115	120	23.0
115	121	37.0
115	122	23.0
116	117	96.0
116	118	38.0
116	119	29.0
116	120	19.0
116	121	28.0
116	122	23.0
117	118	50.0
117	119	28.0
117	120	25.0
117	121	50.0
117	122	31.0
118	119	39.0
118	120	48.0
118	121	74.0
118	122	51.0
119	120	97.0
119	121	42.0
119	122	60.0
120	121	65.0
120	122	140.0
121	122	71.0
