1	2	32.0
1	3	16.0
1	4	18.0
1	5	11.0
1	6	8.0
1	7	16.0
1	8	13.0
1	9	16.0
1	10	11.0
1	11	11.0
1	12	8.0
1	13	10.0
1	14	8.0
1	15	10.0
1	16	12.0
1	17	11.0
1	18	8.0
1	19	7.0
1	20	9.0
1	21	11.0
1	22	13.0
1	23	7.0
1	24	7.0
1	25	9.0
1	26	8.0
1	27	4.0
1	28	8.0
1	29	6.0
1	30	3.0
1	31	7.0
1	32	4.0
1	33	5.0
1	34	7.0
1	35	2.0
1	36	6.0
1	37	3.0
1	38	4.0
1	39	1.0
1	40	8.0
1	41	5.0
1	42	2.0
1	43	7.0
1	44	6.0
1	45	9.0
1	46	4.0
1	47	3.0
1	48	5.0
1	49	10.0
1	50	9.0
1	51	8.0
1	52	5.0
1	53	7.0
1	54	5.0
1	55	1.0
1	56	4.0
1	57	8.0
1	58	10.0
1	59	2.0
1	60	3.0
1	61	6.0
1	62	4.0
1	63	8.0
1	64	5.0
1	65	4.0
1	66	4.0
1	67	4.0
1	68	10.0
1	69	2.0
1	70	6.0
1	71	7.0
1	72	7.0
1	73	4.0
1	74	10.0
1	75	4.0
1	76	6.0
1	77	4.0
1	78	4.0
1	79	5.0
1	80	8.0
1	81	8.0
1	82	8.0
1	83	8.0
1	84	9.0
1	85	8.0
1	86	1.0
1	87	8.0
1	88	5.0
1	89	9.0
1	90	8.0
1	91	10.0
1	92	7.0
1	93	10.0
1	94	2.0
1	95	9.0
1	96	9.0
1	97	8.0
1	98	5.0
1	99	5.0
1	100	4.0
1	101	8.0
1	102	5.0
1	103	8.0
1	104	7.0
1	105	10.0
1	106	6.0
1	107	8.0
1	108	12.0
1	109	8.0
1	110	10.0
1	111	6.0
1	112	4.0
1	113	10.0
1	114	12.0
1	115	12.0
1	116	7.0
1	117	9.0
1	118	14.0
1	119	10.0
1	120	11.0
1	121	15.0
1	122	16.0
2	3	40.0
2	4	25.0
2	5	36.0
2	6	22.0
2	7	16.0
2	8	15.0
2	9	23.0
2	10	16.0
2	11	21.0
2	12	11.0
2	13	6.0
2	14	8.0
2	15	11.0
2	16	13.0
2	17	14.0
2	18	13.0
2	19	14.0
2	20	8.0
2	21	6.0
2	22	13.0
2	23	13.0
2	24	7.0
2	25	8.0
2	26	11.0
2	27	8.0
2	28	8.0
2	29	9.0
2	30	4.0
2	31	7.0
2	32	4.0
2	33	6.0
2	34	6.0
2	35	3.0
2	36	9.0
2	37	5.0
2	38	3.0
2	39	3.0
2	40	6.0
2	41	9.0
2	42	4.0
2	43	3.0
2	44	3.0
2	45	3.0
2	46	6.0
2	47	6.0
2	48	9.0
2	49	14.0
2	50	7.0
2	51	7.0
2	52	8.0
2	53	6.0
2	54	3.0
2	55	5.0
2	56	7.0
2	57	4.0
2	58	8.0
2	59	9.0
2	60	7.0
2	61	7.0
2	62	3.0
2	63	4.0
2	64	3.0
2	65	6.0
2	66	8.0
2	67	6.0
2	68	6.0
2	69	7.0
2	70	6.0
2	71	9.0
2	72	7.0
2	73	9.0
2	74	8.0
2	75	9.0
2	76	7.0
2	77	8.0
2	78	2.0
2	79	4.0
2	80	11.0
2	81	4.0
2	82	10.0
2	83	4.0
2	84	3.0
2	85	11.0
2	86	8.0
2	87	2.0
2	88	5.0
2	89	11.0
2	90	8.0
2	91	12.0
2	92	8.0
2	93	6.0
2	94	6.0
2	95	5.0
2	96	5.0
2	97	4.0
2	98	5.0
2	99	6.0
2	100	10.0
2	101	5.0
2	102	5.0
2	103	10.0
2	104	12.0
2	105	7.0
2	106	7.0
2	107	13.0
2	108	14.0
2	109	23.0
2	110	9.0
2	111	3.0
2	112	9.0
2	113	11.0
2	114	15.0
2	115	9.0
2	116	8.0
2	117	12.0
2	118	7.0
2	119	18.0
2	120	10.0
2	121	14.0
2	122	16.0
3	4	86.0
3	5	60.0
3	6	42.0
3	7	44.0
3	8	25.0
3	9	15.0
3	10	27.0
3	11	36.0
3	12	16.0
3	13	13.0
3	14	13.0
3	15	12.0
3	16	21.0
3	17	11.0
3	18	18.0
3	19	15.0
3	20	10.0
3	21	10.0
3	22	16.0
3	23	15.0
3	24	10.0
3	25	6.0
3	26	8.0
3	27	11.0
3	28	8.0
3	29	9.0
3	30	10.0
3	31	5.0
3	32	1.0
3	33	4.0
3	34	5.0
3	35	5.0
3	36	4.0
3	37	4.0
3	38	4.0
3	39	12.0
3	40	7.0
3	41	6.0
3	42	7.0
3	43	7.0
3	44	5.0
3	45	5.0
3	46	6.0
3	47	6.0
3	48	5.0
3	49	9.0
3	50	10.0
3	51	12.0
3	52	14.0
3	53	4.0
3	54	7.0
3	55	8.0
3	56	7.0
3	57	6.0
3	58	10.0
3	59	13.0
3	60	17.0
3	61	12.0
3	62	9.0
3	63	9.0
3	64	7.0
3	65	1.0
3	66	4.0
3	67	8.0
3	68	9.0
3	69	8.0
3	70	9.0
3	71	16.0
3	72	10.0
3	73	6.0
3	74	11.0
3	75	17.0
3	76	15.0
3	77	11.0
3	78	13.0
3	79	12.0
3	80	8.0
3	81	11.0
3	82	3.0
3	83	11.0
3	84	11.0
3	85	11.0
3	86	9.0
3	87	5.0
3	88	7.0
3	89	2.0
3	90	8.0
3	91	12.0
3	92	7.0
3	93	8.0
3	94	6.0
3	95	5.0
3	96	8.0
3	97	3.0
3	98	6.0
3	99	11.0
3	100	7.0
3	101	10.0
3	102	7.0
3	103	4.0
3	104	8.0
3	105	4.0
3	106	5.0
3	107	11.0
3	108	14.0
3	109	8.0
3	110	9.0
3	111	10.0
3	112	15.0
3	113	10.0
3	114	10.0
3	115	13.0
3	116	10.0
3	117	16.0
3	118	9.0
3	119	11.0
3	120	18.0
3	121	10.0
3	122	10.0
4	5	121.0
4	6	70.0
4	7	60.0
4	8	31.0
4	9	30.0
4	10	26.0
4	11	29.0
4	12	11.0
4	13	9.0
4	14	10.0
4	15	18.0
4	16	12.0
4	17	15.0
4	18	19.0
4	19	17.0
4	20	9.0
4	21	9.0
4	22	18.0
4	23	13.0
4	24	6.0
4	25	4.0
4	26	6.0
4	27	10.0
4	28	6.0
4	29	2.0
4	30	6.0
4	31	7.0
4	32	6.0
4	33	3.0
4	34	4.0
4	35	3.0
4	36	1.0
4	37	5.0
4	38	4.0
4	39	3.0
4	40	8.0
4	41	9.0
4	42	4.0
4	43	5.0
4	44	4.0
4	45	8.0
4	46	4.0
4	47	4.0
4	48	8.0
4	49	13.0
4	50	21.0
4	51	14.0
4	52	7.0
4	53	10.0
4	54	9.0
4	55	6.0
4	56	5.0
4	57	14.0
4	58	7.0
4	59	8.0
4	60	10.0
4	61	12.0
4	62	8.0
4	63	9.0
4	64	16.0
4	65	6.0
4	66	4.0
4	67	8.0
4	68	13.0
4	69	15.0
4	70	14.0
4	71	8.0
4	72	16.0
4	73	15.0
4	74	7.0
4	75	5.0
4	76	6.0
4	77	15.0
4	78	10.0
4	79	10.0
4	80	6.0
4	81	12.0
4	82	8.0
4	83	8.0
4	84	15.0
4	85	10.0
4	86	12.0
4	87	6.0
4	88	5.0
4	89	8.0
4	90	12.0
4	91	7.0
4	92	9.0
4	93	15.0
4	94	7.0
4	95	9.0
4	96	4.0
4	97	8.0
4	98	6.0
4	99	6.0
4	100	12.0
4	101	9.0
4	102	6.0
4	103	12.0
4	104	14.0
4	105	12.0
4	106	15.0
4	107	7.0
4	108	14.0
4	109	10.0
4	110	7.0
4	111	7.0
4	112	8.0
4	113	8.0
4	114	15.0
4	115	10.0
4	116	11.0
4	117	15.0
4	118	13.0
4	119	12.0
4	120	13.0
4	121	15.0
4	122	16.0
5	6	97.0
5	7	175.0
5	8	37.0
5	9	21.0
5	10	29.0
5	11	28.0
5	12	17.0
5	13	17.0
5	14	11.0
5	15	21.0
5	16	10.0
5	17	14.0
5	18	20.0
5	19	22.0
5	20	18.0
5	21	9.0
5	22	9.0
5	23	14.0
5	24	6.0
5	25	10.0
5	26	11.0
5	27	8.0
5	28	8.0
5	29	9.0
5	30	6.0
5	31	6.0
5	32	6.0
5	33	8.0
5	35	2.0
5	36	3.0
5	37	8.0
5	38	3.0
5	39	5.0
5	40	3.0
5	41	4.0
5	42	9.0
5	43	1.0
5	44	2.0
5	45	9.0
5	46	5.0
5	47	5.0
5	48	10.0
5	49	8.0
5	50	8.0
5	51	9.0
5	52	14.0
5	53	7.0
5	54	8.0
5	55	7.0
5	56	10.0
5	57	10.0
5	58	8.0
5	59	17.0
5	60	9.0
5	61	11.0
5	62	10.0
5	63	6.0
5	64	10.0
5	65	9.0
5	66	7.0
5	67	8.0
5	68	6.0
5	69	13.0
5	70	8.0
5	71	17.0
5	72	8.0
5	73	10.0
5	74	12.0
5	75	9.0
5	76	11.0
5	77	14.0
5	78	11.0
5	79	9.0
5	80	15.0
5	81	7.0
5	82	8.0
5	83	10.0
5	84	20.0
5	85	9.0
5	86	10.0
5	87	8.0
5	88	5.0
5	89	10.0
5	90	9.0
5	91	12.0
5	92	11.0
5	93	5.0
5	94	12.0
5	95	13.0
5	96	7.0
5	97	5.0
5	98	7.0
5	99	9.0
5	100	11.0
5	101	14.0
5	102	10.0
5	103	5.0
5	104	6.0
5	105	16.0
5	106	12.0
5	107	13.0
5	108	10.0
5	109	11.0
5	110	8.0
5	111	7.0
5	112	7.0
5	113	13.0
5	114	10.0
5	115	16.0
5	116	21.0
5	117	15.0
5	118	10.0
5	119	7.0
5	120	18.0
5	121	21.0
5	122	13.0
6	7	138.0
6	8	29.0
6	9	30.0
6	10	24.0
6	11	26.0
6	12	20.0
6	13	15.0
6	14	19.0
6	15	11.0
6	16	11.0
6	17	9.0
6	18	17.0
6	19	20.0
6	20	18.0
6	21	6.0
6	22	13.0
6	23	4.0
6	24	14.0
6	25	10.0
6	26	6.0
6	27	9.0
6	28	10.0
6	29	7.0
6	30	5.0
6	31	11.0
6	32	7.0
6	33	8.0
6	34	4.0
6	35	3.0
6	36	3.0
6	38	5.0
6	39	6.0
6	40	8.0
6	41	5.0
6	42	9.0
6	43	8.0
6	44	3.0
6	45	7.0
6	46	7.0
6	47	6.0
6	48	5.0
6	49	14.0
6	50	18.0
6	51	3.0
6	52	5.0
6	53	6.0
6	54	8.0
6	55	16.0
6	56	15.0
6	57	7.0
6	58	9.0
6	59	14.0
6	60	9.0
6	61	7.0
6	62	11.0
6	63	4.0
6	64	7.0
6	65	11.0
6	66	8.0
6	67	11.0
6	68	11.0
6	69	5.0
6	70	9.0
6	71	12.0
6	72	13.0
6	73	17.0
6	74	12.0
6	75	10.0
6	76	15.0
6	77	16.0
6	78	7.0
6	79	7.0
6	80	14.0
6	81	11.0
6	82	9.0
6	83	6.0
6	84	8.0
6	85	10.0
6	86	7.0
6	87	10.0
6	88	7.0
6	89	5.0
6	90	12.0
6	91	8.0
6	92	8.0
6	93	12.0
6	94	11.0
6	95	15.0
6	96	8.0
6	97	9.0
6	98	11.0
6	99	8.0
6	100	6.0
6	101	7.0
6	102	8.0
6	103	4.0
6	104	6.0
6	105	10.0
6	106	16.0
6	107	13.0
6	108	7.0
6	109	14.0
6	110	15.0
6	111	2.0
6	112	14.0
6	113	7.0
6	114	11.0
6	115	12.0
6	116	16.0
6	117	6.0
6	118	11.0
6	119	15.0
6	120	9.0
6	121	14.0
6	122	13.0
7	8	30.0
7	9	20.0
7	10	21.0
7	11	36.0
7	12	14.0
7	13	11.0
7	14	11.0
7	15	15.0
7	16	12.0
7	17	11.0
7	18	19.0
7	19	19.0
7	20	21.0
7	21	8.0
7	22	15.0
7	23	19.0
7	24	7.0
7	25	9.0
7	26	6.0
7	27	7.0
7	28	7.0
7	29	10.0
7	30	8.0
7	31	3.0
7	32	6.0
7	33	4.0
7	34	1.0
7	35	7.0
7	36	1.0
7	37	3.0
7	38	7.0
7	39	4.0
7	40	6.0
7	41	5.0
7	42	7.0
7	43	8.0
7	44	5.0
7	45	6.0
7	46	3.0
7	47	5.0
7	48	15.0
7	49	14.0
7	50	14.0
7	51	13.0
7	52	6.0
7	53	7.0
7	54	6.0
7	55	11.0
7	56	9.0
7	57	7.0
7	58	11.0
7	59	14.0
7	60	12.0
7	61	10.0
7	62	10.0
7	63	3.0
7	64	7.0
7	65	14.0
7	66	8.0
7	67	6.0
7	68	6.0
7	69	14.0
7	70	20.0
7	71	11.0
7	72	9.0
7	73	11.0
7	74	11.0
7	75	9.0
7	76	14.0
7	77	10.0
7	78	9.0
7	79	7.0
7	80	12.0
7	81	20.0
7	82	10.0
7	83	13.0
7	84	4.0
7	85	11.0
7	86	10.0
7	87	6.0
7	88	5.0
7	89	8.0
7	90	10.0
7	91	9.0
7	92	6.0
7	93	11.0
7	94	9.0
7	95	12.0
7	96	6.0
7	97	6.0
7	98	10.0
7	99	11.0
7	100	7.0
7	101	8.0
7	102	6.0
7	103	5.0
7	104	12.0
7	105	7.0
7	106	14.0
7	107	7.0
7	108	17.0
7	109	17.0
7	110	8.0
7	111	17.0
7	112	13.0
7	113	6.0
7	114	10.0
7	115	16.0
7	116	16.0
7	117	11.0
7	118	9.0
7	119	10.0
7	120	12.0
7	121	15.0
7	122	6.0
8	9	44.0
8	10	63.0
8	11	53.0
8	12	22.0
8	13	23.0
8	14	17.0
8	15	12.0
8	16	12.0
8	17	17.0
8	18	16.0
8	19	13.0
8	20	9.0
8	21	9.0
8	22	5.0
8	23	7.0
8	24	10.0
8	25	4.0
8	26	12.0
8	27	2.0
8	28	8.0
8	29	7.0
8	30	10.0
8	31	6.0
8	32	8.0
8	33	6.0
8	34	5.0
8	35	3.0
8	36	6.0
8	37	8.0
8	38	4.0
8	39	5.0
8	40	3.0
8	41	6.0
8	42	2.0
8	43	6.0
8	44	7.0
8	45	10.0
8	46	5.0
8	47	10.0
8	48	9.0
8	49	9.0
8	50	9.0
8	51	8.0
8	52	9.0
8	53	9.0
8	54	13.0
8	55	10.0
8	56	6.0
8	57	11.0
8	58	11.0
8	59	12.0
8	60	17.0
8	61	8.0
8	62	7.0
8	63	6.0
8	64	6.0
8	65	9.0
8	66	10.0
8	67	15.0
8	68	5.0
8	69	14.0
8	70	15.0
8	71	11.0
8	72	9.0
8	73	14.0
8	74	8.0
8	75	7.0
8	76	9.0
8	77	9.0
8	78	12.0
8	79	12.0
8	80	8.0
8	81	10.0
8	82	7.0
8	83	13.0
8	84	11.0
8	85	16.0
8	86	13.0
8	87	9.0
8	88	4.0
8	89	5.0
8	90	11.0
8	91	10.0
8	92	9.0
8	93	12.0
8	94	10.0
8	95	5.0
8	96	4.0
8	97	6.0
8	98	4.0
8	99	8.0
8	100	6.0
8	101	10.0
8	102	16.0
8	103	9.0
8	104	10.0
8	105	13.0
8	106	10.0
8	107	12.0
8	108	16.0
8	109	11.0
8	110	13.0
8	111	8.0
8	112	15.0
8	113	11.0
8	114	25.0
8	115	17.0
8	116	12.0
8	117	22.0
8	118	17.0
8	119	16.0
8	120	21.0
8	121	26.0
8	122	13.0
9	10	67.0
9	11	43.0
9	12	28.0
9	13	22.0
9	14	23.0
9	15	16.0
9	16	18.0
9	17	17.0
9	18	14.0
9	19	20.0
9	20	11.0
9	21	9.0
9	22	9.0
9	23	15.0
9	24	12.0
9	25	8.0
9	26	4.0
9	27	5.0
9	28	7.0
9	29	7.0
9	30	11.0
9	31	7.0
9	32	1.0
9	33	9.0
9	34	3.0
9	35	4.0
9	36	1.0
9	37	6.0
9	38	2.0
9	39	7.0
9	40	7.0
9	41	7.0
9	42	4.0
9	43	1.0
9	44	3.0
9	45	8.0
9	46	6.0
9	47	6.0
9	48	8.0
9	49	11.0
9	50	10.0
9	51	9.0
9	52	5.0
9	53	12.0
9	54	12.0
9	55	11.0
9	56	7.0
9	57	6.0
9	58	9.0
9	59	12.0
9	60	10.0
9	61	5.0
9	62	9.0
9	63	6.0
9	64	10.0
9	65	8.0
9	66	10.0
9	67	11.0
9	68	14.0
9	69	15.0
9	70	17.0
9	71	12.0
9	72	13.0
9	73	11.0
9	74	15.0
9	75	8.0
9	76	10.0
9	77	12.0
9	78	6.0
9	79	14.0
9	80	8.0
9	81	4.0
9	82	5.0
9	83	9.0
9	84	12.0
9	85	12.0
9	86	11.0
9	87	10.0
9	88	4.0
9	89	9.0
9	90	6.0
9	91	13.0
9	92	11.0
9	93	5.0
9	94	8.0
9	95	7.0
9	96	12.0
9	97	8.0
9	98	9.0
9	99	10.0
9	100	8.0
9	101	5.0
9	102	9.0
9	103	5.0
9	104	9.0
9	105	17.0
9	106	7.0
9	107	8.0
9	108	25.0
9	109	11.0
9	110	10.0
9	111	16.0
9	112	12.0
9	113	16.0
9	114	13.0
9	115	12.0
9	116	14.0
9	117	18.0
9	118	25.0
9	119	19.0
9	120	15.0
9	121	22.0
9	122	11.0
10	11	107.0
10	12	34.0
10	13	20.0
10	14	23.0
10	15	18.0
10	16	23.0
10	17	29.0
10	18	22.0
10	19	15.0
10	20	12.0
10	21	10.0
10	22	12.0
10	23	8.0
10	24	9.0
10	25	12.0
10	26	5.0
10	27	9.0
10	28	3.0
10	29	3.0
10	30	10.0
10	31	4.0
10	32	3.0
10	33	2.0
10	34	7.0
10	35	3.0
10	36	5.0
10	38	5.0
10	39	5.0
10	40	7.0
10	41	7.0
10	42	3.0
10	43	10.0
10	44	10.0
10	45	9.0
10	46	2.0
10	47	5.0
10	48	6.0
10	49	13.0
10	50	7.0
10	51	9.0
10	52	10.0
10	53	16.0
10	54	6.0
10	55	7.0
10	56	4.0
10	57	13.0
10	58	17.0
10	59	11.0
10	60	9.0
10	61	9.0
10	62	10.0
10	63	10.0
10	64	3.0
10	65	13.0
10	66	5.0
10	67	8.0
10	68	12.0
10	69	8.0
10	70	15.0
10	71	8.0
10	72	11.0
10	73	11.0
10	74	12.0
10	75	15.0
10	76	17.0
10	77	11.0
10	78	9.0
10	79	5.0
10	80	10.0
10	81	10.0
10	82	7.0
10	83	11.0
10	84	15.0
10	85	7.0
10	86	12.0
10	87	2.0
10	88	3.0
10	89	1.0
10	90	5.0
10	91	7.0
10	92	12.0
10	93	9.0
10	94	5.0
10	95	8.0
10	96	8.0
10	97	5.0
10	98	8.0
10	99	7.0
10	100	10.0
10	101	8.0
10	102	7.0
10	103	9.0
10	104	7.0
10	105	7.0
10	106	12.0
10	107	13.0
10	108	5.0
10	109	11.0
10	110	13.0
10	111	12.0
10	112	14.0
10	113	16.0
10	114	16.0
10	115	8.0
10	116	16.0
10	117	13.0
10	118	16.0
10	119	10.0
10	120	11.0
10	121	7.0
10	122	16.0
11	12	27.0
11	13	19.0
11	14	21.0
11	15	22.0
11	16	24.0
11	17	27.0
11	18	28.0
11	19	23.0
11	20	13.0
11	21	9.0
11	22	18.0
11	23	16.0
11	24	14.0
11	25	8.0
11	26	7.0
11	27	4.0
11	28	3.0
11	29	14.0
11	30	4.0
11	31	5.0
11	32	5.0
11	33	4.0
11	34	4.0
11	35	7.0
11	36	5.0
11	37	7.0
11	38	6.0
11	39	5.0
11	40	4.0
11	41	7.0
11	42	9.0
11	43	7.0
11	44	3.0
11	45	14.0
11	46	5.0
11	47	5.0
11	48	13.0
11	49	8.0
11	50	14.0
11	51	14.0
11	52	10.0
11	53	13.0
11	54	10.0
11	55	13.0
11	56	12.0
11	57	4.0
11	58	14.0
11	59	19.0
11	60	11.0
11	61	11.0
11	62	12.0
11	63	7.0
11	64	8.0
11	65	6.0
11	66	5.0
11	67	5.0
11	68	9.0
11	69	7.0
11	70	14.0
11	71	13.0
11	72	19.0
11	73	11.0
11	74	12.0
11	75	13.0
11	76	13.0
11	77	16.0
11	78	9.0
11	79	13.0
11	80	7.0
11	81	17.0
11	82	6.0
11	83	11.0
11	84	8.0
11	85	10.0
11	86	10.0
11	87	5.0
11	88	8.0
11	89	11.0
11	90	9.0
11	91	8.0
11	92	5.0
11	93	7.0
11	94	10.0
11	95	11.0
11	96	8.0
11	97	9.0
11	98	8.0
11	99	9.0
11	100	13.0
11	101	7.0
11	102	7.0
11	103	11.0
11	104	8.0
11	105	9.0
11	106	8.0
11	107	13.0
11	108	10.0
11	109	15.0
11	110	11.0
11	111	4.0
11	112	10.0
11	113	10.0
11	114	13.0
11	115	12.0
11	116	12.0
11	117	14.0
11	118	13.0
11	119	10.0
11	120	14.0
11	121	11.0
11	122	9.0
12	13	51.0
12	14	63.0
12	15	34.0
12	16	29.0
12	17	23.0
12	18	29.0
12	19	27.0
12	20	20.0
12	21	12.0
12	22	10.0
12	23	8.0
12	24	15.0
12	25	14.0
12	26	14.0
12	27	11.0
12	28	5.0
12	29	9.0
12	30	5.0
12	31	7.0
12	32	5.0
12	33	3.0
12	34	6.0
12	35	2.0
12	36	3.0
12	37	4.0
12	38	4.0
12	39	3.0
12	40	7.0
12	41	8.0
12	42	3.0
12	43	7.0
12	44	4.0
12	45	3.0
12	46	10.0
12	47	9.0
12	48	4.0
12	49	8.0
12	50	13.0
12	51	13.0
12	52	13.0
12	53	14.0
12	54	13.0
12	55	11.0
12	56	7.0
12	57	7.0
12	58	11.0
12	59	11.0
12	60	15.0
12	61	6.0
12	62	7.0
12	63	8.0
12	64	6.0
12	65	5.0
12	66	6.0
12	67	7.0
12	68	12.0
12	69	8.0
12	70	4.0
12	71	10.0
12	72	7.0
12	73	8.0
12	74	9.0
12	75	8.0
12	76	12.0
12	77	8.0
12	78	9.0
12	79	12.0
12	80	12.0
12	81	9.0
12	82	12.0
12	83	9.0
12	84	5.0
12	85	8.0
12	86	5.0
12	87	8.0
12	88	5.0
12	89	6.0
12	90	6.0
12	91	11.0
12	92	8.0
12	93	7.0
12	94	8.0
12	95	9.0
12	96	8.0
12	97	4.0
12	98	11.0
12	99	7.0
12	100	7.0
12	101	6.0
12	102	4.0
12	103	9.0
12	104	10.0
12	105	12.0
12	106	6.0
12	107	8.0
12	108	16.0
12	109	7.0
12	110	6.0
12	111	8.0
12	112	8.0
12	113	11.0
12	114	14.0
12	115	11.0
12	116	12.0
12	117	11.0
12	118	17.0
12	119	11.0
12	120	15.0
12	121	11.0
12	122	12.0
13	14	116.0
13	15	56.0
13	16	27.0
13	17	13.0
13	18	21.0
13	19	23.0
13	20	22.0
13	21	19.0
13	22	13.0
13	23	16.0
13	24	18.0
13	25	11.0
13	26	13.0
13	27	8.0
13	28	8.0
13	29	6.0
13	30	6.0
13	31	6.0
13	32	11.0
13	33	3.0
13	34	5.0
13	35	3.0
13	36	2.0
13	37	3.0
13	38	6.0
13	39	4.0
13	40	1.0
13	41	7.0
13	42	5.0
13	43	9.0
13	44	9.0
13	45	8.0
13	46	7.0
13	47	4.0
13	48	13.0
13	49	9.0
13	50	10.0
13	51	11.0
13	52	11.0
13	53	19.0
13	54	11.0
13	55	6.0
13	56	8.0
13	57	7.0
13	58	8.0
13	59	5.0
13	60	10.0
13	61	5.0
13	62	2.0
13	63	7.0
13	64	3.0
13	65	8.0
13	66	6.0
13	67	3.0
13	68	9.0
13	69	14.0
13	70	8.0
13	71	13.0
13	72	11.0
13	73	8.0
13	74	11.0
13	75	12.0
13	76	5.0
13	77	7.0
13	78	11.0
13	79	8.0
13	80	1.0
13	81	9.0
13	82	5.0
13	83	6.0
13	84	8.0
13	85	3.0
13	86	11.0
13	87	10.0
13	88	5.0
13	89	4.0
13	90	7.0
13	91	6.0
13	92	3.0
13	93	3.0
13	94	7.0
13	95	4.0
13	96	5.0
13	97	3.0
13	98	5.0
13	99	8.0
13	100	1.0
13	101	15.0
13	102	8.0
13	103	8.0
13	104	8.0
13	105	10.0
13	106	5.0
13	107	5.0
13	108	5.0
13	109	7.0
13	110	5.0
13	111	9.0
13	112	8.0
13	113	15.0
13	114	8.0
13	115	8.0
13	116	5.0
13	117	10.0
13	118	11.0
13	119	12.0
13	120	15.0
13	121	10.0
13	122	6.0
14	15	83.0
14	16	37.0
14	17	42.0
14	18	27.0
14	19	38.0
14	20	30.0
14	21	28.0
14	22	19.0
14	23	16.0
14	24	11.0
14	25	12.0
14	26	14.0
14	27	10.0
14	28	8.0
14	29	6.0
14	30	10.0
14	31	6.0
14	32	4.0
14	33	3.0
14	34	4.0
14	35	4.0
14	36	5.0
14	37	3.0
14	38	1.0
14	39	6.0
14	40	6.0
14	41	7.0
14	42	3.0
14	43	7.0
14	44	9.0
14	45	6.0
14	46	6.0
14	47	7.0
14	48	9.0
14	49	15.0
14	50	11.0
14	51	13.0
14	52	8.0
14	53	15.0
14	54	12.0
14	55	11.0
14	56	10.0
14	57	12.0
14	58	6.0
14	59	7.0
14	60	5.0
14	61	6.0
14	62	9.0
14	63	16.0
14	64	2.0
14	65	10.0
14	66	4.0
14	67	12.0
14	68	6.0
14	69	8.0
14	70	7.0
14	71	9.0
14	72	11.0
14	73	10.0
14	74	12.0
14	75	7.0
14	76	12.0
14	77	17.0
14	78	8.0
14	79	12.0
14	80	9.0
14	81	10.0
14	82	6.0
14	83	5.0
14	84	18.0
14	85	14.0
14	86	10.0
14	87	6.0
14	88	4.0
14	89	7.0
14	90	4.0
14	91	5.0
14	92	6.0
14	93	9.0
14	94	7.0
14	95	9.0
14	96	5.0
14	97	8.0
14	98	7.0
14	99	5.0
14	100	7.0
14	101	8.0
14	102	3.0
14	103	4.0
14	104	12.0
14	105	6.0
14	106	5.0
14	107	5.0
14	108	9.0
14	109	13.0
14	110	5.0
14	111	8.0
14	112	12.0
14	113	7.0
14	114	7.0
14	115	6.0
14	116	7.0
14	117	11.0
14	118	11.0
14	119	7.0
14	120	9.0
14	121	8.0
14	122	12.0
15	16	50.0
15	17	27.0
15	18	34.0
15	19	49.0
15	20	33.0
15	21	22.0
15	22	14.0
15	23	13.0
15	24	17.0
15	25	13.0
15	26	7.0
15	27	14.0
15	28	6.0
15	29	10.0
15	30	11.0
15	31	8.0
15	32	6.0
15	33	9.0
15	34	7.0
15	35	6.0
15	36	2.0
15	37	2.0
15	38	6.0
15	39	6.0
15	40	4.0
15	41	5.0
15	42	10.0
15	43	5.0
15	44	4.0
15	45	3.0
15	46	6.0
15	47	9.0
15	48	8.0
15	49	8.0
15	50	11.0
15	51	9.0
15	52	10.0
15	53	14.0
15	54	11.0
15	55	11.0
15	56	6.0
15	57	14.0
15	58	11.0
15	59	9.0
15	60	10.0
15	61	7.0
15	62	7.0
15	63	9.0
15	64	11.0
15	65	4.0
15	66	7.0
15	67	10.0
15	68	7.0
15	69	6.0
15	70	7.0
15	71	9.0
15	72	10.0
15	73	4.0
15	74	9.0
15	75	8.0
15	76	8.0
15	77	4.0
15	78	6.0
15	79	6.0
15	80	9.0
15	81	12.0
15	82	7.0
15	83	4.0
15	84	6.0
15	85	8.0
15	86	6.0
15	87	3.0
15	88	6.0
15	89	7.0
15	90	8.0
15	91	4.0
15	92	8.0
15	93	7.0
15	94	7.0
15	95	1.0
15	96	2.0
15	97	7.0
15	98	6.0
15	99	5.0
15	100	5.0
15	101	6.0
15	102	4.0
15	103	3.0
15	104	8.0
15	105	7.0
15	106	3.0
15	107	7.0
15	108	5.0
15	109	9.0
15	110	7.0
15	111	6.0
15	112	5.0
15	113	8.0
15	114	7.0
15	115	6.0
15	116	9.0
15	117	4.0
15	118	8.0
15	119	9.0
15	120	6.0
15	121	11.0
15	122	11.0
16	17	184.0
16	18	95.0
16	19	127.0
16	20	36.0
16	21	32.0
16	22	21.0
16	23	23.0
16	24	17.0
16	25	13.0
16	26	11.0
16	27	6.0
16	28	12.0
16	29	6.0
16	30	6.0
16	31	7.0
16	32	9.0
16	33	4.0
16	34	3.0
16	35	3.0
16	36	5.0
16	37	5.0
16	38	2.0
16	39	9.0
16	40	9.0
16	41	7.0
16	42	6.0
16	43	6.0
16	44	5.0
16	45	9.0
16	46	8.0
16	47	12.0
16	48	9.0
16	49	10.0
16	50	19.0
16	51	8.0
16	52	14.0
16	53	16.0
16	54	13.0
16	55	7.0
16	56	10.0
16	57	10.0
16	58	4.0
16	59	7.0
16	60	13.0
16	61	8.0
16	62	11.0
16	63	8.0
16	64	11.0
16	65	4.0
16	66	4.0
16	67	7.0
16	68	9.0
16	69	13.0
16	70	8.0
16	71	6.0
16	72	17.0
16	73	10.0
16	74	7.0
16	75	12.0
16	76	8.0
16	77	10.0
16	78	6.0
16	79	8.0
16	80	16.0
16	81	11.0
16	82	8.0
16	83	10.0
16	84	7.0
16	85	3.0
16	86	7.0
16	87	5.0
16	88	7.0
16	89	5.0
16	90	6.0
16	91	7.0
16	92	9.0
16	93	2.0
16	94	1.0
16	95	6.0
16	96	11.0
16	97	5.0
16	98	4.0
16	99	7.0
16	100	6.0
16	101	8.0
16	102	5.0
16	103	5.0
16	104	3.0
16	105	4.0
16	106	8.0
16	107	9.0
16	108	5.0
16	109	13.0
16	110	9.0
16	111	6.0
16	112	5.0
16	113	13.0
16	114	11.0
16	115	11.0
16	116	7.0
16	117	10.0
16	118	13.0
16	119	14.0
16	120	7.0
16	121	8.0
16	122	11.0
17	18	133.0
17	19	131.0
17	20	51.0
17	21	31.0
17	22	32.0
17	23	33.0
17	24	26.0
17	25	20.0
17	26	10.0
17	27	11.0
17	28	9.0
17	29	14.0
17	30	8.0
17	31	6.0
17	32	6.0
17	33	9.0
17	34	4.0
17	35	6.0
17	36	4.0
17	37	9.0
17	38	3.0
17	39	5.0
17	40	9.0
17	41	8.0
17	42	8.0
17	43	9.0
17	44	5.0
17	45	11.0
17	46	8.0
17	47	7.0
17	48	18.0
17	49	18.0
17	50	16.0
17	51	18.0
17	52	17.0
17	53	13.0
17	54	16.0
17	55	5.0
17	56	13.0
17	57	10.0
17	58	11.0
17	59	18.0
17	60	15.0
17	61	11.0
17	62	14.0
17	63	10.0
17	64	11.0
17	65	8.0
17	66	5.0
17	67	7.0
17	68	8.0
17	69	12.0
17	70	5.0
17	71	6.0
17	72	15.0
17	73	12.0
17	74	5.0
17	75	5.0
17	76	8.0
17	77	11.0
17	78	7.0
17	79	8.0
17	80	9.0
17	81	7.0
17	82	9.0
17	83	10.0
17	84	10.0
17	85	6.0
17	86	8.0
17	87	8.0
17	88	5.0
17	89	8.0
17	90	7.0
17	91	7.0
17	92	5.0
17	93	7.0
17	94	9.0
17	95	3.0
17	96	6.0
17	97	11.0
17	98	3.0
17	99	6.0
17	100	6.0
17	101	9.0
17	102	6.0
17	103	5.0
17	104	9.0
17	105	3.0
17	106	8.0
17	107	9.0
17	108	6.0
17	109	9.0
17	110	9.0
17	111	9.0
17	112	7.0
17	113	8.0
17	114	2.0
17	115	3.0
17	116	6.0
17	117	2.0
17	118	10.0
17	119	9.0
17	120	13.0
17	121	10.0
17	122	9.0
18	19	72.0
18	20	50.0
18	21	22.0
18	22	33.0
18	23	30.0
18	24	15.0
18	25	16.0
18	26	24.0
18	27	8.0
18	28	18.0
18	29	13.0
18	30	13.0
18	31	9.0
18	32	3.0
18	33	6.0
18	34	6.0
18	35	1.0
18	36	5.0
18	37	8.0
18	38	7.0
18	39	9.0
18	40	2.0
18	41	4.0
18	42	6.0
18	43	7.0
18	44	9.0
18	45	6.0
18	46	9.0
18	47	10.0
18	48	11.0
18	49	12.0
18	50	24.0
18	51	17.0
18	52	19.0
18	53	14.0
18	54	13.0
18	55	8.0
18	56	16.0
18	57	13.0
18	58	10.0
18	59	11.0
18	60	14.0
18	61	14.0
18	62	8.0
18	63	10.0
18	64	5.0
18	65	6.0
18	66	7.0
18	67	6.0
18	68	11.0
18	69	10.0
18	70	8.0
18	71	7.0
18	72	13.0
18	73	4.0
18	74	8.0
18	75	10.0
18	76	9.0
18	77	10.0
18	78	4.0
18	79	11.0
18	80	2.0
18	81	10.0
18	82	3.0
18	83	11.0
18	84	7.0
18	85	7.0
18	86	9.0
18	87	8.0
18	88	6.0
18	89	3.0
18	90	7.0
18	91	6.0
18	92	8.0
18	93	7.0
18	94	11.0
18	95	5.0
18	96	9.0
18	97	2.0
18	98	3.0
18	99	5.0
18	100	5.0
18	101	14.0
18	102	6.0
18	103	5.0
18	104	3.0
18	105	5.0
18	106	3.0
18	107	14.0
18	108	7.0
18	109	4.0
18	110	7.0
18	111	6.0
18	112	8.0
18	113	6.0
18	114	6.0
18	115	5.0
18	116	10.0
18	117	10.0
18	118	6.0
18	119	7.0
18	120	6.0
18	121	9.0
18	122	8.0
19	20	66.0
19	21	34.0
19	22	29.0
19	23	28.0
19	24	26.0
19	25	11.0
19	26	20.0
19	27	11.0
19	28	18.0
19	29	8.0
19	30	11.0
19	31	8.0
19	32	7.0
19	33	12.0
19	34	4.0
19	35	1.0
19	36	2.0
19	37	3.0
19	38	6.0
19	39	4.0
19	40	9.0
19	41	7.0
19	42	13.0
19	43	4.0
19	44	6.0
19	45	8.0
19	46	8.0
19	47	8.0
19	48	18.0
19	49	15.0
19	50	9.0
19	51	18.0
19	52	22.0
19	53	22.0
19	54	13.0
19	55	8.0
19	56	9.0
19	57	10.0
19	58	3.0
19	59	10.0
19	60	11.0
19	61	14.0
19	62	5.0
19	63	8.0
19	64	10.0
19	65	12.0
19	66	7.0
19	67	7.0
19	68	5.0
19	69	7.0
19	70	11.0
19	71	10.0
19	72	10.0
19	73	8.0
19	74	9.0
19	75	9.0
19	76	12.0
19	77	7.0
19	78	12.0
19	79	9.0
19	80	11.0
19	81	11.0
19	82	10.0
19	83	9.0
19	84	14.0
19	85	6.0
19	86	8.0
19	87	7.0
19	88	7.0
19	89	13.0
19	90	10.0
19	91	6.0
19	92	8.0
19	93	4.0
19	94	6.0
19	95	3.0
19	96	6.0
19	97	2.0
19	98	5.0
19	99	5.0
19	100	5.0
19	101	6.0
19	102	7.0
19	103	2.0
19	104	5.0
19	105	10.0
19	106	8.0
19	107	4.0
19	108	10.0
19	109	4.0
19	110	6.0
19	111	6.0
19	112	8.0
19	113	7.0
19	114	7.0
19	115	8.0
19	116	12.0
19	117	6.0
19	118	8.0
19	119	10.0
19	120	9.0
19	121	9.0
19	122	7.0
20	21	79.0
20	22	52.0
20	23	41.0
20	24	35.0
20	25	30.0
20	26	17.0
20	27	10.0
20	28	12.0
20	29	15.0
20	30	11.0
20	31	9.0
20	32	6.0
20	33	6.0
20	34	4.0
20	35	2.0
20	36	7.0
20	37	7.0
20	38	6.0
20	39	4.0
20	40	11.0
20	41	14.0
20	42	7.0
20	43	6.0
20	44	8.0
20	45	12.0
20	46	9.0
20	47	11.0
20	48	17.0
20	49	21.0
20	50	18.0
20	51	18.0
20	52	12.0
20	53	19.0
20	54	12.0
20	55	10.0
20	56	9.0
20	57	22.0
20	58	10.0
20	59	15.0
20	60	16.0
20	61	11.0
20	62	9.0
20	63	8.0
20	64	15.0
20	65	9.0
20	66	5.0
20	67	9.0
20	68	11.0
20	69	10.0
20	70	5.0
20	71	10.0
20	72	12.0
20	73	8.0
20	74	9.0
20	75	6.0
20	76	8.0
20	77	9.0
20	78	6.0
20	79	8.0
20	80	4.0
20	81	9.0
20	82	10.0
20	83	9.0
20	84	8.0
20	85	10.0
20	86	6.0
20	87	14.0
20	88	4.0
20	89	11.0
20	90	5.0
20	91	5.0
20	92	2.0
20	93	5.0
20	94	9.0
20	95	3.0
20	96	14.0
20	97	5.0
20	98	4.0
20	99	3.0
20	100	10.0
20	101	8.0
20	102	4.0
20	103	4.0
20	104	9.0
20	105	5.0
20	106	7.0
20	107	7.0
20	108	8.0
20	109	6.0
20	110	4.0
20	111	10.0
20	112	11.0
20	113	6.0
20	114	6.0
20	115	9.0
20	116	8.0
20	117	6.0
20	118	6.0
20	119	9.0
20	120	8.0
20	121	9.0
20	122	10.0
21	22	51.0
21	23	30.0
21	24	30.0
21	25	24.0
21	26	23.0
21	27	14.0
21	28	14.0
21	29	16.0
21	30	9.0
21	31	6.0
21	32	10.0
21	33	4.0
21	34	7.0
21	35	3.0
21	36	4.0
21	37	4.0
21	38	5.0
21	39	8.0
21	40	10.0
21	41	13.0
21	42	7.0
21	43	4.0
21	44	5.0
21	45	14.0
21	46	9.0
21	47	12.0
21	48	14.0
21	49	13.0
21	50	14.0
21	51	13.0
21	52	21.0
21	53	30.0
21	54	17.0
21	55	22.0
21	56	13.0
21	57	15.0
21	58	15.0
21	59	11.0
21	60	7.0
21	61	11.0
21	62	5.0
21	63	4.0
21	64	11.0
21	65	7.0
21	66	6.0
21	67	11.0
21	68	9.0
21	69	3.0
21	70	12.0
21	71	8.0
21	72	8.0
21	73	12.0
21	74	9.0
21	75	15.0
21	76	8.0
21	77	6.0
21	78	13.0
21	79	13.0
21	80	7.0
21	81	4.0
21	82	8.0
21	83	6.0
21	84	7.0
21	85	9.0
21	86	5.0
21	87	5.0
21	88	6.0
21	89	4.0
21	90	5.0
21	91	8.0
21	92	10.0
21	93	6.0
21	94	3.0
21	95	3.0
21	96	6.0
21	98	3.0
21	99	6.0
21	100	3.0
21	101	10.0
21	102	13.0
21	103	4.0
21	104	8.0
21	105	4.0
21	106	6.0
21	107	5.0
21	108	9.0
21	109	7.0
21	110	9.0
21	111	5.0
21	112	7.0
21	113	12.0
21	114	8.0
21	115	9.0
21	116	9.0
21	117	6.0
21	118	10.0
21	119	6.0
21	120	3.0
21	121	7.0
21	122	5.0
22	23	108.0
22	24	88.0
22	25	29.0
22	26	25.0
22	27	15.0
22	28	24.0
22	29	17.0
22	30	10.0
22	31	14.0
22	32	11.0
22	33	5.0
22	34	6.0
22	35	7.0
22	36	1.0
22	37	5.0
22	38	4.0
22	39	12.0
22	40	12.0
22	41	9.0
22	42	11.0
22	43	8.0
22	44	7.0
22	45	13.0
22	46	11.0
22	47	11.0
22	48	16.0
22	49	17.0
22	50	28.0
22	51	15.0
22	52	21.0
22	53	14.0
22	54	12.0
22	55	8.0
22	56	17.0
22	57	4.0
22	58	7.0
22	59	12.0
22	60	13.0
22	61	12.0
22	62	8.0
22	63	9.0
22	64	4.0
22	65	2.0
22	66	9.0
22	67	9.0
22	68	6.0
22	69	9.0
22	70	3.0
22	71	9.0
22	72	8.0
22	73	8.0
22	74	5.0
22	75	7.0
22	76	7.0
22	77	7.0
22	78	10.0
22	79	8.0
22	80	5.0
22	81	7.0
22	82	5.0
22	83	8.0
22	84	6.0
22	85	4.0
22	86	6.0
22	87	8.0
22	88	3.0
22	89	8.0
22	90	7.0
22	91	6.0
22	92	9.0
22	93	3.0
22	94	7.0
22	95	7.0
22	96	5.0
22	97	4.0
22	98	6.0
22	99	6.0
22	100	6.0
22	101	7.0
22	102	2.0
22	103	10.0
22	104	6.0
22	105	6.0
22	106	5.0
22	107	7.0
22	108	10.0
22	109	5.0
22	110	7.0
22	111	3.0
22	112	6.0
22	113	8.0
22	114	8.0
22	115	7.0
22	116	5.0
22	117	10.0
22	118	10.0
22	119	9.0
22	120	6.0
22	121	7.0
22	122	5.0
23	24	74.0
23	25	25.0
23	26	14.0
23	27	20.0
23	28	16.0
23	29	14.0
23	30	14.0
23	31	11.0
23	32	13.0
23	33	7.0
23	34	3.0
23	35	5.0
23	36	4.0
23	37	3.0
23	38	9.0
23	39	10.0
23	40	9.0
23	41	8.0
23	42	10.0
23	43	8.0
23	44	9.0
23	45	6.0
23	46	4.0
23	47	6.0
23	48	16.0
23	49	18.0
23	50	16.0
23	51	20.0
23	52	21.0
23	53	15.0
23	54	14.0
23	55	8.0
23	56	10.0
23	57	7.0
23	58	14.0
23	59	9.0
23	60	12.0
23	61	6.0
23	62	8.0
23	63	3.0
23	64	7.0
23	65	9.0
23	66	11.0
23	67	6.0
23	68	7.0
23	69	7.0
23	70	7.0
23	71	12.0
23	72	11.0
23	73	4.0
23	74	12.0
23	75	3.0
23	76	9.0
23	77	6.0
23	78	6.0
23	79	10.0
23	80	7.0
23	81	5.0
23	82	1.0
23	83	5.0
23	84	7.0
23	85	7.0
23	86	9.0
23	87	6.0
23	88	4.0
23	89	8.0
23	90	2.0
23	91	9.0
23	92	11.0
23	93	4.0
23	94	6.0
23	95	8.0
23	96	2.0
23	97	4.0
23	98	5.0
23	99	6.0
23	100	5.0
23	101	8.0
23	102	10.0
23	103	2.0
23	104	5.0
23	105	9.0
23	106	12.0
23	107	11.0
23	108	6.0
23	109	5.0
23	110	7.0
23	111	6.0
23	112	8.0
23	113	7.0
23	114	8.0
23	115	9.0
23	116	10.0
23	117	1.0
23	118	3.0
23	119	4.0
23	120	7.0
23	121	9.0
23	122	5.0
24	25	43.0
24	26	18.0
24	27	14.0
24	28	14.0
24	29	11.0
24	30	16.0
24	31	11.0
24	32	9.0
24	33	7.0
24	34	4.0
24	35	6.0
24	36	8.0
24	37	6.0
24	38	9.0
24	39	8.0
24	40	4.0
24	41	6.0
24	42	13.0
24	43	5.0
24	44	11.0
24	45	8.0
24	46	8.0
24	47	13.0
24	48	17.0
24	49	10.0
24	50	18.0
24	51	19.0
24	52	12.0
24	53	17.0
24	54	9.0
24	55	11.0
24	56	10.0
24	57	9.0
24	58	11.0
24	59	6.0
24	60	8.0
24	61	11.0
24	62	13.0
24	63	9.0
24	64	3.0
24	65	10.0
24	66	5.0
24	67	1.0
24	68	7.0
24	69	8.0
24	70	11.0
24	71	6.0
24	72	6.0
24	73	4.0
24	74	10.0
24	75	10.0
24	76	3.0
24	77	7.0
24	78	5.0
24	79	6.0
24	80	6.0
24	81	8.0
24	82	9.0
24	83	11.0
24	84	5.0
24	85	2.0
24	86	4.0
24	87	10.0
24	88	6.0
24	89	4.0
24	90	4.0
24	91	8.0
24	92	8.0
24	93	8.0
24	94	11.0
24	95	1.0
24	96	4.0
24	97	2.0
24	98	6.0
24	99	4.0
24	100	7.0
24	101	5.0
24	102	6.0
24	103	3.0
24	104	4.0
24	105	3.0
24	106	4.0
24	107	7.0
24	108	7.0
24	109	6.0
24	110	9.0
24	111	2.0
24	112	3.0
24	113	4.0
24	114	5.0
24	115	5.0
24	116	1.0
24	117	8.0
24	118	10.0
24	119	10.0
24	120	8.0
24	121	6.0
24	122	3.0
25	26	51.0
25	27	21.0
25	28	20.0
25	29	35.0
25	30	22.0
25	31	9.0
25	32	8.0
25	33	9.0
25	34	4.0
25	35	3.0
25	36	4.0
25	37	6.0
25	38	12.0
25	39	10.0
25	40	11.0
25	41	8.0
25	42	15.0
25	43	16.0
25	44	8.0
25	45	11.0
25	46	12.0
25	47	14.0
25	48	28.0
25	49	20.0
25	50	17.0
25	51	34.0
25	52	14.0
25	53	20.0
25	54	14.0
25	55	11.0
25	56	16.0
25	57	13.0
25	58	11.0
25	59	13.0
25	60	16.0
25	61	9.0
25	62	8.0
25	63	7.0
25	64	7.0
25	65	3.0
25	66	12.0
25	67	7.0
25	68	10.0
25	69	3.0
25	70	12.0
25	71	11.0
25	72	13.0
25	73	9.0
25	74	5.0
25	75	10.0
25	76	8.0
25	77	4.0
25	78	6.0
25	79	9.0
25	80	5.0
25	81	7.0
25	82	3.0
25	83	7.0
25	84	7.0
25	85	2.0
25	86	3.0
25	87	9.0
25	88	9.0
25	89	6.0
25	90	2.0
25	91	6.0
25	92	7.0
25	93	4.0
25	94	4.0
25	95	7.0
25	96	4.0
25	97	3.0
25	98	6.0
25	99	7.0
25	100	5.0
25	101	3.0
25	102	6.0
25	103	4.0
25	104	5.0
25	105	5.0
25	106	8.0
25	107	9.0
25	108	8.0
25	109	7.0
25	110	5.0
25	111	5.0
25	112	2.0
25	113	6.0
25	114	8.0
25	115	11.0
25	116	7.0
25	117	3.0
25	118	12.0
25	119	3.0
25	120	4.0
25	121	4.0
25	122	5.0
26	27	56.0
26	28	24.0
26	29	32.0
26	30	14.0
26	31	13.0
26	32	11.0
26	33	9.0
26	34	7.0
26	35	6.0
26	36	9.0
26	37	5.0
26	38	8.0
26	39	8.0
26	40	12.0
26	41	9.0
26	42	16.0
26	43	13.0
26	44	20.0
26	45	16.0
26	46	19.0
26	47	22.0
26	48	40.0
26	49	17.0
26	50	10.0
26	51	28.0
26	52	36.0
26	53	23.0
26	54	19.0
26	55	10.0
26	56	12.0
26	57	12.0
26	58	8.0
26	59	20.0
26	60	6.0
26	61	11.0
26	62	6.0
26	63	14.0
26	64	10.0
26	65	8.0
26	66	5.0
26	67	5.0
26	68	3.0
26	69	12.0
26	70	5.0
26	71	11.0
26	72	10.0
26	73	8.0
26	74	5.0
26	75	7.0
26	76	7.0
26	77	9.0
26	78	4.0
26	79	7.0
26	80	4.0
26	81	8.0
26	82	5.0
26	83	6.0
26	84	5.0
26	85	4.0
26	86	4.0
26	87	5.0
26	88	4.0
26	89	8.0
26	90	10.0
26	91	4.0
26	92	4.0
26	93	10.0
26	94	2.0
26	95	6.0
26	96	7.0
26	97	1.0
26	98	5.0
26	99	4.0
26	100	3.0
26	101	4.0
26	102	5.0
26	103	4.0
26	104	9.0
26	105	2.0
26	106	6.0
26	107	4.0
26	108	3.0
26	109	5.0
26	110	2.0
26	111	9.0
26	112	4.0
26	114	6.0
26	115	5.0
26	116	5.0
26	117	2.0
26	118	2.0
26	119	3.0
26	120	7.0
26	122	9.0
27	28	24.0
27	29	27.0
27	30	15.0
27	31	14.0
27	32	8.0
27	33	9.0
27	34	13.0
27	35	7.0
27	36	3.0
27	37	7.0
27	38	14.0
27	39	11.0
27	40	6.0
27	41	13.0
27	42	10.0
27	43	20.0
27	44	15.0
27	45	18.0
27	46	17.0
27	47	22.0
27	48	30.0
27	49	24.0
27	50	18.0
27	51	32.0
27	52	25.0
27	53	19.0
27	54	18.0
27	55	14.0
27	56	14.0
27	57	18.0
27	58	8.0
27	59	14.0
27	60	9.0
27	61	10.0
27	62	10.0
27	63	8.0
27	64	8.0
27	65	7.0
27	66	5.0
27	67	5.0
27	68	7.0
27	69	12.0
27	70	4.0
27	71	5.0
27	72	9.0
27	73	9.0
27	74	8.0
27	75	9.0
27	76	8.0
27	77	3.0
27	78	8.0
27	79	7.0
27	80	7.0
27	81	7.0
27	82	3.0
27	83	10.0
27	84	7.0
27	85	4.0
27	86	6.0
27	87	3.0
27	88	10.0
27	89	3.0
27	90	8.0
27	91	6.0
27	92	3.0
27	93	7.0
27	94	4.0
27	95	4.0
27	96	6.0
27	97	6.0
27	98	5.0
27	99	9.0
27	100	4.0
27	101	5.0
27	102	5.0
27	103	5.0
27	104	3.0
27	105	6.0
27	106	8.0
27	107	6.0
27	108	8.0
27	109	6.0
27	110	10.0
27	111	3.0
27	112	3.0
27	113	7.0
27	114	7.0
27	115	8.0
27	116	6.0
27	117	5.0
27	118	6.0
27	119	1.0
27	120	8.0
27	121	2.0
27	122	4.0
28	29	55.0
28	30	26.0
28	31	25.0
28	32	7.0
28	33	7.0
28	34	10.0
28	35	7.0
28	36	5.0
28	37	11.0
28	38	8.0
28	39	17.0
28	40	14.0
28	41	24.0
28	42	15.0
28	43	11.0
28	44	18.0
28	45	10.0
28	46	16.0
28	47	16.0
28	48	25.0
28	49	28.0
28	50	20.0
28	51	22.0
28	52	14.0
28	53	16.0
28	54	12.0
28	55	18.0
28	56	13.0
28	57	14.0
28	58	5.0
28	59	12.0
28	60	9.0
28	61	5.0
28	62	5.0
28	63	8.0
28	64	8.0
28	65	9.0
28	66	4.0
28	67	7.0
28	68	9.0
28	69	13.0
28	70	5.0
28	71	7.0
28	72	9.0
28	73	3.0
28	74	7.0
28	75	4.0
28	76	6.0
28	77	11.0
28	78	6.0
28	79	8.0
28	80	6.0
28	81	4.0
28	82	5.0
28	83	2.0
28	84	4.0
28	85	7.0
28	86	4.0
28	87	6.0
28	88	6.0
28	89	5.0
28	90	4.0
28	91	4.0
28	92	4.0
28	93	8.0
28	94	8.0
28	95	7.0
28	96	4.0
28	97	7.0
28	98	2.0
28	99	5.0
28	100	11.0
28	101	4.0
28	102	3.0
28	103	7.0
28	104	4.0
28	105	4.0
28	106	4.0
28	107	2.0
28	108	6.0
28	109	6.0
28	110	6.0
28	111	2.0
28	112	2.0
28	113	8.0
28	114	8.0
28	115	10.0
28	116	9.0
28	117	9.0
28	118	7.0
28	119	4.0
28	120	3.0
28	121	6.0
28	122	6.0
29	30	56.0
29	31	24.0
29	32	18.0
29	33	10.0
29	34	7.0
29	35	8.0
29	36	6.0
29	37	9.0
29	38	4.0
29	39	15.0
29	40	16.0
29	41	22.0
29	42	20.0
29	43	9.0
29	44	16.0
29	45	8.0
29	46	16.0
29	47	9.0
29	48	16.0
29	49	16.0
29	50	12.0
29	51	15.0
29	52	12.0
29	53	12.0
29	54	8.0
29	55	8.0
29	56	7.0
29	57	17.0
29	58	5.0
29	59	7.0
29	60	16.0
29	61	7.0
29	62	10.0
29	63	4.0
29	64	7.0
29	65	3.0
29	66	5.0
29	67	5.0
29	68	11.0
29	69	6.0
29	70	8.0
29	71	9.0
29	72	7.0
29	73	11.0
29	74	7.0
29	75	5.0
29	76	8.0
29	77	4.0
29	78	1.0
29	79	11.0
29	80	4.0
29	81	7.0
29	82	3.0
29	83	8.0
29	84	4.0
29	85	9.0
29	86	8.0
29	87	4.0
29	88	3.0
29	89	4.0
29	90	3.0
29	91	4.0
29	92	11.0
29	93	7.0
29	94	9.0
29	95	4.0
29	96	4.0
29	97	4.0
29	98	2.0
29	99	8.0
29	100	6.0
29	101	3.0
29	102	4.0
29	103	3.0
29	104	2.0
29	105	4.0
29	106	11.0
29	107	6.0
29	108	6.0
29	109	6.0
29	110	5.0
29	111	4.0
29	112	6.0
29	113	4.0
29	114	7.0
29	115	3.0
29	116	6.0
29	117	6.0
29	118	4.0
29	119	3.0
29	120	5.0
29	121	3.0
29	122	5.0
30	31	32.0
30	32	23.0
30	33	9.0
30	34	10.0
30	35	6.0
30	36	8.0
30	37	11.0
30	38	12.0
30	39	19.0
30	40	21.0
30	41	30.0
30	42	27.0
30	43	16.0
30	44	6.0
30	45	12.0
30	46	10.0
30	47	8.0
30	48	11.0
30	49	10.0
30	50	6.0
30	51	8.0
30	52	9.0
30	53	11.0
30	54	8.0
30	55	6.0
30	56	11.0
30	57	7.0
30	58	11.0
30	59	6.0
30	60	5.0
30	61	6.0
30	62	5.0
30	63	5.0
30	64	3.0
30	65	5.0
30	66	4.0
30	67	3.0
30	68	4.0
30	69	5.0
30	70	3.0
30	71	6.0
30	72	5.0
30	73	5.0
30	74	10.0
30	75	11.0
30	76	3.0
30	77	9.0
30	78	5.0
30	79	1.0
30	80	3.0
30	81	7.0
30	82	5.0
30	83	8.0
30	84	9.0
30	85	9.0
30	86	2.0
30	87	2.0
30	88	4.0
30	89	5.0
30	90	5.0
30	91	4.0
30	92	5.0
30	93	4.0
30	94	1.0
30	95	6.0
30	96	2.0
30	97	3.0
30	98	4.0
30	99	4.0
30	100	2.0
30	101	4.0
30	102	7.0
30	103	2.0
30	104	4.0
30	105	5.0
30	106	3.0
30	107	3.0
30	108	1.0
30	109	4.0
30	110	2.0
30	111	3.0
30	112	5.0
30	113	5.0
30	114	8.0
30	115	8.0
30	116	5.0
30	117	3.0
30	118	5.0
30	119	5.0
30	120	4.0
30	121	8.0
30	122	4.0
31	32	28.0
31	33	10.0
31	34	6.0
31	35	5.0
31	36	8.0
31	37	17.0
31	38	16.0
31	39	17.0
31	40	25.0
31	41	29.0
31	42	17.0
31	43	8.0
31	44	10.0
31	45	6.0
31	46	9.0
31	47	9.0
31	48	16.0
31	49	11.0
31	50	9.0
31	51	10.0
31	52	12.0
31	53	4.0
31	54	11.0
31	55	10.0
31	56	2.0
31	57	4.0
31	58	3.0
31	59	4.0
31	60	10.0
31	61	5.0
31	62	8.0
31	63	4.0
31	64	5.0
31	65	6.0
31	66	5.0
31	67	5.0
31	68	4.0
31	69	2.0
31	70	3.0
31	71	6.0
31	72	8.0
31	73	5.0
31	74	6.0
31	75	6.0
31	77	6.0
31	78	5.0
31	79	3.0
31	80	2.0
31	81	8.0
31	82	5.0
31	83	7.0
31	84	5.0
31	85	8.0
31	86	4.0
31	87	5.0
31	88	5.0
31	89	7.0
31	90	8.0
31	91	3.0
31	92	2.0
31	93	2.0
31	94	2.0
31	95	2.0
31	96	2.0
31	97	7.0
31	98	2.0
31	99	6.0
31	100	6.0
31	101	4.0
31	102	3.0
31	103	5.0
31	104	5.0
31	105	4.0
31	106	3.0
31	107	2.0
31	108	6.0
31	109	2.0
31	110	3.0
31	111	2.0
31	112	3.0
31	113	6.0
31	114	6.0
31	115	3.0
31	116	5.0
31	117	5.0
31	118	3.0
31	119	1.0
31	120	8.0
31	121	5.0
31	122	6.0
32	33	30.0
32	34	18.0
32	35	8.0
32	36	13.0
32	37	14.0
32	38	32.0
32	39	52.0
32	40	47.0
32	41	17.0
32	42	18.0
32	43	12.0
32	44	9.0
32	45	4.0
32	46	8.0
32	47	6.0
32	48	8.0
32	49	14.0
32	50	7.0
32	51	6.0
32	52	3.0
32	53	6.0
32	54	2.0
32	55	4.0
32	56	10.0
32	57	7.0
32	58	4.0
32	59	10.0
32	60	6.0
32	61	3.0
32	62	3.0
32	63	7.0
32	64	5.0
32	65	5.0
32	66	6.0
32	67	3.0
32	68	7.0
32	69	5.0
32	70	3.0
32	71	8.0
32	72	4.0
32	73	4.0
32	74	9.0
32	75	5.0
32	76	3.0
32	77	3.0
32	78	2.0
32	80	5.0
32	81	4.0
32	82	4.0
32	83	2.0
32	84	4.0
32	85	2.0
32	86	3.0
32	87	4.0
32	88	8.0
32	89	6.0
32	90	3.0
32	91	8.0
32	92	4.0
32	93	6.0
32	94	4.0
32	95	4.0
32	96	5.0
32	97	7.0
32	98	1.0
32	99	2.0
32	100	5.0
32	101	3.0
32	102	3.0
32	103	3.0
32	104	4.0
32	105	5.0
32	106	9.0
32	107	3.0
32	108	2.0
32	109	3.0
32	110	4.0
32	111	8.0
32	112	6.0
32	113	3.0
32	114	4.0
32	115	6.0
32	116	2.0
32	117	3.0
32	118	1.0
32	119	4.0
32	120	9.0
32	121	3.0
32	122	10.0
33	34	29.0
33	35	25.0
33	36	22.0
33	37	29.0
33	38	155.0
33	39	35.0
33	40	23.0
33	41	16.0
33	42	16.0
33	43	8.0
33	44	13.0
33	45	5.0
33	46	1.0
33	47	5.0
33	48	7.0
33	49	6.0
33	50	10.0
33	51	10.0
33	52	5.0
33	53	3.0
33	54	10.0
33	55	8.0
33	56	5.0
33	57	9.0
33	58	3.0
33	59	12.0
33	60	7.0
33	61	2.0
33	62	4.0
33	63	10.0
33	64	2.0
33	65	10.0
33	66	2.0
33	67	5.0
33	68	6.0
33	69	5.0
33	70	7.0
33	71	3.0
33	72	2.0
33	73	3.0
33	74	2.0
33	75	7.0
33	76	4.0
33	77	2.0
33	78	10.0
33	79	4.0
33	80	2.0
33	81	4.0
33	82	3.0
33	83	6.0
33	84	3.0
33	85	1.0
33	86	3.0
33	87	5.0
33	88	5.0
33	89	1.0
33	90	5.0
33	91	5.0
33	92	3.0
33	93	3.0
33	94	1.0
33	95	3.0
33	96	3.0
33	97	5.0
33	98	3.0
33	99	8.0
33	100	3.0
33	101	5.0
33	102	3.0
33	103	2.0
33	104	2.0
33	105	5.0
33	106	2.0
33	107	1.0
33	108	9.0
33	109	3.0
33	110	5.0
33	111	8.0
33	112	3.0
33	113	1.0
33	114	4.0
33	115	7.0
33	116	4.0
33	117	1.0
33	118	2.0
33	119	2.0
33	120	5.0
33	121	1.0
33	122	2.0
34	35	39.0
34	36	37.0
34	37	221.0
34	38	44.0
34	39	28.0
34	40	22.0
34	41	10.0
34	42	15.0
34	43	13.0
34	44	7.0
34	45	4.0
34	46	4.0
34	47	6.0
34	48	3.0
34	49	8.0
34	50	6.0
34	51	8.0
34	52	5.0
34	53	4.0
34	54	3.0
34	55	3.0
34	56	6.0
34	57	1.0
34	58	3.0
34	59	6.0
34	60	2.0
34	61	8.0
34	62	6.0
34	63	4.0
34	64	5.0
34	65	5.0
34	66	2.0
34	67	3.0
34	68	1.0
34	69	5.0
34	70	4.0
34	71	2.0
34	72	5.0
34	73	3.0
34	74	5.0
34	75	5.0
34	76	4.0
34	77	3.0
34	78	3.0
34	79	5.0
34	80	7.0
34	81	4.0
34	82	6.0
34	83	2.0
34	84	2.0
34	85	2.0
34	86	2.0
34	87	3.0
34	88	3.0
34	89	1.0
34	90	4.0
34	91	2.0
34	92	2.0
34	93	4.0
34	94	3.0
34	95	1.0
34	96	3.0
34	97	4.0
34	98	2.0
34	99	2.0
34	100	1.0
34	101	5.0
34	102	2.0
34	103	1.0
34	104	5.0
34	105	3.0
34	106	6.0
34	107	5.0
34	108	4.0
34	109	5.0
34	110	6.0
34	111	2.0
34	113	2.0
34	114	4.0
34	115	7.0
34	116	6.0
34	117	6.0
34	118	5.0
34	119	2.0
34	120	7.0
34	122	3.0
35	36	234.0
35	37	31.0
35	38	19.0
35	39	10.0
35	40	10.0
35	41	6.0
35	42	7.0
35	43	9.0
35	44	6.0
35	45	3.0
35	46	7.0
35	47	3.0
35	49	3.0
35	50	3.0
35	51	4.0
35	52	4.0
35	53	5.0
35	54	3.0
35	55	1.0
35	56	4.0
35	57	3.0
35	58	3.0
35	59	2.0
35	60	5.0
35	61	6.0
35	62	1.0
35	63	3.0
35	64	3.0
35	65	3.0
35	66	6.0
35	67	5.0
35	68	3.0
35	69	3.0
35	70	4.0
35	71	3.0
35	72	5.0
35	73	3.0
35	74	4.0
35	75	1.0
35	76	4.0
35	77	7.0
35	78	1.0
35	79	3.0
35	80	3.0
35	81	3.0
35	82	4.0
35	83	1.0
35	84	4.0
35	85	3.0
35	86	4.0
35	87	1.0
35	88	1.0
35	89	4.0
35	90	1.0
35	91	1.0
35	92	2.0
35	93	5.0
35	94	3.0
35	95	2.0
35	96	4.0
35	97	2.0
35	98	2.0
35	99	3.0
35	100	2.0
35	101	3.0
35	102	1.0
35	103	3.0
35	105	2.0
35	106	2.0
35	107	3.0
35	108	5.0
35	109	5.0
35	110	4.0
35	111	6.0
35	112	2.0
35	113	4.0
35	114	3.0
35	115	2.0
35	116	1.0
35	117	1.0
35	118	3.0
35	119	1.0
35	120	2.0
35	121	2.0
35	122	4.0
36	37	40.0
36	38	22.0
36	39	18.0
36	40	8.0
36	41	7.0
36	42	10.0
36	43	9.0
36	44	4.0
36	45	10.0
36	46	5.0
36	47	7.0
36	48	7.0
36	49	9.0
36	50	6.0
36	51	2.0
36	52	4.0
36	53	6.0
36	54	7.0
36	55	7.0
36	56	3.0
36	57	2.0
36	58	4.0
36	59	6.0
36	60	1.0
36	61	5.0
36	62	6.0
36	63	4.0
36	64	4.0
36	65	5.0
36	66	3.0
36	67	1.0
36	68	1.0
36	69	6.0
36	70	3.0
36	71	2.0
36	72	7.0
36	73	4.0
36	74	5.0
36	75	4.0
36	76	4.0
36	77	2.0
36	78	2.0
36	79	1.0
36	80	4.0
36	81	2.0
36	82	2.0
36	84	2.0
36	86	4.0
36	87	4.0
36	88	2.0
36	89	3.0
36	90	2.0
36	91	4.0
36	92	2.0
36	93	3.0
36	94	1.0
36	95	4.0
36	96	2.0
36	97	2.0
36	98	2.0
36	99	5.0
36	100	5.0
36	102	4.0
36	103	2.0
36	104	4.0
36	105	8.0
36	106	3.0
36	107	3.0
36	108	4.0
36	109	3.0
36	110	3.0
36	111	3.0
36	112	2.0
36	113	2.0
36	114	5.0
36	115	3.0
36	116	8.0
36	117	3.0
36	118	3.0
36	119	3.0
36	120	5.0
36	121	1.0
36	122	3.0
37	38	42.0
37	39	11.0
37	40	14.0
37	41	9.0
37	42	12.0
37	43	9.0
37	44	3.0
37	45	4.0
37	46	4.0
37	47	6.0
37	48	4.0
37	49	9.0
37	50	1.0
37	51	4.0
37	52	6.0
37	53	10.0
37	54	2.0
37	55	6.0
37	56	3.0
37	57	6.0
37	58	5.0
37	59	6.0
37	60	5.0
37	61	5.0
37	62	2.0
37	63	4.0
37	64	4.0
37	65	4.0
37	66	5.0
37	67	3.0
37	68	3.0
37	69	1.0
37	70	1.0
37	71	5.0
37	72	4.0
37	73	4.0
37	74	4.0
37	75	4.0
37	76	5.0
37	77	1.0
37	78	3.0
37	79	2.0
37	80	3.0
37	81	3.0
37	82	3.0
37	84	5.0
37	85	2.0
37	86	4.0
37	87	1.0
37	88	2.0
37	89	4.0
37	90	4.0
37	91	2.0
37	92	3.0
37	93	3.0
37	94	3.0
37	95	4.0
37	96	7.0
37	98	2.0
37	99	3.0
37	100	3.0
37	101	6.0
37	102	3.0
37	103	4.0
37	104	3.0
37	105	2.0
37	106	2.0
37	107	4.0
37	108	3.0
37	109	3.0
37	110	3.0
37	111	2.0
37	112	3.0
37	113	3.0
37	114	3.0
37	115	4.0
37	116	5.0
37	117	2.0
37	119	4.0
37	120	1.0
37	121	6.0
37	122	7.0
38	39	52.0
38	40	21.0
38	41	13.0
38	42	19.0
38	43	14.0
38	44	5.0
38	45	5.0
38	46	5.0
38	47	7.0
38	48	4.0
38	49	9.0
38	50	10.0
38	51	10.0
38	52	8.0
38	53	3.0
38	54	5.0
38	55	4.0
38	56	6.0
38	57	1.0
38	58	4.0
38	59	7.0
38	60	3.0
38	61	8.0
38	62	3.0
38	63	6.0
38	64	5.0
38	65	1.0
38	66	3.0
38	67	5.0
38	68	7.0
38	69	6.0
38	70	1.0
38	71	5.0
38	72	3.0
38	73	5.0
38	74	5.0
38	76	3.0
38	77	7.0
38	78	3.0
38	79	4.0
38	80	3.0
38	81	2.0
38	82	6.0
38	83	4.0
38	84	3.0
38	85	5.0
38	86	6.0
38	87	1.0
38	88	7.0
38	89	6.0
38	90	3.0
38	91	4.0
38	92	4.0
38	93	4.0
38	94	5.0
38	95	2.0
38	96	5.0
38	97	5.0
38	99	3.0
38	100	2.0
38	101	4.0
38	102	3.0
38	103	3.0
38	104	1.0
38	106	3.0
38	107	4.0
38	108	2.0
38	109	5.0
38	110	6.0
38	111	4.0
38	112	3.0
38	113	6.0
38	114	2.0
38	115	1.0
38	116	2.0
38	117	1.0
38	118	5.0
38	119	4.0
38	120	2.0
38	121	4.0
38	122	1.0
39	40	47.0
39	41	22.0
39	42	13.0
39	43	9.0
39	44	11.0
39	45	2.0
39	46	8.0
39	47	6.0
39	48	13.0
39	49	8.0
39	50	5.0
39	51	8.0
39	52	6.0
39	53	11.0
39	54	7.0
39	55	5.0
39	56	5.0
39	57	3.0
39	58	3.0
39	59	5.0
39	60	6.0
39	61	5.0
39	62	5.0
39	63	6.0
39	64	4.0
39	65	5.0
39	66	5.0
39	67	1.0
39	68	11.0
39	69	4.0
39	70	4.0
39	71	4.0
39	72	4.0
39	73	4.0
39	74	7.0
39	75	9.0
39	76	4.0
39	77	2.0
39	78	4.0
39	79	6.0
39	80	2.0
39	81	2.0
39	82	4.0
39	83	6.0
39	84	4.0
39	85	4.0
39	86	5.0
39	87	4.0
39	88	5.0
39	89	6.0
39	90	8.0
39	91	3.0
39	92	2.0
39	93	1.0
39	94	2.0
39	95	5.0
39	96	6.0
39	97	2.0
39	98	2.0
39	99	7.0
39	100	3.0
39	101	2.0
39	102	4.0
39	103	3.0
39	104	4.0
39	106	2.0
39	107	4.0
39	108	7.0
39	109	2.0
39	110	4.0
39	111	3.0
39	112	5.0
39	113	2.0
39	114	3.0
39	115	5.0
39	116	6.0
39	117	4.0
39	118	9.0
39	119	2.0
39	120	4.0
39	121	5.0
39	122	7.0
40	41	37.0
40	42	26.0
40	43	9.0
40	44	6.0
40	45	12.0
40	46	3.0
40	47	9.0
40	48	12.0
40	49	11.0
40	50	13.0
40	51	6.0
40	52	7.0
40	53	5.0
40	54	8.0
40	55	6.0
40	56	6.0
40	57	8.0
40	58	6.0
40	59	1.0
40	60	2.0
40	61	5.0
40	62	8.0
40	63	3.0
40	64	6.0
40	65	6.0
40	66	2.0
40	67	5.0
40	68	4.0
40	69	5.0
40	70	8.0
40	71	9.0
40	72	9.0
40	73	7.0
40	74	8.0
40	75	7.0
40	76	2.0
40	77	7.0
40	78	5.0
40	79	3.0
40	80	4.0
40	81	3.0
40	82	6.0
40	83	4.0
40	84	6.0
40	85	4.0
40	86	1.0
40	87	3.0
40	88	6.0
40	89	4.0
40	90	1.0
40	91	3.0
40	92	4.0
40	93	4.0
40	94	5.0
40	95	6.0
40	96	2.0
40	97	5.0
40	98	1.0
40	99	2.0
40	100	3.0
40	101	2.0
40	102	3.0
40	103	3.0
40	104	4.0
40	105	4.0
40	106	7.0
40	107	10.0
40	108	5.0
40	109	5.0
40	110	6.0
40	111	7.0
40	112	4.0
40	113	5.0
40	114	3.0
40	115	7.0
40	116	3.0
40	117	5.0
40	118	4.0
40	119	6.0
40	120	5.0
40	121	8.0
40	122	7.0
41	42	34.0
41	43	20.0
41	44	19.0
41	45	17.0
41	46	12.0
41	47	6.0
41	48	11.0
41	49	9.0
41	50	13.0
41	51	17.0
41	52	13.0
41	53	6.0
41	54	8.0
41	55	7.0
41	56	7.0
41	57	7.0
41	58	12.0
41	59	4.0
41	60	5.0
41	61	10.0
41	62	10.0
41	63	4.0
41	64	7.0
41	65	4.0
41	66	2.0
41	67	4.0
41	68	6.0
41	69	7.0
41	70	5.0
41	71	5.0
41	72	7.0
41	73	5.0
41	74	5.0
41	75	3.0
41	76	6.0
41	77	6.0
41	78	8.0
41	79	3.0
41	80	8.0
41	81	8.0
41	82	3.0
41	83	6.0
41	84	4.0
41	85	6.0
41	86	2.0
41	87	12.0
41	88	5.0
41	89	8.0
41	90	5.0
41	91	7.0
41	92	7.0
41	93	5.0
41	94	4.0
41	95	3.0
41	96	7.0
41	97	3.0
41	98	4.0
41	99	8.0
41	100	5.0
41	101	6.0
41	102	4.0
41	103	4.0
41	104	7.0
41	105	4.0
41	106	2.0
41	107	5.0
41	108	4.0
41	109	10.0
41	110	4.0
41	111	5.0
41	112	6.0
41	113	3.0
41	114	4.0
41	115	3.0
41	116	8.0
41	117	5.0
41	118	10.0
41	119	7.0
41	120	7.0
41	121	4.0
41	122	5.0
42	43	30.0
42	44	17.0
42	45	18.0
42	46	11.0
42	47	12.0
42	48	12.0
42	49	15.0
42	50	5.0
42	51	10.0
42	52	7.0
42	53	12.0
42	54	11.0
42	55	5.0
42	56	6.0
42	57	7.0
42	58	3.0
42	59	6.0
42	60	11.0
42	61	5.0
42	62	4.0
42	63	5.0
42	64	6.0
42	65	7.0
42	66	7.0
42	67	5.0
42	68	6.0
42	69	3.0
42	70	5.0
42	71	5.0
42	72	2.0
42	73	6.0
42	74	2.0
42	75	6.0
42	76	4.0
42	77	4.0
42	78	6.0
42	79	2.0
42	80	5.0
42	81	9.0
42	82	9.0
42	83	6.0
42	84	7.0
42	85	11.0
42	86	3.0
42	87	3.0
42	88	2.0
42	89	2.0
42	91	6.0
42	92	4.0
42	93	4.0
42	94	3.0
42	95	4.0
42	96	5.0
42	97	3.0
42	98	9.0
42	99	2.0
42	100	6.0
42	101	6.0
42	103	4.0
42	104	3.0
42	105	4.0
42	106	3.0
42	107	8.0
42	108	9.0
42	109	7.0
42	110	8.0
42	111	6.0
42	112	8.0
42	113	3.0
42	114	6.0
42	115	7.0
42	116	10.0
42	117	7.0
42	118	4.0
42	119	5.0
42	120	6.0
42	121	7.0
42	122	9.0
43	44	41.0
43	45	22.0
43	46	11.0
43	47	14.0
43	48	7.0
43	49	7.0
43	50	7.0
43	51	8.0
43	52	7.0
43	53	6.0
43	54	8.0
43	55	11.0
43	56	12.0
43	57	3.0
43	58	5.0
43	59	3.0
43	60	7.0
43	61	5.0
43	62	9.0
43	63	9.0
43	64	5.0
43	65	7.0
43	66	4.0
43	67	7.0
43	68	2.0
43	69	4.0
43	70	4.0
43	71	7.0
43	72	4.0
43	73	6.0
43	74	3.0
43	75	10.0
43	76	4.0
43	77	7.0
43	78	4.0
43	79	3.0
43	80	8.0
43	81	5.0
43	82	5.0
43	83	7.0
43	84	10.0
43	85	6.0
43	86	2.0
43	87	4.0
43	88	3.0
43	89	6.0
43	90	6.0
43	91	5.0
43	92	2.0
43	93	7.0
43	94	5.0
43	95	5.0
43	96	3.0
43	97	6.0
43	99	3.0
43	100	1.0
43	101	3.0
43	102	2.0
43	103	4.0
43	104	3.0
43	105	2.0
43	106	4.0
43	107	6.0
43	108	5.0
43	109	1.0
43	110	3.0
43	111	4.0
43	112	8.0
43	113	2.0
43	114	8.0
43	115	5.0
43	116	3.0
43	117	5.0
43	119	2.0
43	120	5.0
43	121	2.0
43	122	4.0
44	45	47.0
44	46	18.0
44	47	23.0
44	48	8.0
44	49	9.0
44	50	7.0
44	51	9.0
44	52	12.0
44	53	9.0
44	54	9.0
44	55	14.0
44	56	7.0
44	57	9.0
44	58	7.0
44	59	9.0
44	60	12.0
44	61	18.0
44	62	8.0
44	63	10.0
44	64	5.0
44	65	8.0
44	66	8.0
44	67	9.0
44	68	6.0
44	69	1.0
44	70	7.0
44	71	1.0
44	72	4.0
44	73	6.0
44	74	6.0
44	75	8.0
44	76	6.0
44	77	2.0
44	78	3.0
44	79	3.0
44	80	5.0
44	81	6.0
44	82	4.0
44	83	1.0
44	84	4.0
44	85	3.0
44	86	5.0
44	87	2.0
44	88	3.0
44	89	4.0
44	90	5.0
44	91	2.0
44	92	3.0
44	94	4.0
44	95	7.0
44	96	3.0
44	97	7.0
44	98	2.0
44	99	3.0
44	100	8.0
44	101	6.0
44	102	2.0
44	103	4.0
44	104	7.0
44	105	4.0
44	106	1.0
44	107	5.0
44	108	6.0
44	109	4.0
44	110	4.0
44	111	2.0
44	112	6.0
44	113	3.0
44	114	4.0
44	115	2.0
44	116	7.0
44	117	2.0
44	118	6.0
44	119	2.0
44	120	5.0
44	121	8.0
44	122	5.0
45	46	41.0
45	47	19.0
45	48	21.0
45	49	11.0
45	50	9.0
45	51	14.0
45	52	26.0
45	53	11.0
45	54	17.0
45	55	12.0
45	56	12.0
45	57	12.0
45	58	7.0
45	59	8.0
45	60	8.0
45	61	17.0
45	62	5.0
45	63	7.0
45	64	11.0
45	65	5.0
45	66	4.0
45	67	11.0
45	68	6.0
45	69	6.0
45	70	10.0
45	71	1.0
45	72	10.0
45	73	9.0
45	74	10.0
45	75	8.0
45	76	9.0
45	77	5.0
45	78	5.0
45	79	9.0
45	80	10.0
45	81	7.0
45	82	5.0
45	83	4.0
45	84	5.0
45	85	8.0
45	86	8.0
45	87	14.0
45	88	3.0
45	89	7.0
45	90	8.0
45	91	6.0
45	92	5.0
45	93	5.0
45	94	7.0
45	95	4.0
45	96	6.0
45	97	8.0
45	98	3.0
45	99	1.0
45	100	5.0
45	101	3.0
45	102	4.0
45	103	4.0
45	104	1.0
45	105	8.0
45	106	6.0
45	107	5.0
45	108	2.0
45	109	4.0
45	110	4.0
45	111	1.0
45	112	7.0
45	113	1.0
45	114	2.0
45	115	3.0
45	116	3.0
45	117	5.0
45	118	8.0
45	119	6.0
45	120	4.0
45	121	4.0
45	122	4.0
46	47	44.0
46	48	28.0
46	49	18.0
46	50	10.0
46	51	20.0
46	52	14.0
46	53	11.0
46	54	17.0
46	55	15.0
46	56	16.0
46	57	12.0
46	58	11.0
46	59	20.0
46	60	5.0
46	61	12.0
46	62	9.0
46	63	10.0
46	64	11.0
46	65	15.0
46	66	16.0
46	67	10.0
46	68	6.0
46	69	9.0
46	70	7.0
46	71	5.0
46	72	6.0
46	73	5.0
46	74	10.0
46	75	5.0
46	76	6.0
46	77	8.0
46	78	6.0
46	79	5.0
46	80	5.0
46	81	3.0
46	82	6.0
46	83	1.0
46	84	3.0
46	85	6.0
46	86	5.0
46	87	2.0
46	88	5.0
46	89	5.0
46	90	11.0
46	91	5.0
46	92	2.0
46	93	6.0
46	94	8.0
46	95	3.0
46	96	4.0
46	97	6.0
46	98	2.0
46	99	5.0
46	100	3.0
46	101	5.0
46	102	3.0
46	103	4.0
46	104	3.0
46	105	6.0
46	106	1.0
46	107	2.0
46	108	5.0
46	109	5.0
46	110	4.0
46	111	2.0
46	112	2.0
46	113	1.0
46	114	5.0
46	115	3.0
46	116	4.0
46	117	5.0
46	118	4.0
46	119	5.0
46	120	3.0
46	121	4.0
46	122	7.0
47	48	29.0
47	49	19.0
47	50	14.0
47	51	16.0
47	52	11.0
47	53	22.0
47	54	21.0
47	55	24.0
47	56	18.0
47	57	15.0
47	58	20.0
47	59	10.0
47	60	17.0
47	61	14.0
47	62	12.0
47	63	9.0
47	64	14.0
47	65	10.0
47	66	2.0
47	67	5.0
47	68	8.0
47	69	6.0
47	70	6.0
47	71	7.0
47	72	7.0
47	73	7.0
47	74	4.0
47	75	6.0
47	76	7.0
47	77	8.0
47	78	6.0
47	79	9.0
47	80	3.0
47	81	9.0
47	82	3.0
47	83	7.0
47	84	6.0
47	85	8.0
47	86	9.0
47	87	10.0
47	88	4.0
47	89	7.0
47	90	3.0
47	91	4.0
47	92	2.0
47	93	5.0
47	94	4.0
47	95	5.0
47	96	7.0
47	97	7.0
47	99	4.0
47	100	4.0
47	101	5.0
47	102	3.0
47	103	3.0
47	104	5.0
47	105	3.0
47	106	5.0
47	107	6.0
47	108	6.0
47	109	8.0
47	110	6.0
47	111	5.0
47	112	5.0
47	113	2.0
47	114	5.0
47	115	5.0
47	116	5.0
47	117	12.0
47	118	5.0
47	119	2.0
47	120	5.0
47	121	3.0
47	122	6.0
48	49	29.0
48	50	30.0
48	51	60.0
48	52	31.0
48	53	28.0
48	54	21.0
48	55	19.0
48	56	31.0
48	57	13.0
48	58	17.0
48	59	17.0
48	60	18.0
48	61	16.0
48	62	17.0
48	63	13.0
48	64	10.0
48	65	7.0
48	66	10.0
48	67	6.0
48	68	11.0
48	69	6.0
48	70	5.0
48	71	12.0
48	72	8.0
48	73	9.0
48	74	9.0
48	75	7.0
48	76	5.0
48	77	8.0
48	78	14.0
48	79	9.0
48	80	7.0
48	81	6.0
48	82	11.0
48	83	6.0
48	84	6.0
48	85	4.0
48	86	12.0
48	87	6.0
48	88	5.0
48	89	7.0
48	90	5.0
48	91	9.0
48	92	8.0
48	93	5.0
48	94	4.0
48	95	9.0
48	96	3.0
48	97	4.0
48	98	7.0
48	99	7.0
48	100	8.0
48	101	5.0
48	102	6.0
48	103	7.0
48	104	3.0
48	105	5.0
48	106	7.0
48	107	2.0
48	108	5.0
48	109	6.0
48	110	5.0
48	111	5.0
48	112	6.0
48	113	12.0
48	114	5.0
48	115	4.0
48	116	6.0
48	117	15.0
48	118	9.0
48	119	3.0
48	120	4.0
48	121	6.0
48	122	4.0
49	50	61.0
49	51	101.0
49	52	33.0
49	53	20.0
49	54	14.0
49	55	13.0
49	56	20.0
49	57	30.0
49	58	21.0
49	59	22.0
49	60	23.0
49	61	16.0
49	62	12.0
49	63	15.0
49	64	15.0
49	65	10.0
49	66	8.0
49	67	12.0
49	68	7.0
49	69	10.0
49	70	12.0
49	71	6.0
49	72	8.0
49	73	4.0
49	74	14.0
49	75	10.0
49	76	14.0
49	77	6.0
49	78	4.0
49	79	16.0
49	80	8.0
49	81	9.0
49	82	10.0
49	83	6.0
49	84	7.0
49	85	8.0
49	86	7.0
49	87	7.0
49	88	3.0
49	89	10.0
49	90	8.0
49	91	12.0
49	92	4.0
49	93	12.0
49	94	7.0
49	95	10.0
49	96	4.0
49	97	5.0
49	98	8.0
49	99	11.0
49	100	2.0
49	101	4.0
49	102	7.0
49	103	4.0
49	104	9.0
49	105	6.0
49	106	5.0
49	107	2.0
49	108	5.0
49	109	6.0
49	110	10.0
49	111	4.0
49	112	5.0
49	113	6.0
49	114	9.0
49	115	8.0
49	116	16.0
49	117	5.0
49	118	9.0
49	119	6.0
49	120	5.0
49	121	10.0
49	122	13.0
50	51	40.0
50	52	25.0
50	53	13.0
50	54	22.0
50	55	17.0
50	56	20.0
50	57	27.0
50	58	13.0
50	59	19.0
50	60	17.0
50	61	17.0
50	62	5.0
50	63	9.0
50	64	7.0
50	65	10.0
50	66	7.0
50	67	14.0
50	68	16.0
50	69	9.0
50	70	15.0
50	71	18.0
50	72	17.0
50	73	9.0
50	74	12.0
50	75	10.0
50	76	8.0
50	77	15.0
50	78	7.0
50	79	7.0
50	80	5.0
50	81	13.0
50	82	8.0
50	83	9.0
50	84	4.0
50	85	11.0
50	86	5.0
50	87	7.0
50	88	4.0
50	89	6.0
50	90	4.0
50	91	7.0
50	92	9.0
50	93	5.0
50	94	2.0
50	95	7.0
50	96	8.0
50	97	3.0
50	98	8.0
50	99	5.0
50	100	5.0
50	101	6.0
50	102	8.0
50	103	5.0
50	104	7.0
50	105	1.0
50	106	5.0
50	107	3.0
50	108	7.0
50	109	6.0
50	110	7.0
50	111	3.0
50	112	5.0
50	113	3.0
50	114	7.0
50	115	4.0
50	116	6.0
50	117	11.0
50	118	9.0
50	119	4.0
50	120	9.0
50	121	8.0
50	122	8.0
51	52	60.0
51	53	25.0
51	54	22.0
51	55	10.0
51	56	35.0
51	57	24.0
51	58	17.0
51	59	18.0
51	60	13.0
51	61	11.0
51	62	9.0
51	63	12.0
51	64	13.0
51	65	14.0
51	66	10.0
51	67	10.0
51	68	11.0
51	69	16.0
51	70	8.0
51	71	14.0
51	72	10.0
51	73	16.0
51	74	10.0
51	75	5.0
51	76	7.0
51	77	14.0
51	78	10.0
51	79	6.0
51	80	6.0
51	81	10.0
51	82	5.0
51	83	11.0
51	84	7.0
51	85	6.0
51	86	2.0
51	87	5.0
51	88	6.0
51	89	6.0
51	90	6.0
51	91	5.0
51	92	11.0
51	93	7.0
51	94	6.0
51	95	6.0
51	96	6.0
51	97	9.0
51	98	6.0
51	99	5.0
51	100	6.0
51	101	3.0
51	102	4.0
51	103	7.0
51	104	4.0
51	105	4.0
51	106	5.0
51	107	7.0
51	108	6.0
51	109	5.0
51	110	5.0
51	111	6.0
51	112	9.0
51	113	11.0
51	114	9.0
51	115	11.0
51	116	9.0
51	117	7.0
51	118	10.0
51	119	6.0
51	120	5.0
51	121	9.0
51	122	6.0
52	53	60.0
52	54	37.0
52	55	26.0
52	56	20.0
52	57	28.0
52	58	18.0
52	59	17.0
52	60	15.0
52	61	18.0
52	62	16.0
52	63	16.0
52	64	13.0
52	65	9.0
52	66	8.0
52	67	11.0
52	68	11.0
52	69	13.0
52	70	9.0
52	71	13.0
52	72	9.0
52	73	12.0
52	74	5.0
52	75	9.0
52	76	9.0
52	77	8.0
52	78	9.0
52	79	8.0
52	80	11.0
52	81	8.0
52	82	5.0
52	83	6.0
52	84	14.0
52	85	13.0
52	86	6.0
52	87	9.0
52	88	7.0
52	89	9.0
52	90	8.0
52	91	10.0
52	92	11.0
52	93	10.0
52	94	6.0
52	95	8.0
52	96	4.0
52	97	7.0
52	98	4.0
52	99	10.0
52	100	3.0
52	101	6.0
52	102	4.0
52	103	5.0
52	104	2.0
52	105	3.0
52	106	5.0
52	107	5.0
52	108	5.0
52	109	4.0
52	110	1.0
52	111	6.0
52	112	5.0
52	113	8.0
52	114	7.0
52	115	9.0
52	116	11.0
52	117	4.0
52	118	10.0
52	119	7.0
52	120	7.0
52	121	7.0
52	122	5.0
53	54	55.0
53	55	22.0
53	56	23.0
53	57	24.0
53	58	24.0
53	59	13.0
53	60	21.0
53	61	19.0
53	62	34.0
53	63	8.0
53	64	9.0
53	65	16.0
53	66	6.0
53	67	8.0
53	68	14.0
53	69	13.0
53	70	16.0
53	71	7.0
53	72	14.0
53	73	7.0
53	74	8.0
53	75	2.0
53	76	11.0
53	77	13.0
53	78	7.0
53	79	13.0
53	80	9.0
53	81	9.0
53	82	9.0
53	83	11.0
53	84	13.0
53	85	9.0
53	86	10.0
53	87	9.0
53	88	9.0
53	89	5.0
53	90	5.0
53	91	7.0
53	92	10.0
53	93	5.0
53	94	11.0
53	95	8.0
53	96	1.0
53	97	6.0
53	98	6.0
53	99	7.0
53	100	5.0
53	101	4.0
53	102	11.0
53	103	10.0
53	104	4.0
53	105	5.0
53	106	13.0
53	107	7.0
53	108	9.0
53	109	8.0
53	110	11.0
53	111	1.0
53	112	4.0
53	113	8.0
53	114	8.0
53	115	11.0
53	116	3.0
53	117	6.0
53	118	6.0
53	119	5.0
53	120	8.0
53	121	5.0
53	122	7.0
54	55	59.0
54	56	44.0
54	57	38.0
54	58	48.0
54	59	13.0
54	60	25.0
54	61	32.0
54	62	28.0
54	63	19.0
54	64	17.0
54	65	19.0
54	66	8.0
54	67	12.0
54	68	13.0
54	69	13.0
54	70	14.0
54	71	14.0
54	72	17.0
54	73	12.0
54	74	12.0
54	75	17.0
54	76	12.0
54	77	7.0
54	78	11.0
54	79	6.0
54	80	14.0
54	81	9.0
54	82	9.0
54	83	9.0
54	84	6.0
54	85	13.0
54	86	9.0
54	87	4.0
54	88	12.0
54	89	11.0
54	90	6.0
54	91	6.0
54	92	5.0
54	93	12.0
54	94	6.0
54	95	10.0
54	96	4.0
54	97	6.0
54	98	7.0
54	99	7.0
54	100	6.0
54	101	6.0
54	102	4.0
54	103	2.0
54	104	2.0
54	105	5.0
54	106	3.0
54	107	10.0
54	108	7.0
54	109	5.0
54	110	5.0
54	111	9.0
54	112	10.0
54	113	6.0
54	114	9.0
54	115	7.0
54	116	9.0
54	117	14.0
54	118	4.0
54	119	7.0
54	120	8.0
54	121	4.0
54	122	6.0
55	56	177.0
55	57	40.0
55	58	40.0
55	59	14.0
55	60	27.0
55	61	32.0
55	62	26.0
55	63	26.0
55	64	21.0
55	65	12.0
55	66	12.0
55	67	17.0
55	68	17.0
55	69	17.0
55	70	8.0
55	71	11.0
55	72	9.0
55	73	13.0
55	74	5.0
55	75	19.0
55	76	7.0
55	77	16.0
55	78	14.0
55	79	8.0
55	80	13.0
55	81	8.0
55	82	17.0
55	83	14.0
55	84	5.0
55	85	11.0
55	86	9.0
55	87	5.0
55	88	6.0
55	89	5.0
55	90	7.0
55	91	8.0
55	92	5.0
55	93	7.0
55	94	1.0
55	95	8.0
55	96	3.0
55	97	4.0
55	98	10.0
55	99	7.0
55	100	9.0
55	101	6.0
55	102	3.0
55	103	5.0
55	104	10.0
55	105	4.0
55	106	6.0
55	107	8.0
55	108	9.0
55	109	10.0
55	110	10.0
55	111	10.0
55	112	7.0
55	113	7.0
55	114	5.0
55	115	10.0
55	116	5.0
55	117	11.0
55	118	5.0
55	119	4.0
55	120	6.0
55	121	7.0
55	122	14.0
56	57	44.0
56	58	35.0
56	59	15.0
56	60	18.0
56	61	26.0
56	62	32.0
56	63	25.0
56	64	23.0
56	65	10.0
56	66	25.0
56	67	14.0
56	68	16.0
56	69	7.0
56	70	15.0
56	71	11.0
56	72	15.0
56	73	14.0
56	74	14.0
56	75	8.0
56	76	9.0
56	77	12.0
56	78	9.0
56	79	9.0
56	80	9.0
56	81	10.0
56	82	11.0
56	83	10.0
56	84	6.0
56	85	10.0
56	86	2.0
56	87	6.0
56	88	7.0
56	89	12.0
56	90	5.0
56	91	7.0
56	92	5.0
56	93	12.0
56	94	8.0
56	95	5.0
56	96	4.0
56	97	4.0
56	98	6.0
56	99	8.0
56	100	4.0
56	101	5.0
56	102	9.0
56	103	2.0
56	104	5.0
56	105	2.0
56	106	10.0
56	107	5.0
56	108	8.0
56	109	3.0
56	110	10.0
56	111	9.0
56	112	3.0
56	113	7.0
56	114	7.0
56	115	5.0
56	116	3.0
56	117	10.0
56	118	2.0
56	119	5.0
56	120	3.0
56	121	4.0
56	122	6.0
57	58	66.0
57	59	37.0
57	60	46.0
57	61	39.0
57	62	27.0
57	63	19.0
57	64	25.0
57	65	14.0
57	66	10.0
57	67	16.0
57	68	20.0
57	69	15.0
57	70	14.0
57	71	14.0
57	72	17.0
57	73	16.0
57	74	8.0
57	75	13.0
57	76	19.0
57	77	13.0
57	78	16.0
57	79	20.0
57	80	16.0
57	81	7.0
57	82	5.0
57	83	9.0
57	84	11.0
57	85	12.0
57	86	11.0
57	87	9.0
57	88	11.0
57	89	9.0
57	90	14.0
57	91	11.0
57	92	9.0
57	93	3.0
57	94	14.0
57	95	8.0
57	96	6.0
57	97	9.0
57	98	6.0
57	99	9.0
57	100	13.0
57	101	2.0
57	102	9.0
57	103	7.0
57	104	6.0
57	105	6.0
57	106	7.0
57	107	11.0
57	108	8.0
57	109	10.0
57	110	1.0
57	111	12.0
57	112	11.0
57	113	6.0
57	114	12.0
57	115	9.0
57	116	14.0
57	117	9.0
57	118	6.0
57	119	11.0
57	120	14.0
57	121	5.0
57	122	8.0
58	59	36.0
58	60	62.0
58	61	157.0
58	62	43.0
58	63	19.0
58	64	26.0
58	65	25.0
58	66	18.0
58	67	31.0
58	68	33.0
58	69	29.0
58	70	25.0
58	71	21.0
58	72	17.0
58	73	18.0
58	74	3.0
58	75	15.0
58	76	20.0
58	77	16.0
58	78	15.0
58	79	12.0
58	80	9.0
58	81	12.0
58	82	10.0
58	83	14.0
58	84	22.0
58	85	7.0
58	86	8.0
58	87	8.0
58	88	8.0
58	89	11.0
58	90	12.0
58	91	5.0
58	92	6.0
58	93	11.0
58	94	11.0
58	95	7.0
58	96	10.0
58	97	7.0
58	98	9.0
58	99	10.0
58	100	11.0
58	101	6.0
58	102	5.0
58	103	6.0
58	104	12.0
58	105	6.0
58	106	8.0
58	107	3.0
58	108	6.0
58	109	8.0
58	110	13.0
58	111	6.0
58	112	6.0
58	113	9.0
58	114	6.0
58	115	12.0
58	116	16.0
58	117	7.0
58	118	12.0
58	119	4.0
58	120	8.0
58	121	16.0
58	122	7.0
59	60	154.0
59	61	29.0
59	62	20.0
59	63	19.0
59	64	20.0
59	65	14.0
59	66	12.0
59	67	29.0
59	68	32.0
59	69	21.0
59	70	29.0
59	71	35.0
59	72	23.0
59	73	27.0
59	74	28.0
59	75	9.0
59	76	21.0
59	77	11.0
59	78	12.0
59	79	13.0
59	80	14.0
59	81	12.0
59	82	19.0
59	83	15.0
59	84	14.0
59	85	21.0
59	86	12.0
59	87	12.0
59	88	11.0
59	89	10.0
59	90	12.0
59	91	17.0
59	92	6.0
59	93	12.0
59	94	9.0
59	95	7.0
59	96	9.0
59	97	10.0
59	98	6.0
59	99	8.0
59	100	8.0
59	101	4.0
59	102	6.0
59	103	4.0
59	104	5.0
59	105	11.0
59	106	10.0
59	107	10.0
59	108	10.0
59	109	7.0
59	110	10.0
59	111	13.0
59	112	6.0
59	113	11.0
59	114	9.0
59	115	8.0
59	116	13.0
59	117	12.0
59	118	11.0
59	119	6.0
59	120	12.0
59	121	10.0
59	122	11.0
60	61	48.0
60	62	25.0
60	63	13.0
60	64	15.0
60	65	19.0
60	66	14.0
60	67	22.0
60	68	22.0
60	69	26.0
60	70	30.0
60	71	25.0
60	72	29.0
60	73	12.0
60	74	29.0
60	75	16.0
60	76	14.0
60	77	15.0
60	78	14.0
60	79	12.0
60	80	16.0
60	81	15.0
60	82	12.0
60	83	9.0
60	84	18.0
60	85	16.0
60	86	12.0
60	87	9.0
60	88	12.0
60	89	11.0
60	90	10.0
60	91	15.0
60	92	10.0
60	93	10.0
60	94	18.0
60	95	8.0
60	96	14.0
60	97	7.0
60	98	6.0
60	99	13.0
60	100	9.0
60	101	6.0
60	102	6.0
60	103	6.0
60	104	3.0
60	105	9.0
60	106	12.0
60	107	8.0
60	108	10.0
60	109	10.0
60	110	10.0
60	111	7.0
60	112	12.0
60	113	3.0
60	114	6.0
60	115	16.0
60	116	11.0
60	117	10.0
60	118	11.0
60	119	8.0
60	120	13.0
60	121	9.0
60	122	13.0
61	62	49.0
61	63	47.0
61	64	37.0
61	65	23.0
61	66	24.0
61	67	24.0
61	68	31.0
61	69	24.0
61	70	25.0
61	71	13.0
61	72	17.0
61	73	11.0
61	74	25.0
61	75	21.0
61	76	19.0
61	77	12.0
61	78	9.0
61	79	12.0
61	80	12.0
61	81	13.0
61	82	21.0
61	83	16.0
61	84	9.0
61	85	6.0
61	86	12.0
61	87	10.0
61	88	8.0
61	89	11.0
61	90	18.0
61	91	6.0
61	92	5.0
61	93	14.0
61	94	7.0
61	95	2.0
61	96	6.0
61	97	10.0
61	98	7.0
61	99	3.0
61	100	9.0
61	101	13.0
61	102	8.0
61	103	4.0
61	104	6.0
61	105	5.0
61	106	6.0
61	107	6.0
61	108	11.0
61	109	8.0
61	110	5.0
61	111	11.0
61	112	4.0
61	113	8.0
61	114	5.0
61	115	6.0
61	116	11.0
61	117	7.0
61	118	12.0
61	119	9.0
61	120	8.0
61	121	7.0
61	122	11.0
62	63	70.0
62	64	51.0
62	65	31.0
62	66	51.0
62	67	51.0
62	68	41.0
62	69	22.0
62	70	18.0
62	71	7.0
62	72	18.0
62	73	9.0
62	74	11.0
62	75	12.0
62	76	10.0
62	77	13.0
62	78	8.0
62	79	8.0
62	80	12.0
62	81	8.0
62	82	11.0
62	83	9.0
62	84	9.0
62	85	8.0
62	86	9.0
62	87	13.0
62	88	7.0
62	89	11.0
62	90	13.0
62	91	10.0
62	92	7.0
62	93	10.0
62	94	6.0
62	95	5.0
62	96	10.0
62	97	7.0
62	98	6.0
62	99	7.0
62	100	7.0
62	101	9.0
62	102	6.0
62	103	7.0
62	104	8.0
62	105	8.0
62	106	6.0
62	107	6.0
62	108	8.0
62	109	9.0
62	110	4.0
62	111	9.0
62	112	7.0
62	113	6.0
62	114	10.0
62	115	6.0
62	116	11.0
62	117	10.0
62	118	2.0
62	119	6.0
62	120	9.0
62	121	9.0
62	122	5.0
63	64	179.0
63	65	120.0
63	66	51.0
63	67	37.0
63	68	39.0
63	69	14.0
63	70	16.0
63	71	8.0
63	72	9.0
63	73	21.0
63	74	14.0
63	75	14.0
63	76	17.0
63	77	16.0
63	78	19.0
63	79	18.0
63	80	12.0
63	81	10.0
63	82	9.0
63	83	12.0
63	84	12.0
63	85	9.0
63	86	11.0
63	87	15.0
63	88	8.0
63	89	11.0
63	90	8.0
63	91	10.0
63	92	6.0
63	93	10.0
63	94	12.0
63	95	5.0
63	96	9.0
63	97	6.0
63	98	7.0
63	99	9.0
63	100	7.0
63	101	8.0
63	102	3.0
63	103	7.0
63	104	3.0
63	105	6.0
63	106	2.0
63	107	6.0
63	108	7.0
63	109	6.0
63	110	3.0
63	111	4.0
63	112	4.0
63	113	7.0
63	114	1.0
63	115	8.0
63	116	9.0
63	117	6.0
63	118	9.0
63	119	6.0
63	120	11.0
63	121	12.0
63	122	6.0
64	65	69.0
64	66	31.0
64	67	37.0
64	68	27.0
64	69	23.0
64	70	15.0
64	71	12.0
64	72	17.0
64	73	11.0
64	74	13.0
64	75	16.0
64	76	12.0
64	77	10.0
64	78	17.0
64	79	11.0
64	80	18.0
64	81	17.0
64	82	11.0
64	83	13.0
64	84	19.0
64	85	12.0
64	86	10.0
64	87	16.0
64	88	12.0
64	89	12.0
64	90	15.0
64	91	9.0
64	92	13.0
64	93	6.0
64	94	10.0
64	95	7.0
64	96	11.0
64	97	10.0
64	98	8.0
64	99	7.0
64	100	7.0
64	101	9.0
64	102	6.0
64	103	2.0
64	104	10.0
64	105	7.0
64	106	9.0
64	107	8.0
64	108	9.0
64	109	6.0
64	110	5.0
64	111	10.0
64	112	8.0
64	113	2.0
64	114	5.0
64	115	13.0
64	116	8.0
64	117	10.0
64	118	10.0
64	119	11.0
64	120	2.0
64	121	5.0
64	122	4.0
65	66	65.0
65	67	38.0
65	68	22.0
65	69	23.0
65	70	13.0
65	71	11.0
65	72	8.0
65	73	12.0
65	74	10.0
65	75	9.0
65	76	12.0
65	77	17.0
65	78	5.0
65	79	25.0
65	80	11.0
65	81	6.0
65	82	16.0
65	83	11.0
65	84	12.0
65	85	10.0
65	86	12.0
65	87	10.0
65	88	8.0
65	89	3.0
65	90	10.0
65	91	5.0
65	92	8.0
65	93	4.0
65	94	7.0
65	95	7.0
65	96	6.0
65	97	4.0
65	98	10.0
65	99	8.0
65	100	6.0
65	101	7.0
65	102	9.0
65	103	6.0
65	104	11.0
65	105	4.0
65	106	7.0
65	107	11.0
65	108	7.0
65	109	12.0
65	110	7.0
65	111	5.0
65	112	4.0
65	113	5.0
65	114	6.0
65	115	4.0
65	116	11.0
65	117	11.0
65	118	10.0
65	119	7.0
65	120	4.0
65	121	8.0
65	122	11.0
66	67	39.0
66	68	38.0
66	69	19.0
66	70	23.0
66	71	9.0
66	72	14.0
66	73	14.0
66	74	15.0
66	75	10.0
66	76	18.0
66	77	13.0
66	78	11.0
66	79	16.0
66	80	9.0
66	81	6.0
66	82	11.0
66	83	12.0
66	84	11.0
66	85	13.0
66	86	5.0
66	87	20.0
66	88	9.0
66	89	15.0
66	90	15.0
66	91	8.0
66	92	9.0
66	93	5.0
66	94	10.0
66	95	6.0
66	96	7.0
66	97	8.0
66	98	8.0
66	99	7.0
66	100	13.0
66	101	8.0
66	102	7.0
66	103	1.0
66	104	7.0
66	105	7.0
66	106	9.0
66	107	7.0
66	108	9.0
66	109	9.0
66	110	3.0
66	111	8.0
66	112	6.0
66	113	6.0
66	114	6.0
66	115	10.0
66	116	12.0
66	117	9.0
66	118	10.0
66	119	12.0
66	120	10.0
66	121	10.0
66	122	10.0
67	68	162.0
67	69	75.0
67	70	37.0
67	71	24.0
67	72	25.0
67	73	21.0
67	74	17.0
67	75	17.0
67	76	22.0
67	77	19.0
67	78	16.0
67	79	21.0
67	80	20.0
67	81	17.0
67	82	35.0
67	83	21.0
67	84	18.0
67	85	10.0
67	86	13.0
67	87	14.0
67	88	5.0
67	89	8.0
67	90	14.0
67	91	10.0
67	92	6.0
67	93	7.0
67	94	12.0
67	95	9.0
67	96	8.0
67	97	10.0
67	98	7.0
67	99	2.0
67	100	10.0
67	101	9.0
67	102	14.0
67	103	5.0
67	104	4.0
67	105	9.0
67	106	9.0
67	107	12.0
67	108	3.0
67	109	5.0
67	110	10.0
67	111	6.0
67	112	9.0
67	113	7.0
67	114	10.0
67	115	14.0
67	116	7.0
67	117	10.0
67	118	13.0
67	119	10.0
67	120	6.0
67	121	3.0
67	122	11.0
68	69	90.0
68	70	46.0
68	71	19.0
68	72	20.0
68	73	26.0
68	74	19.0
68	75	22.0
68	76	12.0
68	77	27.0
68	78	11.0
68	79	25.0
68	80	19.0
68	81	22.0
68	82	24.0
68	83	17.0
68	84	21.0
68	85	26.0
68	86	13.0
68	87	16.0
68	88	11.0
68	89	13.0
68	90	17.0
68	91	12.0
68	92	6.0
68	93	9.0
68	94	12.0
68	95	10.0
68	96	17.0
68	97	8.0
68	98	11.0
68	99	13.0
68	100	13.0
68	101	10.0
68	102	6.0
68	103	7.0
68	104	10.0
68	105	11.0
68	106	8.0
68	107	6.0
68	108	11.0
68	109	10.0
68	110	4.0
68	111	9.0
68	112	6.0
68	113	7.0
68	114	8.0
68	115	7.0
68	116	13.0
68	117	5.0
68	118	12.0
68	119	11.0
68	120	9.0
68	121	17.0
68	122	8.0
69	70	48.0
69	71	17.0
69	72	21.0
69	73	30.0
69	74	19.0
69	75	35.0
69	76	29.0
69	77	31.0
69	78	31.0
69	79	30.0
69	80	26.0
69	81	22.0
69	82	20.0
69	83	18.0
69	84	26.0
69	85	26.0
69	86	17.0
69	87	18.0
69	88	19.0
69	89	20.0
69	90	12.0
69	91	11.0
69	92	13.0
69	93	11.0
69	94	14.0
69	95	13.0
69	96	14.0
69	97	8.0
69	98	13.0
69	99	13.0
69	100	8.0
69	101	11.0
69	102	4.0
69	103	8.0
69	104	10.0
69	105	10.0
69	106	7.0
69	107	10.0
69	108	11.0
69	109	14.0
69	110	7.0
69	111	7.0
69	112	5.0
69	113	10.0
69	114	10.0
69	115	9.0
69	116	12.0
69	117	12.0
69	118	7.0
69	119	11.0
69	120	8.0
69	121	11.0
69	122	14.0
70	71	36.0
70	72	39.0
70	73	76.0
70	74	38.0
70	75	49.0
70	76	96.0
70	77	45.0
70	78	46.0
70	79	35.0
70	80	36.0
70	81	36.0
70	82	30.0
70	83	27.0
70	84	34.0
70	85	27.0
70	86	19.0
70	87	14.0
70	88	11.0
70	89	13.0
70	90	15.0
70	91	10.0
70	92	12.0
70	93	11.0
70	94	22.0
70	95	9.0
70	96	16.0
70	97	7.0
70	98	8.0
70	99	19.0
70	100	12.0
70	101	11.0
70	102	9.0
70	103	4.0
70	104	13.0
70	105	8.0
70	106	4.0
70	107	10.0
70	108	17.0
70	109	13.0
70	110	8.0
70	111	9.0
70	112	13.0
70	113	9.0
70	114	9.0
70	115	13.0
70	116	15.0
70	117	17.0
70	118	16.0
70	119	13.0
70	120	13.0
70	121	10.0
70	122	6.0
71	72	189.0
71	73	44.0
71	74	41.0
71	75	34.0
71	76	31.0
71	77	55.0
71	78	25.0
71	79	18.0
71	80	14.0
71	81	38.0
71	82	27.0
71	83	22.0
71	84	24.0
71	85	21.0
71	86	21.0
71	87	21.0
71	88	7.0
71	89	15.0
71	90	22.0
71	91	20.0
71	92	15.0
71	93	12.0
71	94	13.0
71	95	17.0
71	96	11.0
71	97	14.0
71	98	12.0
71	99	13.0
71	100	13.0
71	101	11.0
71	102	7.0
71	103	3.0
71	104	18.0
71	105	17.0
71	106	11.0
71	107	11.0
71	108	16.0
71	109	11.0
71	110	14.0
71	111	7.0
71	112	12.0
71	113	10.0
71	114	17.0
71	115	18.0
71	116	22.0
71	117	18.0
71	118	9.0
71	119	11.0
71	120	11.0
71	121	13.0
71	122	12.0
72	73	50.0
72	74	54.0
72	75	39.0
72	76	46.0
72	77	75.0
72	78	17.0
72	79	14.0
72	80	23.0
72	81	28.0
72	82	31.0
72	83	22.0
72	84	34.0
72	85	18.0
72	86	17.0
72	87	13.0
72	88	13.0
72	89	9.0
72	90	21.0
72	91	19.0
72	92	16.0
72	93	19.0
72	94	12.0
72	95	15.0
72	96	11.0
72	97	9.0
72	98	11.0
72	99	14.0
72	100	12.0
72	101	6.0
72	102	12.0
72	103	7.0
72	104	11.0
72	105	14.0
72	106	8.0
72	107	14.0
72	108	22.0
72	109	16.0
72	110	16.0
72	111	10.0
72	112	14.0
72	113	12.0
72	114	8.0
72	115	13.0
72	116	22.0
72	117	15.0
72	118	13.0
72	119	12.0
72	120	11.0
72	121	17.0
72	122	11.0
73	74	89.0
73	75	47.0
73	76	140.0
73	77	109.0
73	78	62.0
73	79	38.0
73	80	36.0
73	81	53.0
73	82	53.0
73	83	47.0
73	84	47.0
73	85	29.0
73	86	23.0
73	87	15.0
73	88	15.0
73	89	21.0
73	90	22.0
73	91	29.0
73	92	15.0
73	93	10.0
73	94	16.0
73	95	22.0
73	96	12.0
73	97	8.0
73	98	23.0
73	99	17.0
73	100	12.0
73	101	13.0
73	102	6.0
73	103	4.0
73	104	16.0
73	105	17.0
73	106	8.0
73	107	12.0
73	108	16.0
73	109	13.0
73	110	9.0
73	111	11.0
73	112	11.0
73	113	10.0
73	114	15.0
73	115	15.0
73	116	13.0
73	117	24.0
73	118	17.0
73	119	15.0
73	120	12.0
73	121	11.0
73	122	9.0
74	75	59.0
74	76	86.0
74	77	102.0
74	78	62.0
74	79	36.0
74	80	29.0
74	81	78.0
74	82	40.0
74	83	29.0
74	84	42.0
74	85	38.0
74	86	24.0
74	87	14.0
74	88	9.0
74	89	19.0
74	90	27.0
74	91	15.0
74	92	18.0
74	93	15.0
74	94	21.0
74	95	14.0
74	96	6.0
74	97	9.0
74	98	13.0
74	99	16.0
74	100	9.0
74	101	15.0
74	102	6.0
74	103	10.0
74	104	7.0
74	105	13.0
74	106	17.0
74	107	14.0
74	108	15.0
74	109	21.0
74	110	16.0
74	111	13.0
74	112	14.0
74	113	12.0
74	114	12.0
74	115	21.0
74	116	21.0
74	117	17.0
74	118	21.0
74	119	13.0
74	120	16.0
74	121	7.0
74	122	15.0
75	76	105.0
75	77	37.0
75	78	106.0
75	79	51.0
75	80	52.0
75	81	48.0
75	82	50.0
75	83	32.0
75	84	50.0
75	85	34.0
75	86	29.0
75	87	13.0
75	88	13.0
75	89	14.0
75	90	18.0
75	91	20.0
75	92	17.0
75	93	13.0
75	94	18.0
75	95	17.0
75	96	13.0
75	97	16.0
75	98	8.0
75	99	15.0
75	100	19.0
75	101	19.0
75	102	9.0
75	103	5.0
75	104	12.0
75	105	5.0
75	106	17.0
75	107	16.0
75	108	10.0
75	109	12.0
75	110	10.0
75	111	15.0
75	112	14.0
75	113	7.0
75	114	11.0
75	115	11.0
75	116	9.0
75	117	13.0
75	118	14.0
75	119	15.0
75	120	12.0
75	121	12.0
75	122	14.0
76	77	57.0
76	78	86.0
76	79	31.0
76	80	56.0
76	81	63.0
76	82	37.0
76	83	30.0
76	84	46.0
76	85	47.0
76	86	20.0
76	87	16.0
76	88	21.0
76	89	19.0
76	90	25.0
76	91	15.0
76	92	16.0
76	93	15.0
76	94	17.0
76	95	13.0
76	96	17.0
76	97	9.0
76	98	14.0
76	99	14.0
76	100	11.0
76	101	12.0
76	102	7.0
76	103	12.0
76	104	8.0
76	105	13.0
76	106	12.0
76	107	11.0
76	108	17.0
76	109	15.0
76	110	13.0
76	111	10.0
76	112	10.0
76	113	14.0
76	114	10.0
76	115	8.0
76	116	19.0
76	117	14.0
76	118	11.0
76	119	13.0
76	120	16.0
76	121	14.0
76	122	16.0
77	78	52.0
77	79	26.0
77	80	31.0
77	81	71.0
77	82	42.0
77	83	37.0
77	84	44.0
77	85	27.0
77	86	17.0
77	87	17.0
77	88	16.0
77	89	24.0
77	90	22.0
77	91	24.0
77	92	13.0
77	93	17.0
77	94	22.0
77	95	14.0
77	96	22.0
77	97	16.0
77	98	12.0
77	99	21.0
77	100	10.0
77	101	18.0
77	102	8.0
77	103	9.0
77	104	6.0
77	105	13.0
77	106	6.0
77	107	14.0
77	108	18.0
77	109	5.0
77	110	17.0
77	111	14.0
77	112	10.0
77	113	19.0
77	114	12.0
77	115	20.0
77	116	19.0
77	117	9.0
77	118	18.0
77	119	6.0
77	120	9.0
77	121	15.0
77	122	7.0
78	79	62.0
78	80	77.0
78	81	90.0
78	82	71.0
78	83	52.0
78	84	76.0
78	85	72.0
78	86	36.0
78	87	19.0
78	88	20.0
78	89	27.0
78	90	24.0
78	91	22.0
78	92	17.0
78	93	19.0
78	94	29.0
78	95	27.0
78	96	25.0
78	97	10.0
78	98	13.0
78	99	11.0
78	100	16.0
78	101	15.0
78	102	14.0
78	103	11.0
78	104	5.0
78	105	13.0
78	106	15.0
78	107	17.0
78	108	18.0
78	109	14.0
78	110	8.0
78	111	9.0
78	112	7.0
78	113	11.0
78	114	15.0
78	115	13.0
78	116	16.0
78	117	15.0
78	118	13.0
78	119	9.0
78	120	18.0
78	121	9.0
78	122	17.0
79	80	89.0
79	81	26.0
79	82	33.0
79	83	34.0
79	84	27.0
79	85	53.0
79	86	31.0
79	87	25.0
79	88	22.0
79	89	25.0
79	90	30.0
79	91	21.0
79	92	19.0
79	93	21.0
79	94	25.0
79	95	20.0
79	96	13.0
79	97	13.0
79	98	21.0
79	99	12.0
79	100	15.0
79	101	18.0
79	102	7.0
79	103	10.0
79	104	7.0
79	105	19.0
79	106	16.0
79	107	14.0
79	108	13.0
79	109	12.0
79	110	12.0
79	111	10.0
79	112	7.0
79	113	9.0
79	114	8.0
79	115	8.0
79	116	7.0
79	117	9.0
79	118	11.0
79	119	10.0
79	120	12.0
79	121	11.0
79	122	7.0
80	81	49.0
80	82	72.0
80	83	55.0
80	84	52.0
80	85	111.0
80	86	26.0
80	87	22.0
80	88	16.0
80	89	29.0
80	90	26.0
80	91	17.0
80	92	25.0
80	93	23.0
80	94	25.0
80	95	18.0
80	96	19.0
80	97	5.0
80	98	11.0
80	99	17.0
80	100	9.0
80	101	16.0
80	102	8.0
80	103	9.0
80	104	10.0
80	105	12.0
80	106	20.0
80	107	19.0
80	108	9.0
80	109	10.0
80	110	15.0
80	111	6.0
80	112	7.0
80	113	13.0
80	114	13.0
80	115	13.0
80	116	15.0
80	117	19.0
80	118	16.0
80	119	12.0
80	120	11.0
80	121	8.0
80	122	10.0
81	82	64.0
81	83	43.0
81	84	74.0
81	85	53.0
81	86	22.0
81	87	17.0
81	88	14.0
81	89	37.0
81	90	32.0
81	91	27.0
81	92	18.0
81	93	17.0
81	94	23.0
81	95	20.0
81	96	19.0
81	97	8.0
81	98	15.0
81	99	11.0
81	100	21.0
81	101	13.0
81	102	12.0
81	103	10.0
81	104	9.0
81	105	18.0
81	106	21.0
81	107	11.0
81	108	18.0
81	109	24.0
81	110	15.0
81	111	13.0
81	112	19.0
81	113	12.0
81	114	12.0
81	115	21.0
81	116	23.0
81	117	21.0
81	118	18.0
81	119	12.0
81	120	14.0
81	121	14.0
81	122	11.0
82	83	114.0
82	84	160.0
82	85	106.0
82	86	56.0
82	87	23.0
82	88	24.0
82	89	34.0
82	90	43.0
82	91	30.0
82	92	24.0
82	93	20.0
82	94	30.0
82	95	24.0
82	96	18.0
82	97	11.0
82	98	16.0
82	99	17.0
82	100	18.0
82	101	12.0
82	102	13.0
82	103	13.0
82	104	13.0
82	105	10.0
82	106	18.0
82	107	12.0
82	108	13.0
82	109	18.0
82	110	14.0
82	111	8.0
82	112	16.0
82	113	18.0
82	114	13.0
82	115	19.0
82	116	18.0
82	117	20.0
82	118	21.0
82	119	13.0
82	120	10.0
82	121	14.0
82	122	11.0
83	84	85.0
83	85	133.0
83	86	99.0
83	87	26.0
83	88	34.0
83	89	62.0
83	90	39.0
83	91	33.0
83	92	21.0
83	93	35.0
83	94	26.0
83	95	23.0
83	96	16.0
83	97	14.0
83	98	10.0
83	99	26.0
83	100	18.0
83	101	8.0
83	102	7.0
83	103	9.0
83	104	13.0
83	105	15.0
83	106	21.0
83	107	20.0
83	108	14.0
83	109	14.0
83	110	13.0
83	111	9.0
83	112	16.0
83	113	11.0
83	114	14.0
83	115	12.0
83	116	20.0
83	117	23.0
83	118	18.0
83	119	20.0
83	120	9.0
83	121	14.0
83	122	9.0
84	85	83.0
84	86	57.0
84	87	20.0
84	88	12.0
84	89	27.0
84	90	53.0
84	91	24.0
84	92	19.0
84	93	23.0
84	94	34.0
84	95	31.0
84	96	24.0
84	97	15.0
84	98	12.0
84	99	20.0
84	100	18.0
84	101	17.0
84	102	9.0
84	103	9.0
84	104	14.0
84	105	14.0
84	106	18.0
84	107	18.0
84	108	14.0
84	109	18.0
84	110	7.0
84	111	9.0
84	112	18.0
84	113	9.0
84	114	9.0
84	115	16.0
84	116	13.0
84	117	20.0
84	118	10.0
84	119	15.0
84	120	10.0
84	121	20.0
84	122	13.0
85	86	55.0
85	87	26.0
85	88	17.0
85	89	37.0
85	90	45.0
85	91	25.0
85	92	18.0
85	93	28.0
85	94	30.0
85	95	29.0
85	96	17.0
85	97	13.0
85	98	18.0
85	99	17.0
85	100	21.0
85	101	15.0
85	102	11.0
85	103	13.0
85	104	5.0
85	105	13.0
85	106	14.0
85	107	25.0
85	108	13.0
85	109	17.0
85	110	13.0
85	111	9.0
85	112	11.0
85	113	4.0
85	114	16.0
85	115	11.0
85	116	18.0
85	117	14.0
85	118	17.0
85	119	13.0
85	120	13.0
85	121	14.0
85	122	9.0
86	87	41.0
86	88	36.0
86	89	120.0
86	90	46.0
86	91	44.0
86	92	40.0
86	93	38.0
86	94	38.0
86	95	23.0
86	96	26.0
86	97	25.0
86	98	17.0
86	99	22.0
86	100	12.0
86	101	15.0
86	102	13.0
86	103	9.0
86	104	10.0
86	105	15.0
86	106	10.0
86	107	16.0
86	108	14.0
86	109	12.0
86	110	7.0
86	111	12.0
86	112	10.0
86	113	5.0
86	114	8.0
86	115	15.0
86	116	15.0
86	117	14.0
86	118	9.0
86	119	10.0
86	120	14.0
86	121	8.0
86	122	8.0
87	88	276.0
87	89	34.0
87	90	25.0
87	91	20.0
87	92	35.0
87	93	24.0
87	94	24.0
87	95	19.0
87	96	23.0
87	97	16.0
87	98	12.0
87	99	18.0
87	100	10.0
87	101	12.0
87	102	11.0
87	103	7.0
87	104	15.0
87	105	13.0
87	106	7.0
87	107	12.0
87	108	14.0
87	109	10.0
87	110	12.0
87	111	7.0
87	112	8.0
87	113	8.0
87	114	13.0
87	115	8.0
87	116	17.0
87	117	11.0
87	118	8.0
87	119	10.0
87	120	9.0
87	121	8.0
87	122	6.0
88	89	44.0
88	90	25.0
88	91	23.0
88	92	17.0
88	93	24.0
88	94	18.0
88	95	20.0
88	96	15.0
88	97	14.0
88	98	19.0
88	99	15.0
88	100	13.0
88	101	8.0
88	102	12.0
88	103	12.0
88	104	10.0
88	105	10.0
88	106	9.0
88	107	12.0
88	108	16.0
88	109	13.0
88	110	10.0
88	111	17.0
88	112	11.0
88	113	8.0
88	114	4.0
88	115	10.0
88	116	8.0
88	117	12.0
88	118	9.0
88	119	10.0
88	120	4.0
88	121	11.0
88	122	10.0
89	90	41.0
89	91	35.0
89	92	39.0
89	93	44.0
89	94	30.0
89	95	27.0
89	96	26.0
89	97	21.0
89	98	18.0
89	99	24.0
89	100	22.0
89	101	12.0
89	102	12.0
89	103	9.0
89	104	9.0
89	105	15.0
89	106	13.0
89	107	15.0
89	108	17.0
89	109	15.0
89	110	6.0
89	111	17.0
89	112	15.0
89	113	16.0
89	114	13.0
89	115	14.0
89	116	15.0
89	117	22.0
89	118	12.0
89	119	13.0
89	120	13.0
89	121	12.0
89	122	11.0
90	91	84.0
90	92	35.0
90	93	64.0
90	94	49.0
90	95	30.0
90	96	35.0
90	97	19.0
90	98	19.0
90	99	25.0
90	100	28.0
90	101	20.0
90	102	16.0
90	103	11.0
90	104	13.0
90	105	22.0
90	106	25.0
90	107	21.0
90	108	20.0
90	109	22.0
90	110	13.0
90	111	15.0
90	112	13.0
90	113	7.0
90	114	19.0
90	115	18.0
90	116	30.0
90	117	21.0
90	118	18.0
90	119	15.0
90	120	13.0
90	121	12.0
90	122	17.0
91	92	45.0
91	93	63.0
91	94	55.0
91	95	44.0
91	96	33.0
91	97	13.0
91	98	29.0
91	99	37.0
91	100	22.0
91	101	11.0
91	102	16.0
91	103	8.0
91	104	15.0
91	105	32.0
91	106	24.0
91	107	24.0
91	108	25.0
91	109	16.0
91	110	15.0
91	111	11.0
91	112	19.0
91	113	18.0
91	114	23.0
91	115	22.0
91	116	21.0
91	117	17.0
91	118	24.0
91	119	14.0
91	120	16.0
91	121	8.0
91	122	20.0
92	93	109.0
92	94	65.0
92	95	84.0
92	96	83.0
92	97	31.0
92	98	28.0
92	99	36.0
92	100	24.0
92	101	24.0
92	102	13.0
92	103	12.0
92	104	9.0
92	105	14.0
92	106	16.0
92	107	16.0
92	108	14.0
92	109	17.0
92	110	16.0
92	111	12.0
92	112	12.0
92	113	15.0
92	114	12.0
92	115	14.0
92	116	17.0
92	117	17.0
92	118	21.0
92	119	8.0
92	120	6.0
92	121	17.0
92	122	7.0
93	94	76.0
93	95	55.0
93	96	53.0
93	97	23.0
93	98	27.0
93	99	42.0
93	100	43.0
93	101	17.0
93	102	8.0
93	103	17.0
93	104	12.0
93	105	24.0
93	106	18.0
93	107	21.0
93	108	20.0
93	109	15.0
93	110	17.0
93	111	8.0
93	112	9.0
93	113	17.0
93	114	10.0
93	115	9.0
93	116	16.0
93	117	13.0
93	118	15.0
93	119	13.0
93	120	11.0
93	121	6.0
93	122	11.0
94	95	119.0
94	96	39.0
94	97	28.0
94	98	30.0
94	99	56.0
94	100	49.0
94	101	23.0
94	102	10.0
94	103	9.0
94	104	19.0
94	105	27.0
94	106	23.0
94	107	22.0
94	108	18.0
94	109	19.0
94	110	20.0
94	111	16.0
94	112	22.0
94	113	14.0
94	114	14.0
94	115	20.0
94	116	15.0
94	117	16.0
94	118	17.0
94	119	19.0
94	120	12.0
94	121	10.0
94	122	8.0
95	96	71.0
95	97	30.0
95	98	36.0
95	99	45.0
95	100	37.0
95	101	21.0
95	102	18.0
95	103	15.0
95	104	24.0
95	105	18.0
95	106	21.0
95	107	20.0
95	108	18.0
95	109	18.0
95	110	16.0
95	111	14.0
95	112	13.0
95	113	19.0
95	114	27.0
95	115	13.0
95	116	17.0
95	117	16.0
95	118	9.0
95	119	21.0
95	120	18.0
95	121	11.0
95	122	19.0
96	97	45.0
96	98	34.0
96	99	47.0
96	100	40.0
96	101	24.0
96	102	20.0
96	103	12.0
96	104	15.0
96	105	19.0
96	106	23.0
96	107	15.0
96	108	14.0
96	109	19.0
96	110	18.0
96	111	15.0
96	112	12.0
96	113	13.0
96	114	16.0
96	115	14.0
96	116	10.0
96	117	14.0
96	118	16.0
96	119	8.0
96	120	8.0
96	121	12.0
96	122	12.0
97	98	46.0
97	99	34.0
97	100	39.0
97	101	18.0
97	102	23.0
97	103	14.0
97	104	24.0
97	105	14.0
97	106	24.0
97	107	12.0
97	108	14.0
97	109	20.0
97	110	9.0
97	111	14.0
97	112	13.0
97	113	8.0
97	114	9.0
97	115	8.0
97	116	12.0
97	117	9.0
97	118	20.0
97	119	12.0
97	120	11.0
97	121	12.0
97	122	6.0
98	99	123.0
98	100	86.0
98	101	23.0
98	102	18.0
98	103	18.0
98	104	24.0
98	105	28.0
98	106	28.0
98	107	21.0
98	108	22.0
98	109	10.0
98	110	12.0
98	111	16.0
98	112	20.0
98	113	17.0
98	114	17.0
98	115	29.0
98	116	17.0
98	117	7.0
98	118	12.0
98	119	12.0
98	120	8.0
98	121	17.0
98	122	11.0
99	100	99.0
99	101	21.0
99	102	18.0
99	103	21.0
99	104	23.0
99	105	25.0
99	106	43.0
99	107	26.0
99	108	24.0
99	109	25.0
99	110	26.0
99	111	13.0
99	112	24.0
99	113	13.0
99	114	26.0
99	115	22.0
99	116	8.0
99	117	16.0
99	118	27.0
99	119	14.0
99	120	17.0
99	121	18.0
99	122	12.0
100	101	36.0
100	102	20.0
100	103	15.0
100	104	38.0
100	105	23.0
100	106	43.0
100	107	32.0
100	108	31.0
100	109	25.0
100	110	28.0
100	111	22.0
100	112	17.0
100	113	18.0
100	114	20.0
100	115	15.0
100	116	13.0
100	117	15.0
100	118	14.0
100	119	13.0
100	120	21.0
100	121	13.0
100	122	16.0
101	102	32.0
101	103	31.0
101	104	40.0
101	105	23.0
101	106	50.0
101	107	53.0
101	108	30.0
101	109	22.0
101	110	22.0
101	111	18.0
101	112	25.0
101	113	39.0
101	114	32.0
101	115	22.0
101	116	15.0
101	117	20.0
101	118	30.0
101	119	24.0
101	120	17.0
101	121	25.0
101	122	18.0
102	103	91.0
102	104	44.0
102	105	32.0
102	106	30.0
102	107	34.0
102	108	16.0
102	109	12.0
102	110	12.0
102	111	26.0
102	112	20.0
102	113	25.0
102	114	29.0
102	115	16.0
102	116	15.0
102	117	11.0
102	118	21.0
102	119	19.0
102	120	11.0
102	121	7.0
102	122	9.0
103	104	45.0
103	105	22.0
103	106	21.0
103	107	27.0
103	108	20.0
103	109	21.0
103	110	16.0
103	111	20.0
103	112	33.0
103	113	18.0
103	114	19.0
103	115	14.0
103	116	9.0
103	117	10.0
103	118	14.0
103	119	23.0
103	120	18.0
103	121	17.0
103	122	17.0
104	105	49.0
104	106	34.0
104	107	43.0
104	108	26.0
104	109	28.0
104	110	33.0
104	111	51.0
104	112	43.0
104	113	38.0
104	114	25.0
104	115	14.0
104	116	13.0
104	117	15.0
104	118	21.0
104	119	19.0
104	120	17.0
104	121	23.0
104	122	17.0
105	106	67.0
105	107	44.0
105	108	66.0
105	109	91.0
105	110	55.0
105	111	41.0
105	112	36.0
105	113	39.0
105	114	49.0
105	115	42.0
105	116	25.0
105	117	26.0
105	118	52.0
105	119	14.0
105	120	24.0
105	121	38.0
105	122	23.0
106	107	99.0
106	108	39.0
106	109	51.0
106	110	44.0
106	111	35.0
106	112	23.0
106	113	22.0
106	114	33.0
106	115	27.0
106	116	23.0
106	117	28.0
106	118	37.0
106	119	23.0
106	120	18.0
106	121	20.0
106	122	26.0
107	108	44.0
107	109	36.0
107	110	33.0
107	111	33.0
107	112	43.0
107	113	48.0
107	114	49.0
107	115	26.0
107	116	19.0
107	117	30.0
107	118	56.0
107	119	27.0
107	120	33.0
107	121	37.0
107	122	24.0
108	109	125.0
108	110	82.0
108	111	30.0
108	112	34.0
108	113	27.0
108	114	59.0
108	115	92.0
108	116	43.0
108	117	79.0
108	118	53.0
108	119	17.0
108	120	28.0
108	121	41.0
108	122	25.0
109	110	153.0
109	111	46.0
109	112	45.0
109	113	26.0
109	114	72.0
109	115	65.0
109	116	29.0
109	117	57.0
109	118	48.0
109	119	24.0
109	120	19.0
109	121	23.0
109	122	21.0
110	111	46.0
110	112	36.0
110	113	31.0
110	114	49.0
110	115	76.0
110	116	23.0
110	117	47.0
110	118	34.0
110	119	26.0
110	120	22.0
110	121	39.0
110	122	21.0
111	112	122.0
111	113	51.0
111	114	51.0
111	115	23.0
111	116	19.0
111	117	27.0
111	118	45.0
111	119	21.0
111	120	24.0
111	121	26.0
111	122	19.0
112	113	78.0
112	114	62.0
112	115	22.0
112	116	16.0
112	117	27.0
112	118	44.0
112	119	44.0
112	120	26.0
112	121	36.0
112	122	25.0
113	114	60.0
113	115	23.0
113	116	17.0
113	117	19.0
113	118	63.0
113	119	42.0
113	120	36.0
113	121	46.0
113	122	39.0
114	115	41.0
114	116	34.0
114	117	58.0
114	118	117.0
114	119	28.0
114	120	29.0
114	121	61.0
114	122	35.0
115	116	65.0
115	117	91.0
115	118	30.0
115	119	13.0
115	120	28.0
115	121	44.0
115	122	15.0
116	117	63.0
116	118	27.0
116	119	21.0
116	120	14.0
116	121	19.0
116	122	19.0
117	118	50.0
117	119	20.0
117	120	27.0
117	121	31.0
117	122	21.0
118	119	34.0
118	120	39.0
118	121	62.0
118	122	31.0
119	120	75.0
119	121	36.0
119	122	46.0
120	121	52.0
120	122	104.0
121	122	42.0
