1	2	49.0
1	3	27.0
1	4	22.0
1	5	12.0
1	6	13.0
1	7	12.0
1	8	12.0
1	9	10.0
1	10	16.0
1	11	16.0
1	12	7.0
1	13	7.0
1	14	18.0
1	15	9.0
1	16	9.0
1	17	14.0
1	18	9.0
1	19	17.0
1	20	8.0
1	21	6.0
1	22	10.0
1	23	9.0
1	24	7.0
1	25	9.0
1	26	4.0
1	27	4.0
1	28	3.0
1	29	5.0
1	30	2.0
1	31	4.0
1	32	7.0
1	33	5.0
1	34	4.0
1	35	4.0
1	36	8.0
1	37	6.0
1	38	3.0
1	39	6.0
1	40	4.0
1	41	5.0
1	42	8.0
1	43	3.0
1	44	5.0
1	45	3.0
1	46	7.0
1	47	5.0
1	48	7.0
1	49	10.0
1	50	9.0
1	51	7.0
1	52	9.0
1	53	9.0
1	54	1.0
1	55	9.0
1	56	5.0
1	57	6.0
1	58	5.0
1	59	8.0
1	60	4.0
1	61	9.0
1	62	8.0
1	63	4.0
1	64	2.0
1	65	8.0
1	66	1.0
1	67	9.0
1	68	4.0
1	69	6.0
1	70	9.0
1	71	11.0
1	72	10.0
1	73	9.0
1	74	11.0
1	75	12.0
1	76	5.0
1	77	10.0
1	78	7.0
1	79	4.0
1	80	6.0
1	81	7.0
1	82	5.0
1	83	9.0
1	84	11.0
1	85	6.0
1	86	10.0
1	87	12.0
1	88	8.0
1	89	7.0
1	90	11.0
1	91	8.0
1	92	9.0
1	93	5.0
1	94	7.0
1	95	4.0
1	96	4.0
1	97	4.0
1	98	7.0
1	99	6.0
1	100	6.0
1	101	8.0
1	102	9.0
1	103	5.0
1	104	7.0
1	105	8.0
1	106	14.0
1	107	11.0
1	108	12.0
1	109	10.0
1	110	8.0
1	111	10.0
1	112	14.0
1	113	11.0
1	114	9.0
1	115	7.0
1	116	16.0
1	117	11.0
1	118	11.0
1	119	11.0
1	120	7.0
1	121	13.0
1	122	12.0
2	3	50.0
2	4	41.0
2	5	36.0
2	6	24.0
2	7	15.0
2	8	34.0
2	9	23.0
2	10	27.0
2	11	12.0
2	12	13.0
2	13	8.0
2	14	8.0
2	15	15.0
2	16	21.0
2	17	12.0
2	18	14.0
2	19	15.0
2	20	11.0
2	21	11.0
2	22	9.0
2	23	9.0
2	24	15.0
2	25	10.0
2	26	8.0
2	27	10.0
2	28	4.0
2	29	9.0
2	30	9.0
2	31	5.0
2	32	8.0
2	33	5.0
2	34	4.0
2	35	3.0
2	36	6.0
2	37	5.0
2	38	8.0
2	39	8.0
2	40	4.0
2	41	5.0
2	42	7.0
2	43	9.0
2	44	4.0
2	45	10.0
2	46	4.0
2	47	7.0
2	48	8.0
2	49	4.0
2	50	10.0
2	51	13.0
2	52	13.0
2	53	8.0
2	54	14.0
2	55	7.0
2	56	6.0
2	57	4.0
2	58	12.0
2	59	7.0
2	60	13.0
2	61	9.0
2	62	10.0
2	63	7.0
2	64	5.0
2	65	4.0
2	66	5.0
2	67	10.0
2	68	7.0
2	69	6.0
2	70	10.0
2	71	11.0
2	72	4.0
2	73	4.0
2	74	10.0
2	75	10.0
2	76	10.0
2	77	18.0
2	78	10.0
2	79	7.0
2	80	7.0
2	81	6.0
2	82	5.0
2	83	6.0
2	84	6.0
2	85	10.0
2	86	8.0
2	87	8.0
2	88	4.0
2	89	7.0
2	90	9.0
2	91	7.0
2	92	5.0
2	93	9.0
2	94	7.0
2	95	8.0
2	96	4.0
2	97	2.0
2	98	12.0
2	99	10.0
2	100	6.0
2	101	13.0
2	102	9.0
2	103	9.0
2	104	9.0
2	105	10.0
2	106	11.0
2	107	8.0
2	108	13.0
2	109	18.0
2	110	11.0
2	111	9.0
2	112	6.0
2	113	12.0
2	114	12.0
2	115	10.0
2	116	15.0
2	117	19.0
2	118	13.0
2	119	12.0
2	120	23.0
2	121	20.0
2	122	18.0
3	4	99.0
3	5	50.0
3	6	53.0
3	7	36.0
3	8	36.0
3	9	17.0
3	10	24.0
3	11	34.0
3	12	13.0
3	13	14.0
3	14	15.0
3	15	13.0
3	16	22.0
3	17	15.0
3	18	16.0
3	19	8.0
3	20	10.0
3	21	11.0
3	22	16.0
3	23	15.0
3	24	11.0
3	25	13.0
3	26	5.0
3	27	7.0
3	28	4.0
3	29	8.0
3	30	14.0
3	31	9.0
3	32	2.0
3	33	5.0
3	34	5.0
3	35	1.0
3	36	4.0
3	37	7.0
3	38	4.0
3	39	4.0
3	40	7.0
3	41	7.0
3	42	10.0
3	43	6.0
3	44	6.0
3	45	12.0
3	46	6.0
3	47	8.0
3	48	13.0
3	49	14.0
3	50	20.0
3	51	10.0
3	52	17.0
3	53	8.0
3	54	6.0
3	55	12.0
3	56	8.0
3	57	7.0
3	58	7.0
3	59	12.0
3	60	13.0
3	61	4.0
3	62	11.0
3	63	10.0
3	64	9.0
3	65	6.0
3	66	9.0
3	67	11.0
3	68	16.0
3	69	10.0
3	70	9.0
3	71	11.0
3	72	13.0
3	73	15.0
3	74	13.0
3	75	14.0
3	76	6.0
3	77	15.0
3	78	13.0
3	79	7.0
3	80	17.0
3	81	12.0
3	82	10.0
3	83	8.0
3	84	12.0
3	85	4.0
3	86	7.0
3	87	6.0
3	88	8.0
3	89	3.0
3	90	9.0
3	91	9.0
3	92	8.0
3	93	19.0
3	94	7.0
3	95	10.0
3	96	8.0
3	97	7.0
3	98	9.0
3	99	7.0
3	100	12.0
3	101	9.0
3	102	8.0
3	103	6.0
3	104	9.0
3	105	12.0
3	106	8.0
3	107	9.0
3	108	14.0
3	109	12.0
3	110	14.0
3	111	9.0
3	112	13.0
3	113	8.0
3	114	8.0
3	115	10.0
3	116	14.0
3	117	13.0
3	118	9.0
3	119	16.0
3	120	14.0
3	121	8.0
3	122	13.0
4	5	126.0
4	6	85.0
4	7	71.0
4	8	34.0
4	9	18.0
4	10	39.0
4	11	34.0
4	12	25.0
4	13	19.0
4	14	10.0
4	15	12.0
4	16	23.0
4	17	19.0
4	18	17.0
4	19	11.0
4	20	16.0
4	21	18.0
4	22	11.0
4	23	11.0
4	24	12.0
4	25	16.0
4	26	11.0
4	27	10.0
4	28	10.0
4	29	8.0
4	30	8.0
4	31	6.0
4	32	9.0
4	33	6.0
4	34	6.0
4	35	6.0
4	36	4.0
4	37	6.0
4	38	7.0
4	39	4.0
4	40	4.0
4	41	8.0
4	42	11.0
4	43	7.0
4	44	8.0
4	45	6.0
4	46	8.0
4	47	9.0
4	48	7.0
4	49	13.0
4	50	16.0
4	51	12.0
4	52	13.0
4	53	16.0
4	54	10.0
4	55	10.0
4	56	10.0
4	57	8.0
4	58	6.0
4	59	9.0
4	60	17.0
4	61	12.0
4	62	4.0
4	63	9.0
4	64	10.0
4	65	8.0
4	66	8.0
4	67	9.0
4	68	10.0
4	69	13.0
4	70	14.0
4	71	11.0
4	72	8.0
4	73	11.0
4	74	20.0
4	75	11.0
4	76	20.0
4	77	10.0
4	78	9.0
4	79	7.0
4	80	11.0
4	81	12.0
4	82	9.0
4	83	12.0
4	84	3.0
4	85	9.0
4	86	8.0
4	87	2.0
4	88	5.0
4	89	7.0
4	90	9.0
4	91	11.0
4	92	11.0
4	93	5.0
4	94	4.0
4	95	9.0
4	96	6.0
4	97	6.0
4	98	8.0
4	99	9.0
4	100	7.0
4	101	12.0
4	102	4.0
4	103	7.0
4	104	10.0
4	105	15.0
4	106	8.0
4	107	12.0
4	108	14.0
4	109	11.0
4	110	12.0
4	111	9.0
4	112	7.0
4	113	14.0
4	114	8.0
4	115	10.0
4	116	18.0
4	117	18.0
4	118	13.0
4	119	14.0
4	120	12.0
4	121	15.0
4	122	20.0
5	6	135.0
5	7	192.0
5	8	45.0
5	9	16.0
5	10	24.0
5	11	31.0
5	12	15.0
5	13	6.0
5	14	13.0
5	15	10.0
5	16	16.0
5	17	16.0
5	18	19.0
5	19	20.0
5	20	18.0
5	21	18.0
5	22	16.0
5	23	13.0
5	24	8.0
5	25	17.0
5	26	8.0
5	27	13.0
5	28	7.0
5	29	9.0
5	30	8.0
5	31	7.0
5	32	9.0
5	33	8.0
5	34	5.0
5	35	3.0
5	36	6.0
5	37	4.0
5	38	11.0
5	39	11.0
5	40	7.0
5	41	12.0
5	42	4.0
5	43	5.0
5	44	4.0
5	45	8.0
5	46	12.0
5	47	9.0
5	48	9.0
5	49	14.0
5	50	18.0
5	51	16.0
5	52	10.0
5	53	14.0
5	54	15.0
5	55	7.0
5	56	12.0
5	57	9.0
5	58	18.0
5	59	17.0
5	60	14.0
5	61	8.0
5	62	9.0
5	63	10.0
5	64	6.0
5	65	9.0
5	66	7.0
5	67	12.0
5	68	6.0
5	69	15.0
5	70	11.0
5	71	23.0
5	72	19.0
5	73	13.0
5	74	21.0
5	75	13.0
5	76	16.0
5	77	9.0
5	78	4.0
5	79	14.0
5	80	12.0
5	81	8.0
5	82	10.0
5	83	13.0
5	84	12.0
5	85	14.0
5	86	7.0
5	87	11.0
5	88	8.0
5	89	10.0
5	90	13.0
5	91	11.0
5	92	7.0
5	93	7.0
5	94	8.0
5	95	11.0
5	96	15.0
5	97	8.0
5	98	8.0
5	99	8.0
5	100	11.0
5	101	12.0
5	102	9.0
5	103	7.0
5	104	12.0
5	105	10.0
5	106	14.0
5	107	9.0
5	108	12.0
5	109	15.0
5	110	9.0
5	111	10.0
5	112	13.0
5	113	14.0
5	114	16.0
5	115	18.0
5	116	16.0
5	117	17.0
5	118	19.0
5	119	10.0
5	120	18.0
5	121	15.0
5	122	16.0
6	7	120.0
6	8	29.0
6	9	18.0
6	10	21.0
6	11	30.0
6	12	19.0
6	13	7.0
6	14	13.0
6	15	12.0
6	16	20.0
6	17	21.0
6	18	15.0
6	19	22.0
6	20	16.0
6	21	15.0
6	22	18.0
6	23	19.0
6	24	13.0
6	25	12.0
6	26	11.0
6	27	9.0
6	28	12.0
6	29	8.0
6	30	5.0
6	31	11.0
6	32	6.0
6	33	5.0
6	34	7.0
6	35	4.0
6	36	2.0
6	37	4.0
6	38	7.0
6	39	8.0
6	40	8.0
6	41	6.0
6	42	2.0
6	43	9.0
6	44	8.0
6	45	2.0
6	46	10.0
6	47	3.0
6	48	12.0
6	49	15.0
6	50	23.0
6	51	9.0
6	52	16.0
6	53	13.0
6	54	12.0
6	55	14.0
6	56	8.0
6	57	7.0
6	58	15.0
6	59	14.0
6	60	16.0
6	61	13.0
6	62	10.0
6	63	15.0
6	64	7.0
6	65	11.0
6	66	10.0
6	67	16.0
6	68	9.0
6	69	17.0
6	70	9.0
6	71	19.0
6	72	12.0
6	73	16.0
6	74	10.0
6	75	14.0
6	76	12.0
6	77	11.0
6	78	9.0
6	79	11.0
6	80	7.0
6	81	15.0
6	82	9.0
6	83	13.0
6	84	14.0
6	85	12.0
6	86	10.0
6	87	3.0
6	88	10.0
6	89	3.0
6	90	14.0
6	91	10.0
6	92	8.0
6	93	7.0
6	94	13.0
6	95	8.0
6	96	8.0
6	97	9.0
6	98	10.0
6	99	10.0
6	100	9.0
6	101	11.0
6	102	9.0
6	103	11.0
6	104	8.0
6	105	19.0
6	106	9.0
6	107	11.0
6	108	9.0
6	109	14.0
6	110	17.0
6	111	13.0
6	112	10.0
6	113	11.0
6	114	13.0
6	115	15.0
6	116	22.0
6	117	12.0
6	118	17.0
6	119	11.0
6	120	25.0
6	121	18.0
6	122	13.0
7	8	31.0
7	9	23.0
7	10	29.0
7	11	34.0
7	12	18.0
7	13	14.0
7	14	13.0
7	15	12.0
7	16	20.0
7	17	9.0
7	18	25.0
7	19	13.0
7	20	8.0
7	21	8.0
7	22	7.0
7	23	14.0
7	24	15.0
7	25	17.0
7	26	6.0
7	27	7.0
7	28	9.0
7	29	5.0
7	30	9.0
7	31	6.0
7	32	3.0
7	33	5.0
7	34	7.0
7	35	5.0
7	36	2.0
7	37	7.0
7	38	6.0
7	39	2.0
7	40	3.0
7	41	3.0
7	42	7.0
7	43	3.0
7	44	9.0
7	45	3.0
7	46	8.0
7	47	9.0
7	48	12.0
7	49	16.0
7	50	18.0
7	51	13.0
7	52	8.0
7	53	14.0
7	54	9.0
7	55	16.0
7	56	4.0
7	57	18.0
7	58	9.0
7	59	20.0
7	60	21.0
7	61	13.0
7	62	12.0
7	63	9.0
7	64	5.0
7	65	8.0
7	66	8.0
7	67	7.0
7	68	9.0
7	69	14.0
7	70	12.0
7	71	17.0
7	72	16.0
7	73	15.0
7	74	22.0
7	75	15.0
7	76	17.0
7	77	14.0
7	78	10.0
7	79	10.0
7	80	13.0
7	81	17.0
7	82	15.0
7	83	11.0
7	84	5.0
7	85	8.0
7	86	11.0
7	87	6.0
7	88	13.0
7	89	7.0
7	90	12.0
7	91	15.0
7	92	18.0
7	93	10.0
7	94	8.0
7	95	13.0
7	96	11.0
7	97	11.0
7	98	7.0
7	99	9.0
7	100	9.0
7	101	14.0
7	102	11.0
7	103	10.0
7	104	10.0
7	105	18.0
7	106	16.0
7	107	10.0
7	108	20.0
7	109	16.0
7	110	14.0
7	111	15.0
7	112	16.0
7	113	13.0
7	114	14.0
7	115	15.0
7	116	17.0
7	117	11.0
7	118	12.0
7	119	15.0
7	120	20.0
7	121	13.0
7	122	26.0
8	9	40.0
8	10	59.0
8	11	63.0
8	12	29.0
8	13	20.0
8	14	14.0
8	15	15.0
8	16	17.0
8	17	15.0
8	18	14.0
8	19	22.0
8	20	9.0
8	21	8.0
8	22	8.0
8	23	10.0
8	24	7.0
8	25	11.0
8	26	9.0
8	27	8.0
8	28	5.0
8	29	6.0
8	30	11.0
8	31	6.0
8	32	11.0
8	33	12.0
8	34	2.0
8	35	4.0
8	36	4.0
8	37	3.0
8	38	6.0
8	39	5.0
8	40	6.0
8	41	3.0
8	42	5.0
8	43	3.0
8	44	2.0
8	45	8.0
8	46	5.0
8	47	8.0
8	48	7.0
8	49	14.0
8	50	13.0
8	51	11.0
8	52	10.0
8	53	17.0
8	54	14.0
8	55	5.0
8	56	8.0
8	57	14.0
8	58	13.0
8	59	13.0
8	60	15.0
8	61	9.0
8	62	13.0
8	63	6.0
8	64	11.0
8	65	6.0
8	66	6.0
8	67	11.0
8	68	14.0
8	69	12.0
8	70	10.0
8	71	19.0
8	72	19.0
8	73	12.0
8	74	17.0
8	75	13.0
8	76	17.0
8	77	16.0
8	78	20.0
8	79	4.0
8	80	13.0
8	81	14.0
8	82	7.0
8	83	13.0
8	84	6.0
8	85	6.0
8	86	6.0
8	87	8.0
8	88	7.0
8	89	10.0
8	90	16.0
8	91	10.0
8	92	9.0
8	93	11.0
8	94	7.0
8	95	13.0
8	96	6.0
8	97	14.0
8	98	5.0
8	99	13.0
8	100	6.0
8	101	16.0
8	102	15.0
8	103	9.0
8	104	11.0
8	105	10.0
8	106	8.0
8	107	17.0
8	108	19.0
8	109	15.0
8	110	16.0
8	111	11.0
8	112	17.0
8	113	10.0
8	114	18.0
8	115	12.0
8	116	16.0
8	117	17.0
8	118	9.0
8	119	14.0
8	120	22.0
8	121	22.0
8	122	26.0
9	10	56.0
9	11	33.0
9	12	35.0
9	13	15.0
9	14	21.0
9	15	21.0
9	16	17.0
9	17	25.0
9	18	18.0
9	19	13.0
9	20	12.0
9	21	13.0
9	22	15.0
9	23	8.0
9	24	11.0
9	25	12.0
9	26	11.0
9	27	12.0
9	28	7.0
9	29	7.0
9	30	6.0
9	31	8.0
9	32	7.0
9	33	6.0
9	34	3.0
9	35	5.0
9	36	4.0
9	37	3.0
9	38	6.0
9	39	6.0
9	40	5.0
9	41	3.0
9	42	5.0
9	43	8.0
9	44	5.0
9	45	7.0
9	46	5.0
9	47	9.0
9	48	8.0
9	49	8.0
9	50	10.0
9	51	8.0
9	52	8.0
9	53	9.0
9	54	6.0
9	55	5.0
9	56	11.0
9	57	12.0
9	58	10.0
9	59	11.0
9	60	11.0
9	61	8.0
9	62	13.0
9	63	9.0
9	64	6.0
9	65	7.0
9	66	10.0
9	67	9.0
9	68	10.0
9	69	6.0
9	70	22.0
9	71	12.0
9	72	5.0
9	73	14.0
9	74	14.0
9	75	13.0
9	76	14.0
9	77	15.0
9	78	11.0
9	79	16.0
9	80	7.0
9	81	25.0
9	82	12.0
9	83	15.0
9	84	3.0
9	85	10.0
9	86	4.0
9	87	9.0
9	88	13.0
9	89	12.0
9	90	7.0
9	91	10.0
9	92	18.0
9	93	10.0
9	94	12.0
9	95	11.0
9	96	6.0
9	97	8.0
9	98	7.0
9	99	16.0
9	100	7.0
9	101	14.0
9	102	14.0
9	103	11.0
9	104	9.0
9	105	11.0
9	106	10.0
9	107	17.0
9	108	19.0
9	109	11.0
9	110	9.0
9	111	10.0
9	112	16.0
9	113	15.0
9	114	17.0
9	115	10.0
9	116	10.0
9	117	13.0
9	118	20.0
9	119	26.0
9	120	26.0
9	121	22.0
9	122	18.0
10	11	113.0
10	12	39.0
10	13	21.0
10	14	29.0
10	15	16.0
10	16	29.0
10	17	31.0
10	18	23.0
10	19	27.0
10	20	20.0
10	21	13.0
10	22	16.0
10	23	10.0
10	24	15.0
10	25	8.0
10	26	8.0
10	27	8.0
10	28	10.0
10	29	6.0
10	30	14.0
10	31	8.0
10	32	6.0
10	33	5.0
10	34	4.0
10	35	5.0
10	36	4.0
10	37	6.0
10	38	8.0
10	39	5.0
10	40	5.0
10	41	9.0
10	42	8.0
10	43	7.0
10	44	4.0
10	45	7.0
10	46	6.0
10	47	15.0
10	48	8.0
10	49	11.0
10	50	13.0
10	51	13.0
10	52	10.0
10	53	16.0
10	54	12.0
10	55	9.0
10	56	11.0
10	57	13.0
10	58	17.0
10	59	12.0
10	60	15.0
10	61	11.0
10	62	11.0
10	63	7.0
10	64	9.0
10	65	7.0
10	66	5.0
10	67	21.0
10	68	9.0
10	69	12.0
10	70	12.0
10	71	22.0
10	72	13.0
10	73	11.0
10	74	14.0
10	75	10.0
10	76	8.0
10	77	12.0
10	78	16.0
10	79	14.0
10	80	6.0
10	81	12.0
10	82	8.0
10	83	16.0
10	84	11.0
10	85	7.0
10	86	7.0
10	87	11.0
10	88	6.0
10	89	7.0
10	90	6.0
10	91	12.0
10	92	3.0
10	93	10.0
10	94	11.0
10	95	7.0
10	96	9.0
10	97	7.0
10	98	9.0
10	99	9.0
10	100	13.0
10	101	13.0
10	102	16.0
10	103	9.0
10	104	8.0
10	105	8.0
10	106	15.0
10	107	12.0
10	108	10.0
10	109	11.0
10	110	10.0
10	111	7.0
10	112	12.0
10	113	17.0
10	114	21.0
10	115	8.0
10	116	15.0
10	117	14.0
10	118	17.0
10	119	15.0
10	120	15.0
10	121	12.0
10	122	13.0
11	12	39.0
11	13	32.0
11	14	32.0
11	15	20.0
11	16	25.0
11	17	30.0
11	18	31.0
11	19	24.0
11	20	22.0
11	21	13.0
11	22	11.0
11	23	19.0
11	24	19.0
11	25	11.0
11	26	6.0
11	27	7.0
11	28	8.0
11	29	11.0
11	30	8.0
11	31	9.0
11	32	6.0
11	33	6.0
11	34	5.0
11	35	2.0
11	36	8.0
11	37	7.0
11	38	6.0
11	39	8.0
11	40	4.0
11	41	4.0
11	42	9.0
11	43	4.0
11	44	4.0
11	45	3.0
11	46	4.0
11	47	9.0
11	48	13.0
11	49	14.0
11	50	14.0
11	51	11.0
11	52	17.0
11	53	17.0
11	54	17.0
11	55	12.0
11	56	9.0
11	57	4.0
11	58	6.0
11	59	14.0
11	60	12.0
11	61	17.0
11	62	12.0
11	63	6.0
11	64	8.0
11	65	10.0
11	66	5.0
11	67	16.0
11	68	12.0
11	69	11.0
11	70	17.0
11	71	15.0
11	72	15.0
11	73	18.0
11	74	16.0
11	75	9.0
11	76	9.0
11	77	18.0
11	78	12.0
11	79	8.0
11	80	6.0
11	81	18.0
11	82	6.0
11	83	9.0
11	84	11.0
11	85	5.0
11	86	9.0
11	87	9.0
11	88	8.0
11	89	6.0
11	90	11.0
11	91	6.0
11	92	11.0
11	93	14.0
11	94	10.0
11	95	4.0
11	96	13.0
11	97	8.0
11	98	9.0
11	99	6.0
11	100	16.0
11	101	5.0
11	102	16.0
11	103	9.0
11	104	9.0
11	105	11.0
11	106	15.0
11	107	9.0
11	108	7.0
11	109	18.0
11	110	8.0
11	111	12.0
11	112	13.0
11	113	16.0
11	114	16.0
11	115	16.0
11	116	14.0
11	117	15.0
11	118	5.0
11	119	15.0
11	120	15.0
11	121	12.0
11	122	6.0
12	13	60.0
12	14	65.0
12	15	45.0
12	16	39.0
12	17	36.0
12	18	32.0
12	19	35.0
12	20	21.0
12	21	15.0
12	22	13.0
12	23	14.0
12	24	13.0
12	25	10.0
12	26	9.0
12	27	14.0
12	28	4.0
12	29	7.0
12	30	8.0
12	31	8.0
12	32	6.0
12	33	7.0
12	34	9.0
12	35	5.0
12	36	4.0
12	37	3.0
12	38	5.0
12	39	8.0
12	40	7.0
12	41	7.0
12	42	7.0
12	43	16.0
12	44	9.0
12	45	3.0
12	46	5.0
12	47	7.0
12	48	10.0
12	49	16.0
12	50	12.0
12	51	10.0
12	52	10.0
12	53	16.0
12	54	17.0
12	55	6.0
12	56	9.0
12	57	9.0
12	58	8.0
12	59	9.0
12	60	13.0
12	61	16.0
12	62	8.0
12	63	6.0
12	64	7.0
12	65	7.0
12	66	8.0
12	67	5.0
12	68	6.0
12	69	10.0
12	70	16.0
12	71	15.0
12	72	5.0
12	73	12.0
12	74	13.0
12	75	14.0
12	76	18.0
12	77	13.0
12	78	7.0
12	79	5.0
12	80	9.0
12	81	9.0
12	82	12.0
12	83	11.0
12	84	11.0
12	85	4.0
12	86	11.0
12	87	6.0
12	88	6.0
12	89	7.0
12	90	8.0
12	91	5.0
12	92	4.0
12	93	9.0
12	94	10.0
12	95	8.0
12	96	12.0
12	97	5.0
12	98	10.0
12	99	11.0
12	100	7.0
12	101	15.0
12	102	9.0
12	103	13.0
12	104	8.0
12	105	9.0
12	106	11.0
12	107	17.0
12	108	14.0
12	109	11.0
12	110	11.0
12	111	10.0
12	112	11.0
12	113	15.0
12	114	13.0
12	115	16.0
12	116	12.0
12	117	9.0
12	118	14.0
12	119	11.0
12	120	12.0
12	121	14.0
12	122	16.0
13	14	123.0
13	15	55.0
13	16	21.0
13	17	21.0
13	18	21.0
13	19	35.0
13	20	20.0
13	21	23.0
13	22	19.0
13	23	15.0
13	24	5.0
13	25	5.0
13	26	10.0
13	27	7.0
13	28	6.0
13	29	6.0
13	30	8.0
13	31	8.0
13	32	6.0
13	33	4.0
13	34	5.0
13	35	4.0
13	36	6.0
13	37	5.0
13	38	5.0
13	39	4.0
13	40	6.0
13	41	4.0
13	42	7.0
13	43	4.0
13	44	3.0
13	45	9.0
13	46	10.0
13	47	4.0
13	48	8.0
13	49	14.0
13	50	13.0
13	51	4.0
13	52	12.0
13	53	10.0
13	54	15.0
13	55	4.0
13	56	3.0
13	57	7.0
13	58	11.0
13	59	12.0
13	60	8.0
13	61	19.0
13	62	7.0
13	63	8.0
13	64	8.0
13	65	9.0
13	66	9.0
13	67	6.0
13	68	9.0
13	69	8.0
13	70	6.0
13	71	13.0
13	72	7.0
13	73	14.0
13	74	9.0
13	75	16.0
13	76	9.0
13	77	10.0
13	78	6.0
13	79	8.0
13	80	6.0
13	81	5.0
13	82	11.0
13	83	13.0
13	84	6.0
13	85	6.0
13	86	5.0
13	87	9.0
13	88	10.0
13	89	6.0
13	90	5.0
13	91	7.0
13	92	6.0
13	93	7.0
13	94	6.0
13	95	5.0
13	96	6.0
13	97	4.0
13	98	10.0
13	99	7.0
13	100	5.0
13	101	4.0
13	102	10.0
13	103	7.0
13	104	10.0
13	105	5.0
13	106	6.0
13	107	9.0
13	108	9.0
13	109	14.0
13	110	8.0
13	111	9.0
13	112	5.0
13	113	6.0
13	114	12.0
13	115	11.0
13	116	8.0
13	117	8.0
13	118	11.0
13	119	11.0
13	120	13.0
13	121	8.0
13	122	14.0
14	15	85.0
14	16	47.0
14	17	37.0
14	18	26.0
14	19	35.0
14	20	31.0
14	21	29.0
14	22	17.0
14	23	20.0
14	24	21.0
14	25	5.0
14	26	13.0
14	27	13.0
14	28	12.0
14	29	14.0
14	30	7.0
14	31	8.0
14	32	4.0
14	33	8.0
14	34	6.0
14	35	4.0
14	36	4.0
14	37	9.0
14	38	3.0
14	39	7.0
14	40	8.0
14	41	7.0
14	42	7.0
14	43	4.0
14	44	6.0
14	45	7.0
14	46	11.0
14	47	14.0
14	48	11.0
14	49	5.0
14	50	14.0
14	51	14.0
14	52	12.0
14	53	18.0
14	54	9.0
14	55	8.0
14	56	14.0
14	57	13.0
14	58	15.0
14	59	10.0
14	60	12.0
14	61	9.0
14	62	6.0
14	63	3.0
14	64	8.0
14	65	11.0
14	66	2.0
14	67	8.0
14	68	9.0
14	69	7.0
14	70	12.0
14	71	11.0
14	72	10.0
14	73	13.0
14	74	11.0
14	75	7.0
14	76	9.0
14	77	15.0
14	78	7.0
14	79	8.0
14	80	11.0
14	81	13.0
14	82	12.0
14	83	3.0
14	84	6.0
14	85	10.0
14	86	7.0
14	87	8.0
14	88	6.0
14	89	7.0
14	90	9.0
14	91	9.0
14	92	9.0
14	93	10.0
14	94	10.0
14	95	9.0
14	96	7.0
14	97	6.0
14	98	6.0
14	99	13.0
14	100	10.0
14	101	9.0
14	102	3.0
14	103	5.0
14	104	15.0
14	105	7.0
14	106	7.0
14	107	10.0
14	108	4.0
14	109	8.0
14	110	4.0
14	111	5.0
14	112	11.0
14	113	10.0
14	114	8.0
14	115	10.0
14	116	7.0
14	117	8.0
14	118	4.0
14	119	10.0
14	120	13.0
14	121	11.0
14	122	3.0
15	16	55.0
15	17	38.0
15	18	33.0
15	19	50.0
15	20	22.0
15	21	23.0
15	22	27.0
15	23	26.0
15	24	21.0
15	25	9.0
15	26	13.0
15	27	9.0
15	28	5.0
15	29	13.0
15	30	6.0
15	31	6.0
15	32	6.0
15	33	7.0
15	34	1.0
15	35	3.0
15	36	2.0
15	37	5.0
15	38	3.0
15	39	3.0
15	40	7.0
15	41	5.0
15	42	2.0
15	43	4.0
15	44	11.0
15	45	8.0
15	46	8.0
15	47	11.0
15	48	12.0
15	49	11.0
15	50	21.0
15	51	11.0
15	52	18.0
15	53	6.0
15	54	9.0
15	55	12.0
15	56	6.0
15	57	12.0
15	58	10.0
15	59	13.0
15	60	13.0
15	61	12.0
15	62	6.0
15	63	11.0
15	64	7.0
15	65	12.0
15	66	7.0
15	67	6.0
15	68	9.0
15	69	2.0
15	70	11.0
15	71	10.0
15	72	9.0
15	73	12.0
15	74	7.0
15	75	8.0
15	76	11.0
15	77	11.0
15	78	15.0
15	79	5.0
15	80	11.0
15	81	6.0
15	82	9.0
15	83	9.0
15	84	9.0
15	85	11.0
15	86	8.0
15	87	7.0
15	88	6.0
15	89	6.0
15	90	10.0
15	91	8.0
15	92	6.0
15	93	6.0
15	94	8.0
15	95	8.0
15	96	10.0
15	97	2.0
15	98	5.0
15	99	10.0
15	100	5.0
15	101	8.0
15	102	8.0
15	103	9.0
15	104	8.0
15	105	9.0
15	106	9.0
15	107	7.0
15	108	7.0
15	109	10.0
15	110	7.0
15	111	8.0
15	112	7.0
15	113	8.0
15	114	6.0
15	115	6.0
15	116	7.0
15	117	8.0
15	118	8.0
15	119	13.0
15	120	16.0
15	121	9.0
15	122	15.0
16	17	191.0
16	18	89.0
16	19	133.0
16	20	43.0
16	21	34.0
16	22	28.0
16	23	18.0
16	24	27.0
16	25	10.0
16	26	18.0
16	27	14.0
16	28	18.0
16	29	13.0
16	30	11.0
16	31	9.0
16	32	2.0
16	33	11.0
16	34	4.0
16	35	2.0
16	36	7.0
16	37	8.0
16	38	8.0
16	39	13.0
16	40	6.0
16	41	8.0
16	42	8.0
16	43	9.0
16	44	8.0
16	45	12.0
16	46	9.0
16	47	13.0
16	48	12.0
16	49	16.0
16	50	13.0
16	51	12.0
16	52	17.0
16	53	9.0
16	54	14.0
16	55	5.0
16	56	12.0
16	57	16.0
16	58	15.0
16	59	8.0
16	60	14.0
16	61	12.0
16	62	6.0
16	63	9.0
16	64	14.0
16	65	9.0
16	66	11.0
16	67	10.0
16	68	8.0
16	69	9.0
16	70	10.0
16	71	16.0
16	72	10.0
16	73	10.0
16	74	12.0
16	75	13.0
16	76	11.0
16	77	11.0
16	78	6.0
16	79	10.0
16	80	10.0
16	81	7.0
16	82	10.0
16	83	5.0
16	84	8.0
16	85	6.0
16	86	4.0
16	87	6.0
16	88	2.0
16	89	9.0
16	90	5.0
16	91	10.0
16	92	7.0
16	93	4.0
16	94	10.0
16	95	7.0
16	96	8.0
16	97	4.0
16	98	8.0
16	99	5.0
16	100	8.0
16	101	9.0
16	102	11.0
16	103	8.0
16	104	8.0
16	105	6.0
16	106	9.0
16	107	3.0
16	108	11.0
16	109	6.0
16	110	9.0
16	111	9.0
16	112	5.0
16	113	8.0
16	114	7.0
16	115	3.0
16	116	6.0
16	117	9.0
16	118	12.0
16	119	5.0
16	120	5.0
16	121	8.0
16	122	8.0
17	18	147.0
17	19	156.0
17	20	66.0
17	21	38.0
17	22	37.0
17	23	40.0
17	24	20.0
17	25	27.0
17	26	13.0
17	27	18.0
17	28	11.0
17	29	20.0
17	30	13.0
17	31	8.0
17	32	8.0
17	33	7.0
17	34	5.0
17	35	6.0
17	36	7.0
17	37	9.0
17	38	10.0
17	39	8.0
17	40	8.0
17	41	7.0
17	42	5.0
17	43	9.0
17	44	16.0
17	45	9.0
17	46	11.0
17	47	13.0
17	48	15.0
17	49	21.0
17	50	14.0
17	51	16.0
17	52	23.0
17	53	10.0
17	54	13.0
17	55	7.0
17	56	17.0
17	57	10.0
17	58	12.0
17	59	16.0
17	60	10.0
17	61	17.0
17	62	10.0
17	63	5.0
17	64	11.0
17	65	4.0
17	66	6.0
17	67	10.0
17	68	13.0
17	69	7.0
17	70	12.0
17	71	9.0
17	72	8.0
17	73	6.0
17	74	12.0
17	75	10.0
17	76	14.0
17	77	9.0
17	78	9.0
17	79	7.0
17	80	8.0
17	81	9.0
17	82	11.0
17	83	9.0
17	84	5.0
17	85	10.0
17	86	11.0
17	87	8.0
17	88	6.0
17	89	8.0
17	90	10.0
17	91	8.0
17	92	5.0
17	93	8.0
17	94	11.0
17	95	5.0
17	96	12.0
17	97	6.0
17	98	13.0
17	99	8.0
17	100	10.0
17	101	8.0
17	102	5.0
17	103	8.0
17	104	9.0
17	105	13.0
17	106	7.0
17	107	2.0
17	108	12.0
17	109	7.0
17	110	10.0
17	111	7.0
17	112	8.0
17	113	13.0
17	114	14.0
17	115	9.0
17	116	14.0
17	117	5.0
17	118	15.0
17	119	10.0
17	120	13.0
17	121	8.0
17	122	11.0
18	19	58.0
18	20	46.0
18	21	28.0
18	22	22.0
18	23	32.0
18	24	22.0
18	25	19.0
18	26	10.0
18	27	15.0
18	28	12.0
18	29	10.0
18	30	8.0
18	31	5.0
18	32	13.0
18	33	4.0
18	34	4.0
18	35	2.0
18	36	10.0
18	37	3.0
18	38	5.0
18	39	3.0
18	40	9.0
18	41	14.0
18	42	8.0
18	43	9.0
18	44	6.0
18	45	5.0
18	46	9.0
18	47	10.0
18	48	17.0
18	49	10.0
18	50	25.0
18	51	23.0
18	52	19.0
18	53	22.0
18	54	12.0
18	55	10.0
18	56	5.0
18	57	12.0
18	58	12.0
18	59	9.0
18	60	13.0
18	61	9.0
18	62	11.0
18	63	9.0
18	64	7.0
18	65	7.0
18	66	11.0
18	67	15.0
18	68	13.0
18	69	10.0
18	70	10.0
18	71	15.0
18	72	10.0
18	73	16.0
18	74	10.0
18	75	9.0
18	76	9.0
18	77	15.0
18	78	8.0
18	79	6.0
18	80	8.0
18	81	9.0
18	82	10.0
18	83	9.0
18	84	11.0
18	85	7.0
18	86	1.0
18	87	5.0
18	88	8.0
18	89	9.0
18	90	9.0
18	91	10.0
18	92	8.0
18	93	8.0
18	94	11.0
18	95	1.0
18	96	7.0
18	97	6.0
18	98	13.0
18	99	9.0
18	100	8.0
18	101	14.0
18	102	5.0
18	103	5.0
18	104	7.0
18	105	7.0
18	106	10.0
18	107	7.0
18	108	5.0
18	109	11.0
18	110	6.0
18	111	8.0
18	112	9.0
18	113	18.0
18	114	12.0
18	115	11.0
18	116	9.0
18	117	8.0
18	118	11.0
18	119	12.0
18	120	6.0
18	121	11.0
18	122	14.0
19	20	68.0
19	21	39.0
19	22	31.0
19	23	30.0
19	24	22.0
19	25	21.0
19	26	17.0
19	27	10.0
19	28	9.0
19	29	15.0
19	30	14.0
19	31	15.0
19	32	10.0
19	33	7.0
19	34	3.0
19	35	6.0
19	36	10.0
19	37	7.0
19	38	6.0
19	39	3.0
19	40	11.0
19	41	5.0
19	42	5.0
19	43	6.0
19	44	3.0
19	45	6.0
19	46	12.0
19	47	13.0
19	48	13.0
19	49	13.0
19	50	15.0
19	51	16.0
19	52	18.0
19	53	20.0
19	54	20.0
19	55	7.0
19	56	10.0
19	57	16.0
19	58	16.0
19	59	20.0
19	60	15.0
19	61	7.0
19	62	11.0
19	63	7.0
19	64	6.0
19	65	10.0
19	66	6.0
19	67	9.0
19	68	5.0
19	69	6.0
19	70	3.0
19	71	6.0
19	72	6.0
19	73	6.0
19	74	14.0
19	75	13.0
19	76	8.0
19	77	6.0
19	78	11.0
19	79	8.0
19	80	7.0
19	81	8.0
19	82	12.0
19	83	12.0
19	84	4.0
19	85	12.0
19	86	6.0
19	87	6.0
19	88	9.0
19	89	4.0
19	90	4.0
19	91	6.0
19	92	10.0
19	93	8.0
19	94	12.0
19	95	10.0
19	96	8.0
19	97	5.0
19	98	6.0
19	99	6.0
19	100	6.0
19	101	6.0
19	102	12.0
19	103	9.0
19	104	6.0
19	105	9.0
19	106	8.0
19	107	13.0
19	108	13.0
19	109	6.0
19	110	3.0
19	111	12.0
19	112	8.0
19	113	7.0
19	114	4.0
19	115	3.0
19	116	4.0
19	117	14.0
19	118	10.0
19	119	11.0
19	120	4.0
19	121	8.0
19	122	9.0
20	21	92.0
20	22	38.0
20	23	40.0
20	24	33.0
20	25	22.0
20	26	19.0
20	27	10.0
20	28	17.0
20	29	12.0
20	30	13.0
20	31	8.0
20	32	7.0
20	33	5.0
20	34	7.0
20	35	8.0
20	36	8.0
20	37	1.0
20	38	6.0
20	39	11.0
20	40	14.0
20	41	10.0
20	42	10.0
20	43	7.0
20	44	12.0
20	45	5.0
20	46	11.0
20	47	12.0
20	48	18.0
20	49	21.0
20	50	19.0
20	51	20.0
20	52	28.0
20	53	32.0
20	54	19.0
20	55	6.0
20	56	11.0
20	57	16.0
20	58	12.0
20	59	8.0
20	60	11.0
20	61	11.0
20	62	12.0
20	63	8.0
20	64	10.0
20	65	7.0
20	66	15.0
20	67	2.0
20	68	9.0
20	69	11.0
20	70	11.0
20	71	14.0
20	72	11.0
20	73	11.0
20	74	10.0
20	75	14.0
20	76	12.0
20	77	12.0
20	78	10.0
20	79	14.0
20	80	9.0
20	81	1.0
20	82	10.0
20	83	12.0
20	84	6.0
20	85	8.0
20	86	3.0
20	87	5.0
20	88	7.0
20	89	5.0
20	90	15.0
20	91	5.0
20	92	4.0
20	93	4.0
20	94	10.0
20	95	5.0
20	96	9.0
20	97	3.0
20	98	8.0
20	99	4.0
20	100	7.0
20	101	1.0
20	102	7.0
20	103	7.0
20	104	9.0
20	105	5.0
20	106	9.0
20	107	10.0
20	108	7.0
20	109	6.0
20	110	7.0
20	111	8.0
20	112	8.0
20	113	13.0
20	114	8.0
20	115	7.0
20	116	5.0
20	117	8.0
20	118	5.0
20	119	9.0
20	120	8.0
20	121	9.0
20	122	13.0
21	22	70.0
21	23	44.0
21	24	36.0
21	25	25.0
21	26	25.0
21	27	23.0
21	28	14.0
21	29	20.0
21	30	12.0
21	31	10.0
21	32	6.0
21	33	12.0
21	34	4.0
21	35	1.0
21	36	3.0
21	37	6.0
21	38	9.0
21	39	3.0
21	40	5.0
21	41	10.0
21	42	5.0
21	43	6.0
21	44	7.0
21	45	8.0
21	46	10.0
21	47	16.0
21	48	24.0
21	49	18.0
21	50	22.0
21	51	26.0
21	52	20.0
21	53	19.0
21	54	17.0
21	55	19.0
21	56	12.0
21	57	9.0
21	58	5.0
21	59	12.0
21	60	12.0
21	61	10.0
21	62	12.0
21	63	7.0
21	64	10.0
21	65	9.0
21	66	11.0
21	67	6.0
21	68	10.0
21	69	9.0
21	70	8.0
21	71	10.0
21	72	16.0
21	73	7.0
21	74	13.0
21	75	10.0
21	76	8.0
21	77	12.0
21	78	12.0
21	79	10.0
21	80	8.0
21	81	10.0
21	82	4.0
21	83	15.0
21	84	5.0
21	85	5.0
21	86	7.0
21	87	11.0
21	88	4.0
21	89	3.0
21	90	4.0
21	91	6.0
21	92	5.0
21	93	8.0
21	94	7.0
21	95	4.0
21	96	3.0
21	97	7.0
21	98	5.0
21	99	5.0
21	100	6.0
21	101	10.0
21	102	3.0
21	103	9.0
21	104	5.0
21	105	4.0
21	106	8.0
21	107	6.0
21	108	11.0
21	109	10.0
21	110	4.0
21	111	4.0
21	112	6.0
21	113	7.0
21	114	5.0
21	115	6.0
21	116	7.0
21	117	7.0
21	118	3.0
21	119	7.0
21	120	5.0
21	121	8.0
21	122	6.0
22	23	104.0
22	24	85.0
22	25	38.0
22	26	30.0
22	27	18.0
22	28	12.0
22	29	18.0
22	30	17.0
22	31	13.0
22	32	7.0
22	33	6.0
22	34	7.0
22	35	6.0
22	36	5.0
22	37	6.0
22	38	6.0
22	39	4.0
22	40	14.0
22	41	13.0
22	42	11.0
22	43	6.0
22	44	11.0
22	45	9.0
22	46	8.0
22	47	9.0
22	48	21.0
22	49	19.0
22	50	21.0
22	51	33.0
22	52	27.0
22	53	23.0
22	54	12.0
22	55	12.0
22	56	11.0
22	57	17.0
22	58	10.0
22	59	13.0
22	60	14.0
22	61	11.0
22	62	12.0
22	63	9.0
22	64	10.0
22	65	5.0
22	66	11.0
22	67	8.0
22	68	9.0
22	69	6.0
22	70	10.0
22	71	9.0
22	72	10.0
22	73	6.0
22	74	7.0
22	75	7.0
22	76	10.0
22	77	5.0
22	78	13.0
22	79	8.0
22	80	4.0
22	81	8.0
22	82	6.0
22	83	3.0
22	84	6.0
22	85	9.0
22	86	5.0
22	87	8.0
22	88	11.0
22	89	7.0
22	90	5.0
22	91	5.0
22	92	4.0
22	93	5.0
22	94	10.0
22	95	6.0
22	96	8.0
22	97	11.0
22	98	10.0
22	99	6.0
22	100	7.0
22	101	9.0
22	102	2.0
22	103	5.0
22	104	3.0
22	105	5.0
22	106	5.0
22	107	11.0
22	108	7.0
22	109	10.0
22	110	5.0
22	111	5.0
22	112	5.0
22	113	7.0
22	114	7.0
22	115	5.0
22	116	4.0
22	117	8.0
22	118	7.0
22	119	7.0
22	120	6.0
22	121	13.0
22	122	5.0
23	24	89.0
23	25	44.0
23	26	19.0
23	27	18.0
23	28	11.0
23	29	17.0
23	30	12.0
23	31	11.0
23	32	11.0
23	33	10.0
23	34	8.0
23	35	5.0
23	36	10.0
23	37	5.0
23	38	4.0
23	39	4.0
23	40	7.0
23	41	15.0
23	42	6.0
23	43	8.0
23	44	10.0
23	45	8.0
23	46	6.0
23	47	14.0
23	48	20.0
23	49	27.0
23	50	21.0
23	51	22.0
23	52	24.0
23	53	14.0
23	54	16.0
23	55	11.0
23	56	9.0
23	57	11.0
23	58	11.0
23	59	17.0
23	60	13.0
23	61	11.0
23	62	11.0
23	63	10.0
23	64	17.0
23	65	5.0
23	66	13.0
23	67	8.0
23	68	6.0
23	69	9.0
23	70	10.0
23	71	8.0
23	72	8.0
23	73	7.0
23	74	9.0
23	75	7.0
23	76	5.0
23	77	12.0
23	78	6.0
23	79	6.0
23	80	10.0
23	81	9.0
23	82	5.0
23	83	5.0
23	84	9.0
23	85	10.0
23	86	9.0
23	87	5.0
23	88	11.0
23	89	7.0
23	90	5.0
23	91	5.0
23	92	5.0
23	93	5.0
23	94	6.0
23	95	6.0
23	96	10.0
23	97	4.0
23	98	6.0
23	99	2.0
23	100	8.0
23	101	7.0
23	102	6.0
23	103	3.0
23	104	6.0
23	105	4.0
23	106	3.0
23	107	6.0
23	108	3.0
23	109	3.0
23	110	8.0
23	111	7.0
23	112	3.0
23	113	2.0
23	114	6.0
23	115	5.0
23	116	9.0
23	117	6.0
23	118	5.0
23	119	11.0
23	120	6.0
23	121	8.0
23	122	5.0
24	25	44.0
24	26	28.0
24	27	22.0
24	28	23.0
24	29	23.0
24	30	27.0
24	31	24.0
24	32	8.0
24	33	11.0
24	34	5.0
24	35	4.0
24	36	5.0
24	37	8.0
24	38	5.0
24	39	11.0
24	40	17.0
24	41	12.0
24	42	11.0
24	43	10.0
24	44	10.0
24	45	15.0
24	46	9.0
24	47	12.0
24	48	12.0
24	49	19.0
24	50	28.0
24	51	26.0
24	52	16.0
24	53	14.0
24	54	15.0
24	55	13.0
24	56	16.0
24	57	16.0
24	58	16.0
24	59	7.0
24	60	13.0
24	61	12.0
24	62	7.0
24	63	6.0
24	64	15.0
24	65	7.0
24	66	8.0
24	67	8.0
24	68	6.0
24	69	8.0
24	70	10.0
24	71	15.0
24	72	9.0
24	73	11.0
24	74	7.0
24	75	6.0
24	76	12.0
24	77	4.0
24	78	11.0
24	79	7.0
24	80	7.0
24	81	5.0
24	82	8.0
24	83	10.0
24	84	10.0
24	85	12.0
24	86	9.0
24	87	9.0
24	88	4.0
24	89	3.0
24	90	8.0
24	91	9.0
24	92	10.0
24	93	7.0
24	94	6.0
24	95	5.0
24	96	9.0
24	97	6.0
24	99	8.0
24	100	7.0
24	101	6.0
24	102	5.0
24	103	6.0
24	104	3.0
24	105	11.0
24	106	7.0
24	107	5.0
24	108	8.0
24	109	7.0
24	110	6.0
24	111	6.0
24	112	4.0
24	113	3.0
24	114	3.0
24	115	14.0
24	116	8.0
24	117	12.0
24	118	7.0
24	119	8.0
24	120	5.0
24	121	10.0
24	122	3.0
25	26	58.0
25	27	22.0
25	28	37.0
25	29	28.0
25	30	24.0
25	31	21.0
25	32	16.0
25	33	8.0
25	34	7.0
25	35	5.0
25	36	4.0
25	37	10.0
25	38	8.0
25	39	12.0
25	40	14.0
25	41	9.0
25	42	8.0
25	43	16.0
25	44	13.0
25	45	10.0
25	46	14.0
25	47	18.0
25	48	30.0
25	49	17.0
25	50	27.0
25	51	30.0
25	52	32.0
25	53	26.0
25	54	17.0
25	55	14.0
25	56	16.0
25	57	14.0
25	58	18.0
25	59	20.0
25	60	14.0
25	61	17.0
25	62	6.0
25	63	14.0
25	64	11.0
25	65	14.0
25	66	2.0
25	67	13.0
25	68	8.0
25	69	11.0
25	70	8.0
25	71	6.0
25	72	13.0
25	73	14.0
25	74	11.0
25	75	11.0
25	76	9.0
25	77	5.0
25	78	4.0
25	79	10.0
25	80	7.0
25	81	12.0
25	82	8.0
25	83	8.0
25	84	12.0
25	85	6.0
25	86	6.0
25	87	6.0
25	88	9.0
25	89	5.0
25	90	9.0
25	91	4.0
25	92	9.0
25	93	6.0
25	94	4.0
25	95	4.0
25	96	5.0
25	97	10.0
25	98	4.0
25	99	9.0
25	100	6.0
25	101	6.0
25	102	5.0
25	103	6.0
25	104	6.0
25	105	4.0
25	106	13.0
25	107	3.0
25	108	9.0
25	109	10.0
25	110	5.0
25	111	8.0
25	112	7.0
25	113	6.0
25	114	6.0
25	115	6.0
25	116	8.0
25	117	10.0
25	118	8.0
25	119	6.0
25	120	6.0
25	121	9.0
25	122	9.0
26	27	55.0
26	28	34.0
26	29	25.0
26	30	23.0
26	31	17.0
26	32	12.0
26	33	6.0
26	34	6.0
26	35	6.0
26	36	9.0
26	37	4.0
26	38	5.0
26	39	9.0
26	40	9.0
26	41	19.0
26	42	20.0
26	43	16.0
26	44	11.0
26	45	12.0
26	46	20.0
26	47	34.0
26	48	59.0
26	49	29.0
26	50	27.0
26	51	34.0
26	52	29.0
26	53	24.0
26	54	16.0
26	55	17.0
26	56	20.0
26	57	11.0
26	58	20.0
26	59	13.0
26	60	15.0
26	61	12.0
26	62	7.0
26	63	13.0
26	64	14.0
26	65	14.0
26	66	12.0
26	67	14.0
26	68	6.0
26	69	6.0
26	70	9.0
26	71	14.0
26	72	8.0
26	73	9.0
26	74	4.0
26	75	4.0
26	76	8.0
26	77	12.0
26	78	5.0
26	79	11.0
26	80	12.0
26	81	9.0
26	82	7.0
26	83	8.0
26	84	7.0
26	85	2.0
26	86	7.0
26	87	3.0
26	88	2.0
26	89	4.0
26	90	5.0
26	91	8.0
26	92	6.0
26	93	4.0
26	94	7.0
26	95	6.0
26	96	6.0
26	97	2.0
26	98	12.0
26	99	3.0
26	100	5.0
26	102	5.0
26	103	3.0
26	104	7.0
26	105	3.0
26	106	6.0
26	107	4.0
26	108	1.0
26	109	6.0
26	110	11.0
26	111	7.0
26	112	5.0
26	113	7.0
26	114	9.0
26	115	3.0
26	116	9.0
26	117	7.0
26	118	7.0
26	119	6.0
26	120	8.0
26	121	6.0
26	122	8.0
27	28	40.0
27	29	32.0
27	30	23.0
27	31	15.0
27	32	15.0
27	33	8.0
27	34	6.0
27	35	4.0
27	36	5.0
27	37	8.0
27	38	8.0
27	39	8.0
27	40	17.0
27	41	21.0
27	42	16.0
27	43	13.0
27	44	10.0
27	45	12.0
27	46	25.0
27	47	21.0
27	48	32.0
27	49	26.0
27	50	22.0
27	51	28.0
27	52	28.0
27	53	15.0
27	54	12.0
27	55	8.0
27	56	13.0
27	57	16.0
27	58	10.0
27	59	18.0
27	60	8.0
27	61	8.0
27	62	10.0
27	63	4.0
27	64	4.0
27	65	11.0
27	66	15.0
27	67	9.0
27	68	15.0
27	69	8.0
27	70	12.0
27	71	15.0
27	72	10.0
27	73	11.0
27	74	6.0
27	75	10.0
27	76	8.0
27	77	11.0
27	78	6.0
27	79	4.0
27	80	3.0
27	81	13.0
27	82	6.0
27	83	6.0
27	84	4.0
27	85	5.0
27	86	6.0
27	87	3.0
27	88	3.0
27	89	5.0
27	90	8.0
27	91	9.0
27	92	5.0
27	93	2.0
27	94	7.0
27	95	4.0
27	96	8.0
27	97	2.0
27	98	7.0
27	99	5.0
27	100	3.0
27	101	9.0
27	102	2.0
27	103	5.0
27	104	7.0
27	105	7.0
27	106	7.0
27	107	1.0
27	108	4.0
27	109	9.0
27	110	3.0
27	111	2.0
27	112	7.0
27	113	10.0
27	114	3.0
27	115	8.0
27	116	14.0
27	117	6.0
27	118	5.0
27	119	5.0
27	120	7.0
27	121	5.0
27	122	4.0
28	29	84.0
28	30	57.0
28	31	30.0
28	32	15.0
28	33	11.0
28	34	12.0
28	35	5.0
28	36	12.0
28	37	12.0
28	38	14.0
28	39	10.0
28	40	19.0
28	41	29.0
28	42	27.0
28	43	17.0
28	44	17.0
28	45	15.0
28	46	15.0
28	47	14.0
28	48	32.0
28	49	16.0
28	50	15.0
28	51	18.0
28	52	14.0
28	53	10.0
28	54	10.0
28	55	10.0
28	56	16.0
28	57	12.0
28	58	8.0
28	59	15.0
28	60	9.0
28	61	10.0
28	62	5.0
28	63	10.0
28	64	6.0
28	65	6.0
28	66	5.0
28	67	9.0
28	68	6.0
28	69	7.0
28	70	10.0
28	71	8.0
28	72	12.0
28	73	8.0
28	74	8.0
28	75	8.0
28	76	11.0
28	77	4.0
28	78	9.0
28	79	5.0
28	80	11.0
28	81	5.0
28	82	6.0
28	83	5.0
28	84	5.0
28	85	6.0
28	86	4.0
28	87	7.0
28	88	2.0
28	89	6.0
28	90	6.0
28	91	4.0
28	92	6.0
28	93	7.0
28	94	5.0
28	95	7.0
28	96	5.0
28	97	8.0
28	98	8.0
28	99	6.0
28	100	5.0
28	101	7.0
28	102	3.0
28	103	9.0
28	104	9.0
28	105	3.0
28	106	6.0
28	107	4.0
28	108	5.0
28	109	7.0
28	110	8.0
28	111	6.0
28	112	7.0
28	113	3.0
28	114	6.0
28	115	10.0
28	116	5.0
28	117	5.0
28	118	4.0
28	119	6.0
28	120	9.0
28	121	6.0
28	122	4.0
29	30	66.0
29	31	21.0
29	32	18.0
29	33	6.0
29	34	15.0
29	35	6.0
29	36	15.0
29	37	11.0
29	38	8.0
29	39	19.0
29	40	13.0
29	41	29.0
29	42	14.0
29	43	16.0
29	44	19.0
29	45	13.0
29	46	14.0
29	47	13.0
29	48	22.0
29	49	23.0
29	50	16.0
29	51	16.0
29	52	14.0
29	53	13.0
29	54	15.0
29	55	14.0
29	56	11.0
29	57	10.0
29	58	9.0
29	59	10.0
29	60	18.0
29	61	9.0
29	62	8.0
29	63	5.0
29	64	4.0
29	65	7.0
29	66	5.0
29	67	12.0
29	68	10.0
29	69	8.0
29	70	6.0
29	71	3.0
29	72	7.0
29	73	6.0
29	74	9.0
29	75	2.0
29	76	6.0
29	77	9.0
29	78	4.0
29	79	7.0
29	80	3.0
29	81	8.0
29	82	5.0
29	83	8.0
29	84	8.0
29	85	10.0
29	86	6.0
29	87	5.0
29	88	5.0
29	89	9.0
29	90	13.0
29	91	4.0
29	92	5.0
29	93	3.0
29	94	4.0
29	95	4.0
29	96	4.0
29	97	2.0
29	98	3.0
29	99	4.0
29	100	3.0
29	101	7.0
29	102	7.0
29	103	6.0
29	104	3.0
29	105	6.0
29	106	5.0
29	107	4.0
29	108	4.0
29	109	6.0
29	110	7.0
29	111	7.0
29	112	12.0
29	113	12.0
29	114	5.0
29	115	2.0
29	116	9.0
29	117	12.0
29	118	3.0
29	119	10.0
29	120	5.0
29	121	4.0
29	122	8.0
30	31	37.0
30	32	22.0
30	33	7.0
30	34	10.0
30	35	8.0
30	36	11.0
30	37	8.0
30	38	13.0
30	39	10.0
30	40	15.0
30	41	26.0
30	42	15.0
30	43	17.0
30	44	14.0
30	45	9.0
30	46	13.0
30	47	12.0
30	48	8.0
30	49	14.0
30	50	16.0
30	51	13.0
30	52	16.0
30	53	14.0
30	54	10.0
30	55	10.0
30	56	11.0
30	57	8.0
30	58	8.0
30	59	7.0
30	60	15.0
30	61	9.0
30	62	5.0
30	63	5.0
30	64	8.0
30	65	4.0
30	66	6.0
30	67	4.0
30	68	6.0
30	69	8.0
30	70	5.0
30	71	10.0
30	72	8.0
30	73	4.0
30	74	1.0
30	75	6.0
30	76	4.0
30	77	9.0
30	78	8.0
30	79	6.0
30	80	5.0
30	81	5.0
30	82	7.0
30	83	9.0
30	84	7.0
30	85	9.0
30	86	7.0
30	87	3.0
30	88	2.0
30	89	5.0
30	90	7.0
30	91	3.0
30	92	6.0
30	93	2.0
30	94	6.0
30	95	5.0
30	96	4.0
30	97	5.0
30	98	5.0
30	99	10.0
30	100	5.0
30	101	2.0
30	102	3.0
30	103	3.0
30	104	11.0
30	105	5.0
30	106	4.0
30	107	3.0
30	108	7.0
30	109	7.0
30	110	2.0
30	111	7.0
30	112	7.0
30	113	4.0
30	114	4.0
30	115	13.0
30	116	6.0
30	117	4.0
30	118	5.0
30	119	4.0
30	120	4.0
30	121	4.0
30	122	6.0
31	32	33.0
31	33	19.0
31	34	21.0
31	35	9.0
31	36	14.0
31	37	18.0
31	38	15.0
31	39	27.0
31	40	43.0
31	41	33.0
31	42	18.0
31	43	8.0
31	44	16.0
31	45	10.0
31	46	9.0
31	47	4.0
31	48	18.0
31	49	18.0
31	50	13.0
31	51	12.0
31	52	6.0
31	53	9.0
31	54	7.0
31	55	7.0
31	56	13.0
31	57	8.0
31	58	9.0
31	59	7.0
31	60	6.0
31	61	5.0
31	62	9.0
31	63	3.0
31	64	6.0
31	65	12.0
31	66	5.0
31	67	9.0
31	68	5.0
31	69	8.0
31	70	7.0
31	71	6.0
31	72	9.0
31	73	5.0
31	74	6.0
31	75	4.0
31	76	5.0
31	77	3.0
31	78	4.0
31	79	5.0
31	80	5.0
31	81	6.0
31	82	5.0
31	83	3.0
31	84	3.0
31	85	8.0
31	86	5.0
31	87	4.0
31	88	5.0
31	89	4.0
31	90	4.0
31	91	6.0
31	92	6.0
31	93	6.0
31	94	5.0
31	95	3.0
31	96	6.0
31	97	2.0
31	98	9.0
31	99	8.0
31	100	7.0
31	101	6.0
31	102	4.0
31	103	3.0
31	104	5.0
31	105	5.0
31	106	3.0
31	107	5.0
31	108	7.0
31	109	6.0
31	110	4.0
31	111	3.0
31	112	8.0
31	113	3.0
31	114	5.0
31	115	4.0
31	116	7.0
31	117	6.0
31	118	2.0
31	119	6.0
31	120	2.0
31	121	2.0
31	122	2.0
32	33	41.0
32	34	19.0
32	35	16.0
32	36	21.0
32	37	22.0
32	38	22.0
32	39	74.0
32	40	60.0
32	41	23.0
32	42	29.0
32	43	9.0
32	44	14.0
32	45	8.0
32	46	9.0
32	47	8.0
32	48	9.0
32	49	14.0
32	50	11.0
32	51	8.0
32	52	8.0
32	53	5.0
32	54	7.0
32	55	12.0
32	56	9.0
32	57	6.0
32	58	3.0
32	59	3.0
32	60	11.0
32	61	9.0
32	62	8.0
32	63	2.0
32	64	9.0
32	65	5.0
32	66	2.0
32	67	4.0
32	68	9.0
32	69	6.0
32	70	3.0
32	71	9.0
32	72	8.0
32	73	6.0
32	74	6.0
32	75	4.0
32	76	7.0
32	77	6.0
32	78	8.0
32	79	8.0
32	80	8.0
32	81	4.0
32	82	4.0
32	83	3.0
32	84	1.0
32	85	5.0
32	86	5.0
32	87	5.0
32	88	4.0
32	89	4.0
32	90	4.0
32	91	7.0
32	92	3.0
32	93	6.0
32	94	4.0
32	95	2.0
32	96	7.0
32	97	2.0
32	98	3.0
32	99	3.0
32	100	2.0
32	101	2.0
32	102	4.0
32	103	4.0
32	104	3.0
32	105	3.0
32	106	5.0
32	107	5.0
32	108	1.0
32	109	2.0
32	110	5.0
32	111	5.0
32	112	5.0
32	113	9.0
32	114	2.0
32	115	8.0
32	116	6.0
32	117	1.0
32	118	9.0
32	119	5.0
32	120	4.0
32	121	9.0
32	122	1.0
33	34	45.0
33	35	27.0
33	36	20.0
33	37	24.0
33	38	170.0
33	39	45.0
33	40	32.0
33	41	23.0
33	42	13.0
33	43	9.0
33	44	4.0
33	45	7.0
33	46	5.0
33	47	8.0
33	48	6.0
33	49	10.0
33	50	10.0
33	51	8.0
33	52	4.0
33	53	6.0
33	54	5.0
33	55	9.0
33	56	5.0
33	57	4.0
33	58	5.0
33	59	10.0
33	60	6.0
33	61	7.0
33	62	3.0
33	63	6.0
33	64	4.0
33	65	2.0
33	66	5.0
33	67	6.0
33	68	5.0
33	69	1.0
33	70	3.0
33	71	6.0
33	72	9.0
33	73	4.0
33	74	4.0
33	75	4.0
33	76	7.0
33	77	4.0
33	78	3.0
33	79	3.0
33	80	3.0
33	81	2.0
33	82	5.0
33	83	1.0
33	84	2.0
33	85	3.0
33	86	3.0
33	87	4.0
33	88	1.0
33	89	5.0
33	90	1.0
33	91	5.0
33	92	4.0
33	93	5.0
33	94	4.0
33	95	2.0
33	96	1.0
33	97	5.0
33	98	3.0
33	99	1.0
33	100	2.0
33	101	7.0
33	102	5.0
33	103	2.0
33	104	4.0
33	105	1.0
33	106	5.0
33	107	2.0
33	108	2.0
33	109	5.0
33	110	4.0
33	111	4.0
33	112	5.0
33	113	5.0
33	114	6.0
33	115	5.0
33	116	8.0
33	117	6.0
33	118	5.0
33	119	6.0
33	120	3.0
33	121	5.0
33	122	3.0
34	35	40.0
34	36	38.0
34	37	244.0
34	38	45.0
34	39	26.0
34	40	11.0
34	41	12.0
34	42	14.0
34	43	9.0
34	44	14.0
34	45	3.0
34	46	11.0
34	47	8.0
34	48	5.0
34	49	7.0
34	50	9.0
34	51	6.0
34	52	6.0
34	53	5.0
34	54	5.0
34	55	3.0
34	56	5.0
34	57	6.0
34	58	5.0
34	59	7.0
34	60	8.0
34	61	6.0
34	62	11.0
34	63	7.0
34	64	6.0
34	65	8.0
34	66	5.0
34	67	10.0
34	68	4.0
34	69	3.0
34	70	5.0
34	71	1.0
34	72	6.0
34	73	3.0
34	74	1.0
34	75	5.0
34	76	5.0
34	77	1.0
34	78	1.0
34	79	3.0
34	80	4.0
34	81	4.0
34	82	3.0
34	83	8.0
34	84	7.0
34	85	2.0
34	86	1.0
34	87	5.0
34	88	7.0
34	89	4.0
34	90	3.0
34	91	6.0
34	92	4.0
34	93	4.0
34	94	1.0
34	95	2.0
34	96	1.0
34	97	4.0
34	98	4.0
34	99	6.0
34	100	4.0
34	101	1.0
34	102	2.0
34	103	4.0
34	104	6.0
34	105	5.0
34	106	4.0
34	107	5.0
34	108	4.0
34	109	2.0
34	110	4.0
34	111	1.0
34	112	5.0
34	113	1.0
34	114	5.0
34	115	2.0
34	116	4.0
34	117	5.0
34	118	3.0
34	119	4.0
34	120	5.0
34	121	7.0
34	122	2.0
35	36	243.0
35	37	47.0
35	38	25.0
35	39	15.0
35	40	9.0
35	41	9.0
35	42	14.0
35	43	7.0
35	44	7.0
35	45	5.0
35	46	6.0
35	47	3.0
35	48	5.0
35	49	8.0
35	50	6.0
35	51	3.0
35	52	5.0
35	53	2.0
35	54	6.0
35	55	4.0
35	56	4.0
35	57	5.0
35	58	4.0
35	59	2.0
35	60	4.0
35	61	5.0
35	62	4.0
35	63	5.0
35	64	6.0
35	65	1.0
35	66	4.0
35	67	4.0
35	68	4.0
35	69	2.0
35	70	4.0
35	71	7.0
35	72	5.0
35	73	6.0
35	74	4.0
35	75	8.0
35	76	3.0
35	77	3.0
35	78	2.0
35	79	4.0
35	80	3.0
35	81	4.0
35	82	6.0
35	83	4.0
35	84	2.0
35	85	4.0
35	86	5.0
35	87	2.0
35	89	3.0
35	90	5.0
35	91	2.0
35	92	3.0
35	93	5.0
35	94	3.0
35	95	3.0
35	96	1.0
35	97	1.0
35	98	3.0
35	99	3.0
35	100	2.0
35	101	1.0
35	102	5.0
35	103	3.0
35	104	1.0
35	105	1.0
35	106	3.0
35	107	5.0
35	108	1.0
35	109	6.0
35	110	4.0
35	111	6.0
35	112	4.0
35	113	2.0
35	114	5.0
35	115	8.0
35	116	3.0
35	117	3.0
35	118	4.0
35	119	5.0
35	120	1.0
35	121	2.0
35	122	2.0
36	37	53.0
36	38	20.0
36	39	15.0
36	40	17.0
36	41	8.0
36	42	14.0
36	43	7.0
36	44	6.0
36	45	4.0
36	46	7.0
36	47	2.0
36	48	4.0
36	49	4.0
36	50	5.0
36	51	9.0
36	52	5.0
36	53	3.0
36	54	2.0
36	55	3.0
36	56	6.0
36	57	3.0
36	58	1.0
36	59	3.0
36	60	3.0
36	61	3.0
36	62	3.0
36	63	5.0
36	64	1.0
36	66	2.0
36	67	6.0
36	68	2.0
36	69	5.0
36	70	3.0
36	71	7.0
36	72	4.0
36	73	3.0
36	74	6.0
36	75	3.0
36	76	2.0
36	77	4.0
36	78	10.0
36	79	3.0
36	80	3.0
36	81	6.0
36	82	4.0
36	83	6.0
36	84	3.0
36	85	4.0
36	86	2.0
36	87	8.0
36	88	2.0
36	89	1.0
36	90	6.0
36	91	5.0
36	92	2.0
36	93	4.0
36	94	7.0
36	95	4.0
36	97	5.0
36	98	3.0
36	99	1.0
36	100	5.0
36	101	6.0
36	102	1.0
36	103	1.0
36	104	3.0
36	105	3.0
36	106	1.0
36	107	1.0
36	108	3.0
36	109	4.0
36	110	6.0
36	111	7.0
36	112	7.0
36	113	4.0
36	114	3.0
36	115	2.0
36	116	3.0
36	117	4.0
36	118	2.0
36	119	1.0
36	120	7.0
36	121	3.0
36	122	3.0
37	38	42.0
37	39	17.0
37	40	17.0
37	41	13.0
37	42	10.0
37	43	10.0
37	44	12.0
37	45	10.0
37	46	3.0
37	47	4.0
37	48	7.0
37	49	6.0
37	50	7.0
37	51	9.0
37	52	8.0
37	53	6.0
37	54	5.0
37	55	3.0
37	56	2.0
37	57	3.0
37	58	8.0
37	59	4.0
37	60	2.0
37	61	3.0
37	62	4.0
37	63	8.0
37	64	5.0
37	65	5.0
37	66	3.0
37	67	6.0
37	68	5.0
37	69	1.0
37	70	5.0
37	71	3.0
37	73	3.0
37	74	9.0
37	75	3.0
37	76	5.0
37	77	1.0
37	78	4.0
37	79	2.0
37	80	6.0
37	81	5.0
37	82	2.0
37	83	2.0
37	84	3.0
37	85	1.0
37	86	4.0
37	87	4.0
37	88	7.0
37	89	3.0
37	90	5.0
37	91	3.0
37	92	5.0
37	93	5.0
37	94	5.0
37	95	2.0
37	96	3.0
37	97	5.0
37	98	3.0
37	99	2.0
37	100	2.0
37	101	2.0
37	102	2.0
37	103	5.0
37	104	2.0
37	105	1.0
37	106	3.0
37	107	3.0
37	108	4.0
37	109	3.0
37	110	3.0
37	111	4.0
37	112	3.0
37	113	1.0
37	114	3.0
37	115	7.0
37	116	6.0
37	117	2.0
37	118	5.0
37	119	3.0
37	120	1.0
37	121	4.0
37	122	5.0
38	39	32.0
38	40	18.0
38	41	23.0
38	42	12.0
38	43	10.0
38	44	9.0
38	45	6.0
38	46	8.0
38	47	10.0
38	48	10.0
38	49	5.0
38	50	9.0
38	51	11.0
38	52	3.0
38	53	10.0
38	54	10.0
38	55	8.0
38	56	6.0
38	57	7.0
38	58	6.0
38	59	3.0
38	60	9.0
38	61	3.0
38	62	7.0
38	63	6.0
38	64	2.0
38	65	3.0
38	66	9.0
38	67	2.0
38	68	3.0
38	69	2.0
38	70	6.0
38	71	8.0
38	72	1.0
38	73	3.0
38	74	5.0
38	75	3.0
38	76	6.0
38	77	5.0
38	78	4.0
38	79	1.0
38	80	1.0
38	81	3.0
38	82	2.0
38	83	6.0
38	84	6.0
38	85	7.0
38	86	11.0
38	87	1.0
38	88	1.0
38	89	6.0
38	90	2.0
38	91	1.0
38	92	1.0
38	93	1.0
38	94	5.0
38	95	2.0
38	96	2.0
38	97	7.0
38	98	5.0
38	99	3.0
38	100	6.0
38	101	2.0
38	102	5.0
38	103	4.0
38	104	1.0
38	105	3.0
38	106	2.0
38	107	5.0
38	108	4.0
38	110	3.0
38	111	3.0
38	112	4.0
38	113	1.0
38	114	3.0
38	115	5.0
38	116	4.0
38	117	4.0
38	118	2.0
38	119	4.0
38	120	3.0
38	121	3.0
38	122	4.0
39	40	41.0
39	41	22.0
39	42	18.0
39	43	14.0
39	44	12.0
39	45	9.0
39	46	5.0
39	47	11.0
39	48	10.0
39	49	16.0
39	50	8.0
39	51	5.0
39	52	8.0
39	53	5.0
39	54	8.0
39	55	6.0
39	56	9.0
39	57	12.0
39	58	7.0
39	59	5.0
39	60	7.0
39	61	5.0
39	62	8.0
39	63	3.0
39	64	5.0
39	65	9.0
39	66	1.0
39	67	3.0
39	68	7.0
39	69	9.0
39	70	6.0
39	71	8.0
39	72	4.0
39	73	5.0
39	74	5.0
39	75	4.0
39	76	5.0
39	77	6.0
39	78	7.0
39	79	5.0
39	80	7.0
39	81	3.0
39	82	8.0
39	83	3.0
39	84	6.0
39	85	6.0
39	86	5.0
39	88	4.0
39	89	8.0
39	90	6.0
39	91	5.0
39	92	6.0
39	93	2.0
39	94	4.0
39	95	4.0
39	96	3.0
39	97	4.0
39	98	6.0
39	99	5.0
39	100	7.0
39	101	4.0
39	102	2.0
39	103	2.0
39	104	3.0
39	105	5.0
39	106	3.0
39	107	5.0
39	108	5.0
39	109	2.0
39	110	2.0
39	111	7.0
39	112	7.0
39	113	5.0
39	114	7.0
39	115	4.0
39	116	4.0
39	117	8.0
39	118	6.0
39	119	6.0
39	120	4.0
39	121	3.0
39	122	5.0
40	41	33.0
40	42	35.0
40	43	18.0
40	44	11.0
40	45	10.0
40	46	4.0
40	47	12.0
40	48	12.0
40	49	10.0
40	50	9.0
40	51	7.0
40	52	10.0
40	53	11.0
40	54	13.0
40	55	12.0
40	56	10.0
40	57	13.0
40	58	12.0
40	59	7.0
40	60	9.0
40	61	7.0
40	62	5.0
40	63	7.0
40	64	5.0
40	65	4.0
40	66	8.0
40	67	9.0
40	68	5.0
40	69	7.0
40	70	6.0
40	71	8.0
40	72	11.0
40	73	12.0
40	75	4.0
40	76	2.0
40	77	2.0
40	78	8.0
40	79	5.0
40	80	6.0
40	82	6.0
40	83	5.0
40	84	7.0
40	85	2.0
40	86	6.0
40	87	3.0
40	88	4.0
40	89	3.0
40	90	4.0
40	91	7.0
40	92	2.0
40	93	7.0
40	94	5.0
40	95	3.0
40	96	3.0
40	97	3.0
40	98	3.0
40	99	6.0
40	100	6.0
40	101	4.0
40	102	4.0
40	103	6.0
40	104	5.0
40	105	5.0
40	106	3.0
40	107	5.0
40	108	4.0
40	109	4.0
40	110	8.0
40	111	6.0
40	112	3.0
40	113	3.0
40	114	3.0
40	115	6.0
40	116	2.0
40	117	4.0
40	118	2.0
40	119	10.0
40	120	6.0
40	121	13.0
40	122	4.0
41	42	41.0
41	43	20.0
41	44	15.0
41	45	15.0
41	46	16.0
41	47	11.0
41	48	13.0
41	49	12.0
41	50	21.0
41	51	11.0
41	52	7.0
41	53	10.0
41	54	8.0
41	55	13.0
41	56	12.0
41	57	6.0
41	58	9.0
41	59	9.0
41	60	8.0
41	61	8.0
41	62	7.0
41	63	8.0
41	64	4.0
41	65	8.0
41	66	6.0
41	67	10.0
41	68	5.0
41	69	5.0
41	70	6.0
41	71	7.0
41	72	6.0
41	73	5.0
41	74	5.0
41	75	9.0
41	76	5.0
41	77	8.0
41	78	8.0
41	79	4.0
41	80	5.0
41	81	2.0
41	82	7.0
41	83	5.0
41	84	3.0
41	85	6.0
41	86	6.0
41	87	6.0
41	88	6.0
41	89	4.0
41	90	6.0
41	91	4.0
41	92	4.0
41	93	7.0
41	94	4.0
41	95	2.0
41	96	1.0
41	97	1.0
41	98	8.0
41	99	2.0
41	100	3.0
41	101	9.0
41	102	6.0
41	103	2.0
41	104	5.0
41	105	9.0
41	106	2.0
41	107	4.0
41	108	3.0
41	109	4.0
41	110	4.0
41	111	6.0
41	112	5.0
41	113	7.0
41	114	6.0
41	115	7.0
41	116	3.0
41	117	12.0
41	118	7.0
41	119	6.0
41	120	5.0
41	121	7.0
41	122	9.0
42	43	30.0
42	44	21.0
42	45	14.0
42	46	8.0
42	47	14.0
42	48	15.0
42	49	16.0
42	50	15.0
42	51	21.0
42	52	9.0
42	53	8.0
42	54	9.0
42	55	6.0
42	56	9.0
42	57	13.0
42	58	11.0
42	59	10.0
42	60	6.0
42	61	6.0
42	62	6.0
42	63	12.0
42	64	9.0
42	65	10.0
42	66	10.0
42	67	6.0
42	68	7.0
42	69	6.0
42	70	5.0
42	71	3.0
42	72	6.0
42	73	8.0
42	74	6.0
42	75	7.0
42	76	2.0
42	77	10.0
42	78	5.0
42	79	1.0
42	80	7.0
42	81	4.0
42	82	4.0
42	83	5.0
42	84	4.0
42	85	11.0
42	86	5.0
42	87	1.0
42	88	5.0
42	89	1.0
42	90	8.0
42	91	4.0
42	92	5.0
42	93	6.0
42	94	6.0
42	95	6.0
42	96	3.0
42	97	2.0
42	98	10.0
42	99	5.0
42	100	4.0
42	101	7.0
42	102	2.0
42	103	5.0
42	104	1.0
42	105	5.0
42	106	5.0
42	107	3.0
42	108	5.0
42	109	5.0
42	110	6.0
42	111	9.0
42	112	6.0
42	113	8.0
42	114	3.0
42	115	5.0
42	116	6.0
42	117	6.0
42	118	3.0
42	119	4.0
42	120	3.0
42	121	10.0
42	122	8.0
43	44	34.0
43	45	16.0
43	46	19.0
43	47	21.0
43	48	7.0
43	49	9.0
43	50	11.0
43	51	13.0
43	52	9.0
43	53	9.0
43	54	4.0
43	55	13.0
43	56	7.0
43	57	4.0
43	58	7.0
43	59	7.0
43	60	2.0
43	61	9.0
43	62	5.0
43	63	6.0
43	64	10.0
43	65	9.0
43	66	10.0
43	67	10.0
43	68	7.0
43	69	8.0
43	70	9.0
43	71	6.0
43	72	5.0
43	73	7.0
43	74	5.0
43	75	4.0
43	76	3.0
43	77	4.0
43	78	6.0
43	79	6.0
43	80	9.0
43	81	3.0
43	82	5.0
43	83	4.0
43	84	7.0
43	85	6.0
43	86	3.0
43	87	5.0
43	88	7.0
43	89	10.0
43	90	6.0
43	91	1.0
43	92	2.0
43	93	5.0
43	94	7.0
43	95	10.0
43	96	3.0
43	97	6.0
43	98	10.0
43	99	6.0
43	100	2.0
43	101	6.0
43	102	1.0
43	103	1.0
43	104	3.0
43	105	3.0
43	106	5.0
43	107	8.0
43	108	4.0
43	109	9.0
43	110	8.0
43	111	2.0
43	112	12.0
43	114	7.0
43	115	6.0
43	116	7.0
43	117	7.0
43	118	7.0
43	119	3.0
43	120	2.0
43	121	6.0
43	122	6.0
44	45	38.0
44	46	24.0
44	47	22.0
44	48	9.0
44	49	9.0
44	50	9.0
44	51	7.0
44	52	4.0
44	53	12.0
44	54	7.0
44	55	15.0
44	56	9.0
44	57	6.0
44	58	9.0
44	59	6.0
44	60	8.0
44	61	7.0
44	62	4.0
44	63	7.0
44	64	14.0
44	65	8.0
44	66	9.0
44	67	8.0
44	68	7.0
44	69	7.0
44	70	8.0
44	71	5.0
44	72	8.0
44	73	6.0
44	74	4.0
44	75	8.0
44	76	5.0
44	77	6.0
44	78	11.0
44	79	3.0
44	80	4.0
44	81	6.0
44	83	9.0
44	84	2.0
44	85	6.0
44	86	8.0
44	87	2.0
44	88	3.0
44	89	6.0
44	90	6.0
44	91	6.0
44	92	7.0
44	93	7.0
44	94	5.0
44	95	1.0
44	96	3.0
44	97	5.0
44	98	1.0
44	99	2.0
44	100	9.0
44	101	4.0
44	102	2.0
44	103	2.0
44	104	4.0
44	105	4.0
44	106	4.0
44	107	6.0
44	108	6.0
44	109	7.0
44	110	4.0
44	111	10.0
44	112	5.0
44	113	6.0
44	114	6.0
44	115	4.0
44	116	7.0
44	117	4.0
44	118	10.0
44	119	4.0
44	120	6.0
44	121	3.0
44	122	11.0
45	46	39.0
45	47	21.0
45	48	19.0
45	49	20.0
45	50	13.0
45	51	18.0
45	52	12.0
45	53	8.0
45	54	9.0
45	55	12.0
45	56	9.0
45	57	14.0
45	58	8.0
45	59	11.0
45	60	11.0
45	61	13.0
45	62	13.0
45	63	7.0
45	64	4.0
45	65	10.0
45	66	8.0
45	67	11.0
45	68	11.0
45	69	4.0
45	70	11.0
45	71	5.0
45	72	8.0
45	73	7.0
45	74	7.0
45	75	5.0
45	76	9.0
45	77	3.0
45	78	8.0
45	79	7.0
45	80	3.0
45	81	10.0
45	82	7.0
45	83	10.0
45	84	2.0
45	85	6.0
45	86	3.0
45	87	5.0
45	88	3.0
45	89	6.0
45	90	6.0
45	91	9.0
45	92	3.0
45	93	7.0
45	94	4.0
45	95	4.0
45	96	7.0
45	97	5.0
45	98	3.0
45	99	8.0
45	100	2.0
45	101	3.0
45	102	6.0
45	103	4.0
45	104	5.0
45	105	4.0
45	106	3.0
45	107	4.0
45	108	7.0
45	109	4.0
45	110	5.0
45	111	3.0
45	112	4.0
45	113	2.0
45	114	3.0
45	115	4.0
45	116	5.0
45	117	4.0
45	118	4.0
45	119	7.0
45	120	6.0
45	121	4.0
45	122	10.0
46	47	53.0
46	48	26.0
46	49	22.0
46	50	12.0
46	51	24.0
46	52	23.0
46	53	14.0
46	54	11.0
46	55	18.0
46	56	28.0
46	57	27.0
46	58	18.0
46	59	10.0
46	60	13.0
46	61	10.0
46	62	16.0
46	63	9.0
46	64	12.0
46	65	8.0
46	66	14.0
46	67	6.0
46	68	11.0
46	69	9.0
46	70	9.0
46	71	11.0
46	72	5.0
46	73	7.0
46	74	6.0
46	75	7.0
46	76	13.0
46	77	8.0
46	78	7.0
46	79	8.0
46	80	5.0
46	81	6.0
46	82	8.0
46	83	4.0
46	84	10.0
46	85	7.0
46	86	7.0
46	87	8.0
46	88	6.0
46	89	3.0
46	90	6.0
46	91	6.0
46	92	8.0
46	93	6.0
46	94	2.0
46	95	2.0
46	96	9.0
46	97	1.0
46	98	2.0
46	99	6.0
46	100	5.0
46	101	5.0
46	102	1.0
46	103	3.0
46	104	8.0
46	105	4.0
46	106	3.0
46	107	2.0
46	108	2.0
46	109	3.0
46	110	7.0
46	111	5.0
46	112	6.0
46	113	4.0
46	114	8.0
46	115	3.0
46	116	6.0
46	117	7.0
46	118	5.0
46	119	5.0
46	120	7.0
46	121	4.0
46	122	9.0
47	48	41.0
47	49	21.0
47	50	16.0
47	51	22.0
47	52	14.0
47	53	17.0
47	54	17.0
47	55	28.0
47	56	28.0
47	57	25.0
47	58	24.0
47	59	9.0
47	60	10.0
47	61	7.0
47	62	9.0
47	63	12.0
47	64	15.0
47	65	9.0
47	66	17.0
47	67	7.0
47	68	16.0
47	69	10.0
47	70	5.0
47	71	8.0
47	72	7.0
47	73	9.0
47	74	3.0
47	75	7.0
47	76	8.0
47	77	9.0
47	78	7.0
47	79	4.0
47	80	9.0
47	81	4.0
47	82	10.0
47	83	11.0
47	84	5.0
47	85	4.0
47	86	5.0
47	88	2.0
47	89	5.0
47	90	5.0
47	91	7.0
47	92	3.0
47	93	6.0
47	94	3.0
47	95	5.0
47	96	6.0
47	97	3.0
47	98	4.0
47	99	5.0
47	100	7.0
47	101	11.0
47	102	4.0
47	103	5.0
47	104	8.0
47	105	2.0
47	106	7.0
47	107	9.0
47	108	8.0
47	109	9.0
47	110	2.0
47	111	7.0
47	112	3.0
47	113	7.0
47	114	5.0
47	115	9.0
47	116	10.0
47	117	6.0
47	118	6.0
47	119	3.0
47	120	6.0
47	121	8.0
47	122	4.0
48	49	41.0
48	50	21.0
48	51	60.0
48	52	37.0
48	53	26.0
48	54	31.0
48	55	24.0
48	56	22.0
48	57	19.0
48	58	15.0
48	59	11.0
48	60	19.0
48	61	21.0
48	62	14.0
48	63	19.0
48	64	8.0
48	65	15.0
48	66	8.0
48	67	13.0
48	68	7.0
48	69	8.0
48	70	10.0
48	71	11.0
48	72	6.0
48	73	10.0
48	74	6.0
48	75	10.0
48	76	13.0
48	77	10.0
48	78	5.0
48	79	11.0
48	80	12.0
48	81	6.0
48	82	9.0
48	83	10.0
48	84	13.0
48	85	11.0
48	86	6.0
48	87	6.0
48	88	6.0
48	89	6.0
48	90	10.0
48	91	6.0
48	92	7.0
48	93	6.0
48	94	7.0
48	95	7.0
48	96	5.0
48	97	2.0
48	98	7.0
48	99	10.0
48	100	6.0
48	101	9.0
48	102	8.0
48	103	6.0
48	104	4.0
48	105	4.0
48	106	4.0
48	107	6.0
48	108	4.0
48	109	2.0
48	110	3.0
48	111	3.0
48	112	4.0
48	113	7.0
48	114	10.0
48	115	9.0
48	116	7.0
48	117	9.0
48	118	2.0
48	119	4.0
48	120	5.0
48	121	8.0
48	122	6.0
49	50	89.0
49	51	110.0
49	52	31.0
49	53	32.0
49	54	27.0
49	55	23.0
49	56	22.0
49	57	22.0
49	58	21.0
49	59	18.0
49	60	16.0
49	61	19.0
49	62	10.0
49	63	17.0
49	64	16.0
49	65	17.0
49	66	10.0
49	67	9.0
49	68	11.0
49	69	14.0
49	70	9.0
49	71	15.0
49	72	11.0
49	73	9.0
49	74	9.0
49	75	19.0
49	76	16.0
49	77	12.0
49	78	7.0
49	79	5.0
49	80	10.0
49	81	20.0
49	82	8.0
49	83	5.0
49	84	15.0
49	85	3.0
49	86	10.0
49	87	9.0
49	88	6.0
49	89	5.0
49	90	14.0
49	91	11.0
49	92	6.0
49	93	9.0
49	94	14.0
49	95	6.0
49	96	2.0
49	97	9.0
49	98	4.0
49	99	10.0
49	100	9.0
49	101	1.0
49	102	7.0
49	103	7.0
49	104	8.0
49	105	4.0
49	106	8.0
49	107	8.0
49	108	9.0
49	109	9.0
49	110	10.0
49	111	10.0
49	112	3.0
49	113	6.0
49	114	7.0
49	115	11.0
49	116	9.0
49	117	11.0
49	118	8.0
49	119	8.0
49	120	11.0
49	121	7.0
49	122	13.0
50	51	48.0
50	52	26.0
50	53	18.0
50	54	23.0
50	55	16.0
50	56	21.0
50	57	22.0
50	58	17.0
50	59	26.0
50	60	22.0
50	61	20.0
50	62	22.0
50	63	14.0
50	64	14.0
50	65	11.0
50	66	13.0
50	67	15.0
50	68	14.0
50	69	12.0
50	70	16.0
50	71	21.0
50	72	22.0
50	73	15.0
50	74	8.0
50	75	12.0
50	76	12.0
50	77	9.0
50	78	11.0
50	79	10.0
50	80	9.0
50	81	9.0
50	82	2.0
50	83	14.0
50	84	12.0
50	85	8.0
50	86	6.0
50	87	7.0
50	88	6.0
50	89	12.0
50	90	7.0
50	91	7.0
50	92	8.0
50	93	6.0
50	94	15.0
50	95	6.0
50	96	6.0
50	97	6.0
50	98	7.0
50	99	4.0
50	100	9.0
50	101	6.0
50	102	10.0
50	103	4.0
50	104	9.0
50	105	8.0
50	106	8.0
50	107	7.0
50	108	9.0
50	109	6.0
50	110	10.0
50	111	4.0
50	112	6.0
50	113	6.0
50	114	7.0
50	115	6.0
50	116	7.0
50	117	11.0
50	118	9.0
50	119	10.0
50	120	10.0
50	121	10.0
50	122	3.0
51	52	60.0
51	53	29.0
51	54	33.0
51	55	22.0
51	56	21.0
51	57	27.0
51	58	25.0
51	59	19.0
51	60	27.0
51	61	17.0
51	62	17.0
51	63	14.0
51	64	15.0
51	65	11.0
51	66	7.0
51	67	13.0
51	68	11.0
51	69	6.0
51	70	15.0
51	71	13.0
51	72	8.0
51	73	13.0
51	74	12.0
51	75	8.0
51	76	16.0
51	77	11.0
51	78	6.0
51	79	8.0
51	80	4.0
51	81	4.0
51	82	4.0
51	83	6.0
51	84	7.0
51	85	9.0
51	86	4.0
51	87	7.0
51	88	5.0
51	89	7.0
51	90	6.0
51	91	11.0
51	92	5.0
51	93	3.0
51	94	7.0
51	95	4.0
51	96	10.0
51	97	4.0
51	98	6.0
51	99	5.0
51	100	7.0
51	101	8.0
51	102	5.0
51	103	4.0
51	104	8.0
51	105	10.0
51	106	4.0
51	107	4.0
51	108	8.0
51	109	14.0
51	110	6.0
51	111	5.0
51	112	6.0
51	113	7.0
51	114	6.0
51	115	5.0
51	116	10.0
51	117	5.0
51	118	10.0
51	119	8.0
51	120	8.0
51	121	7.0
51	122	6.0
52	53	51.0
52	54	34.0
52	55	18.0
52	56	39.0
52	57	30.0
52	58	23.0
52	59	20.0
52	60	15.0
52	61	22.0
52	62	11.0
52	63	12.0
52	64	15.0
52	65	13.0
52	66	11.0
52	67	10.0
52	68	11.0
52	69	15.0
52	70	21.0
52	71	17.0
52	72	22.0
52	73	12.0
52	74	9.0
52	75	11.0
52	76	15.0
52	77	5.0
52	78	7.0
52	79	10.0
52	80	4.0
52	81	8.0
52	82	12.0
52	83	9.0
52	84	10.0
52	85	4.0
52	86	10.0
52	87	6.0
52	88	5.0
52	89	4.0
52	90	4.0
52	91	6.0
52	92	7.0
52	93	8.0
52	94	7.0
52	95	10.0
52	96	8.0
52	97	7.0
52	98	7.0
52	99	5.0
52	100	10.0
52	101	8.0
52	102	12.0
52	103	3.0
52	104	4.0
52	105	4.0
52	106	10.0
52	107	8.0
52	108	7.0
52	109	7.0
52	110	5.0
52	111	6.0
52	112	5.0
52	113	4.0
52	114	10.0
52	115	10.0
52	116	6.0
52	117	5.0
52	118	6.0
52	119	14.0
52	120	9.0
52	121	8.0
52	122	9.0
53	54	63.0
53	55	25.0
53	56	37.0
53	57	32.0
53	58	32.0
53	59	24.0
53	60	28.0
53	61	24.0
53	62	28.0
53	63	16.0
53	64	20.0
53	65	11.0
53	66	6.0
53	67	11.0
53	68	14.0
53	69	18.0
53	70	16.0
53	71	17.0
53	72	11.0
53	73	9.0
53	74	12.0
53	75	15.0
53	76	16.0
53	77	11.0
53	78	11.0
53	79	10.0
53	80	8.0
53	81	16.0
53	82	11.0
53	83	8.0
53	84	13.0
53	85	8.0
53	86	7.0
53	87	9.0
53	88	3.0
53	89	7.0
53	90	11.0
53	91	10.0
53	92	5.0
53	93	6.0
53	94	3.0
53	95	4.0
53	96	5.0
53	97	4.0
53	98	10.0
53	99	8.0
53	100	7.0
53	101	8.0
53	102	5.0
53	103	6.0
53	104	7.0
53	105	8.0
53	106	7.0
53	107	8.0
53	108	12.0
53	109	4.0
53	110	8.0
53	111	5.0
53	112	12.0
53	113	5.0
53	114	12.0
53	115	5.0
53	116	7.0
53	117	6.0
53	118	9.0
53	119	4.0
53	120	6.0
53	121	9.0
53	122	7.0
54	55	52.0
54	56	56.0
54	57	57.0
54	58	44.0
54	59	30.0
54	60	25.0
54	61	30.0
54	62	24.0
54	63	18.0
54	64	17.0
54	65	15.0
54	66	16.0
54	67	15.0
54	68	13.0
54	69	18.0
54	70	12.0
54	71	6.0
54	72	15.0
54	73	11.0
54	74	10.0
54	75	12.0
54	76	14.0
54	77	18.0
54	78	14.0
54	79	15.0
54	80	11.0
54	81	13.0
54	82	10.0
54	83	11.0
54	84	4.0
54	85	9.0
54	86	10.0
54	87	10.0
54	88	14.0
54	89	11.0
54	90	5.0
54	91	7.0
54	92	9.0
54	93	7.0
54	94	9.0
54	95	10.0
54	96	7.0
54	97	6.0
54	98	2.0
54	99	8.0
54	100	9.0
54	101	7.0
54	102	8.0
54	103	8.0
54	104	13.0
54	105	11.0
54	106	8.0
54	107	6.0
54	108	8.0
54	109	7.0
54	110	9.0
54	111	7.0
54	112	7.0
54	113	10.0
54	114	11.0
54	115	12.0
54	116	5.0
54	117	9.0
54	118	7.0
54	119	7.0
54	120	8.0
54	121	7.0
54	122	9.0
55	56	179.0
55	57	44.0
55	58	33.0
55	59	19.0
55	60	19.0
55	61	36.0
55	62	29.0
55	63	30.0
55	64	27.0
55	65	23.0
55	66	16.0
55	67	23.0
55	68	17.0
55	69	18.0
55	70	18.0
55	71	13.0
55	72	10.0
55	73	8.0
55	74	15.0
55	75	14.0
55	76	17.0
55	77	12.0
55	78	8.0
55	79	9.0
55	80	4.0
55	81	15.0
55	82	8.0
55	83	13.0
55	84	8.0
55	85	16.0
55	86	10.0
55	87	10.0
55	88	8.0
55	89	14.0
55	90	13.0
55	91	6.0
55	92	12.0
55	93	7.0
55	94	11.0
55	95	4.0
55	96	11.0
55	97	3.0
55	98	7.0
55	99	5.0
55	100	8.0
55	101	8.0
55	102	6.0
55	103	4.0
55	104	7.0
55	105	4.0
55	106	4.0
55	107	7.0
55	108	11.0
55	109	7.0
55	110	3.0
55	111	12.0
55	112	6.0
55	113	5.0
55	114	12.0
55	115	5.0
55	116	10.0
55	117	10.0
55	118	11.0
55	119	5.0
55	120	12.0
55	121	8.0
55	122	7.0
56	57	44.0
56	58	23.0
56	59	12.0
56	60	19.0
56	61	38.0
56	62	32.0
56	63	21.0
56	64	26.0
56	65	20.0
56	66	10.0
56	67	19.0
56	68	16.0
56	69	19.0
56	70	14.0
56	71	10.0
56	72	15.0
56	73	10.0
56	74	12.0
56	75	8.0
56	76	16.0
56	77	9.0
56	78	14.0
56	79	16.0
56	80	14.0
56	81	7.0
56	82	14.0
56	83	11.0
56	84	7.0
56	85	13.0
56	86	5.0
56	87	8.0
56	88	6.0
56	89	8.0
56	90	6.0
56	91	6.0
56	92	8.0
56	93	7.0
56	94	7.0
56	95	2.0
56	96	8.0
56	97	5.0
56	98	10.0
56	99	5.0
56	100	6.0
56	101	7.0
56	102	7.0
56	103	2.0
56	104	10.0
56	105	10.0
56	106	6.0
56	107	11.0
56	108	11.0
56	109	7.0
56	110	10.0
56	111	5.0
56	112	7.0
56	113	7.0
56	114	14.0
56	115	12.0
56	116	13.0
56	117	5.0
56	118	8.0
56	119	5.0
56	120	13.0
56	121	2.0
56	122	9.0
57	58	72.0
57	59	39.0
57	60	46.0
57	61	50.0
57	62	33.0
57	63	22.0
57	64	38.0
57	65	31.0
57	66	18.0
57	67	27.0
57	68	23.0
57	69	15.0
57	70	25.0
57	71	17.0
57	72	20.0
57	73	15.0
57	74	10.0
57	75	12.0
57	76	14.0
57	77	13.0
57	78	15.0
57	79	14.0
57	80	17.0
57	81	15.0
57	82	9.0
57	83	11.0
57	84	12.0
57	85	15.0
57	86	8.0
57	87	8.0
57	88	11.0
57	89	11.0
57	90	6.0
57	91	7.0
57	92	8.0
57	93	15.0
57	94	9.0
57	95	7.0
57	96	6.0
57	97	7.0
57	98	9.0
57	99	5.0
57	100	8.0
57	101	7.0
57	102	4.0
57	103	4.0
57	104	5.0
57	105	9.0
57	106	8.0
57	107	8.0
57	108	11.0
57	109	9.0
57	110	7.0
57	111	7.0
57	112	9.0
57	113	4.0
57	114	11.0
57	115	9.0
57	116	5.0
57	117	9.0
57	118	12.0
57	119	7.0
57	120	5.0
57	121	7.0
57	122	5.0
58	59	48.0
58	60	44.0
58	61	186.0
58	62	55.0
58	63	31.0
58	64	26.0
58	65	28.0
58	66	23.0
58	67	33.0
58	68	32.0
58	69	30.0
58	70	23.0
58	71	13.0
58	72	19.0
58	73	23.0
58	74	25.0
58	75	13.0
58	76	12.0
58	77	22.0
58	78	17.0
58	79	9.0
58	80	8.0
58	81	10.0
58	82	19.0
58	83	8.0
58	84	15.0
58	85	20.0
58	86	16.0
58	87	9.0
58	88	10.0
58	89	9.0
58	90	10.0
58	91	8.0
58	92	7.0
58	93	14.0
58	94	8.0
58	95	10.0
58	96	14.0
58	97	5.0
58	98	7.0
58	99	6.0
58	100	8.0
58	101	11.0
58	102	9.0
58	103	7.0
58	104	9.0
58	105	14.0
58	106	9.0
58	107	9.0
58	108	6.0
58	109	6.0
58	110	10.0
58	111	6.0
58	112	6.0
58	113	8.0
58	114	9.0
58	115	12.0
58	116	9.0
58	117	13.0
58	118	7.0
58	119	7.0
58	120	9.0
58	121	9.0
58	122	8.0
59	60	175.0
59	61	41.0
59	62	27.0
59	63	24.0
59	64	21.0
59	65	14.0
59	66	16.0
59	67	28.0
59	68	32.0
59	69	30.0
59	70	32.0
59	71	32.0
59	72	23.0
59	73	21.0
59	74	27.0
59	75	18.0
59	76	25.0
59	77	13.0
59	78	10.0
59	79	16.0
59	80	17.0
59	81	18.0
59	82	15.0
59	83	15.0
59	84	16.0
59	85	13.0
59	86	10.0
59	87	15.0
59	88	9.0
59	89	12.0
59	90	8.0
59	91	12.0
59	92	19.0
59	93	14.0
59	94	15.0
59	95	13.0
59	96	11.0
59	97	9.0
59	98	12.0
59	99	9.0
59	100	2.0
59	101	11.0
59	102	6.0
59	103	9.0
59	104	9.0
59	105	6.0
59	106	9.0
59	107	12.0
59	108	10.0
59	109	11.0
59	110	15.0
59	111	9.0
59	112	12.0
59	113	12.0
59	114	10.0
59	115	13.0
59	116	19.0
59	117	13.0
59	118	11.0
59	119	7.0
59	120	7.0
59	121	19.0
59	122	13.0
60	61	40.0
60	62	25.0
60	63	20.0
60	64	18.0
60	65	21.0
60	66	11.0
60	67	29.0
60	68	30.0
60	69	19.0
60	70	33.0
60	71	34.0
60	72	24.0
60	73	20.0
60	74	8.0
60	75	15.0
60	76	27.0
60	77	16.0
60	78	11.0
60	79	13.0
60	80	18.0
60	81	14.0
60	82	19.0
60	83	17.0
60	84	15.0
60	85	10.0
60	86	15.0
60	87	7.0
60	88	8.0
60	89	14.0
60	90	18.0
60	91	10.0
60	92	11.0
60	93	7.0
60	94	7.0
60	95	15.0
60	96	11.0
60	97	7.0
60	98	12.0
60	99	14.0
60	100	8.0
60	101	4.0
60	102	9.0
60	103	11.0
60	104	5.0
60	105	12.0
60	106	8.0
60	107	6.0
60	108	11.0
60	109	5.0
60	110	14.0
60	111	6.0
60	112	12.0
60	113	4.0
60	114	9.0
60	115	14.0
60	116	15.0
60	117	12.0
60	118	19.0
60	119	11.0
60	120	3.0
60	121	9.0
60	122	12.0
61	62	57.0
61	63	40.0
61	64	38.0
61	65	32.0
61	66	28.0
61	67	35.0
61	68	36.0
61	69	29.0
61	70	32.0
61	71	21.0
61	72	17.0
61	73	18.0
61	74	14.0
61	75	16.0
61	76	18.0
61	77	25.0
61	78	12.0
61	79	15.0
61	80	17.0
61	81	18.0
61	82	12.0
61	83	16.0
61	84	15.0
61	85	7.0
61	86	14.0
61	87	9.0
61	88	14.0
61	89	5.0
61	90	9.0
61	91	9.0
61	92	11.0
61	93	7.0
61	94	11.0
61	95	8.0
61	96	9.0
61	97	10.0
61	98	10.0
61	99	8.0
61	100	3.0
61	101	8.0
61	102	6.0
61	103	7.0
61	104	8.0
61	105	9.0
61	106	15.0
61	107	7.0
61	108	8.0
61	109	8.0
61	110	15.0
61	111	7.0
61	112	9.0
61	113	6.0
61	114	12.0
61	115	9.0
61	116	2.0
61	117	15.0
61	118	8.0
61	119	10.0
61	120	15.0
61	121	4.0
61	122	5.0
62	63	83.0
62	64	60.0
62	65	45.0
62	66	46.0
62	67	54.0
62	68	47.0
62	69	35.0
62	70	21.0
62	71	12.0
62	72	13.0
62	73	17.0
62	74	16.0
62	75	17.0
62	76	16.0
62	77	9.0
62	78	15.0
62	79	22.0
62	80	17.0
62	81	13.0
62	82	8.0
62	83	13.0
62	84	5.0
62	85	14.0
62	86	14.0
62	87	9.0
62	88	7.0
62	89	12.0
62	90	12.0
62	91	8.0
62	92	7.0
62	93	15.0
62	94	9.0
62	95	8.0
62	96	3.0
62	97	8.0
62	98	11.0
62	99	8.0
62	100	11.0
62	101	8.0
62	102	12.0
62	103	13.0
62	104	4.0
62	105	6.0
62	106	7.0
62	107	6.0
62	108	11.0
62	109	6.0
62	110	11.0
62	111	4.0
62	112	10.0
62	113	4.0
62	114	11.0
62	115	15.0
62	116	3.0
62	117	6.0
62	118	6.0
62	119	11.0
62	120	9.0
62	121	5.0
62	122	7.0
63	64	181.0
63	65	131.0
63	66	52.0
63	67	30.0
63	68	37.0
63	69	26.0
63	70	19.0
63	71	19.0
63	72	13.0
63	73	14.0
63	74	19.0
63	75	18.0
63	76	18.0
63	77	9.0
63	78	13.0
63	79	22.0
63	80	14.0
63	81	16.0
63	82	17.0
63	83	16.0
63	84	20.0
63	85	15.0
63	86	11.0
63	87	12.0
63	88	17.0
63	89	5.0
63	90	15.0
63	91	17.0
63	92	8.0
63	93	5.0
63	94	6.0
63	95	10.0
63	96	5.0
63	97	6.0
63	98	12.0
63	99	8.0
63	100	2.0
63	101	9.0
63	102	5.0
63	103	5.0
63	104	9.0
63	105	7.0
63	106	7.0
63	107	8.0
63	108	10.0
63	109	5.0
63	110	4.0
63	111	9.0
63	112	10.0
63	113	8.0
63	114	9.0
63	115	9.0
63	116	15.0
63	117	13.0
63	118	13.0
63	119	12.0
63	120	8.0
63	121	7.0
63	122	5.0
64	65	89.0
64	66	53.0
64	67	43.0
64	68	32.0
64	69	23.0
64	70	11.0
64	71	16.0
64	72	16.0
64	73	23.0
64	74	14.0
64	75	19.0
64	76	22.0
64	77	15.0
64	78	13.0
64	79	15.0
64	80	11.0
64	81	18.0
64	82	12.0
64	83	18.0
64	84	21.0
64	85	12.0
64	86	16.0
64	87	21.0
64	88	16.0
64	89	7.0
64	90	13.0
64	91	5.0
64	92	11.0
64	93	11.0
64	94	15.0
64	95	7.0
64	96	9.0
64	97	6.0
64	98	15.0
64	99	4.0
64	100	9.0
64	101	6.0
64	102	6.0
64	103	8.0
64	104	9.0
64	105	12.0
64	106	10.0
64	107	10.0
64	108	13.0
64	109	13.0
64	110	10.0
64	111	6.0
64	112	10.0
64	113	8.0
64	114	9.0
64	115	8.0
64	116	9.0
64	117	7.0
64	118	9.0
64	119	9.0
64	120	8.0
64	121	11.0
64	122	8.0
65	66	88.0
65	67	41.0
65	68	33.0
65	69	33.0
65	70	19.0
65	71	16.0
65	72	15.0
65	73	17.0
65	74	15.0
65	75	15.0
65	76	22.0
65	77	16.0
65	78	19.0
65	79	16.0
65	80	17.0
65	81	14.0
65	82	7.0
65	83	11.0
65	84	17.0
65	85	11.0
65	86	14.0
65	87	14.0
65	88	19.0
65	89	19.0
65	90	19.0
65	91	8.0
65	92	11.0
65	93	8.0
65	94	10.0
65	95	12.0
65	96	3.0
65	97	4.0
65	98	5.0
65	99	4.0
65	100	7.0
65	101	10.0
65	102	3.0
65	103	6.0
65	104	13.0
65	105	2.0
65	106	8.0
65	107	10.0
65	108	7.0
65	109	3.0
65	110	6.0
65	111	8.0
65	112	3.0
65	113	8.0
65	114	8.0
65	115	9.0
65	116	8.0
65	117	6.0
65	118	7.0
65	119	3.0
65	120	11.0
65	121	2.0
65	122	4.0
66	67	43.0
66	68	49.0
66	69	34.0
66	70	18.0
66	71	16.0
66	72	15.0
66	73	14.0
66	74	14.0
66	75	26.0
66	76	13.0
66	77	17.0
66	78	10.0
66	79	19.0
66	80	12.0
66	81	15.0
66	82	12.0
66	83	8.0
66	84	13.0
66	85	21.0
66	86	17.0
66	87	20.0
66	88	11.0
66	89	8.0
66	90	9.0
66	91	8.0
66	92	9.0
66	93	22.0
66	94	14.0
66	95	6.0
66	96	5.0
66	97	6.0
66	98	7.0
66	99	8.0
66	100	8.0
66	101	11.0
66	102	7.0
66	103	3.0
66	104	7.0
66	105	4.0
66	106	7.0
66	107	8.0
66	108	11.0
66	109	13.0
66	110	11.0
66	111	10.0
66	112	6.0
66	113	9.0
66	114	7.0
66	115	11.0
66	116	10.0
66	117	3.0
66	118	5.0
66	119	12.0
66	120	6.0
66	121	7.0
66	122	9.0
67	68	196.0
67	69	79.0
67	70	32.0
67	71	18.0
67	72	26.0
67	73	29.0
67	74	29.0
67	75	20.0
67	76	25.0
67	77	24.0
67	78	18.0
67	79	21.0
67	80	26.0
67	81	26.0
67	82	19.0
67	83	26.0
67	84	22.0
67	85	29.0
67	86	21.0
67	87	20.0
67	88	16.0
67	89	18.0
67	90	15.0
67	91	15.0
67	92	15.0
67	93	13.0
67	94	14.0
67	95	8.0
67	96	15.0
67	97	8.0
67	98	16.0
67	99	15.0
67	100	6.0
67	101	11.0
67	102	14.0
67	103	6.0
67	104	4.0
67	105	6.0
67	106	10.0
67	107	6.0
67	108	10.0
67	109	7.0
67	110	7.0
67	111	4.0
67	112	7.0
67	113	6.0
67	114	9.0
67	115	9.0
67	116	16.0
67	117	18.0
67	118	12.0
67	119	12.0
67	120	14.0
67	121	11.0
67	122	9.0
68	69	89.0
68	70	24.0
68	71	32.0
68	72	27.0
68	73	31.0
68	74	30.0
68	75	29.0
68	76	31.0
68	77	31.0
68	78	29.0
68	79	30.0
68	80	27.0
68	81	22.0
68	82	25.0
68	83	18.0
68	84	25.0
68	85	19.0
68	86	16.0
68	87	15.0
68	88	18.0
68	89	15.0
68	90	18.0
68	91	10.0
68	92	13.0
68	93	12.0
68	94	10.0
68	95	14.0
68	96	13.0
68	97	9.0
68	98	9.0
68	99	8.0
68	100	12.0
68	101	9.0
68	102	7.0
68	103	7.0
68	104	7.0
68	105	11.0
68	106	10.0
68	107	7.0
68	108	10.0
68	109	6.0
68	110	12.0
68	111	8.0
68	112	13.0
68	113	12.0
68	114	14.0
68	115	14.0
68	116	12.0
68	117	12.0
68	118	8.0
68	119	8.0
68	120	9.0
68	121	9.0
68	122	7.0
69	70	51.0
69	71	27.0
69	72	21.0
69	73	35.0
69	74	34.0
69	75	35.0
69	76	44.0
69	77	30.0
69	78	30.0
69	79	39.0
69	80	27.0
69	81	23.0
69	82	18.0
69	83	16.0
69	84	18.0
69	85	18.0
69	86	21.0
69	87	12.0
69	88	14.0
69	89	11.0
69	90	15.0
69	91	13.0
69	92	14.0
69	93	14.0
69	94	11.0
69	95	16.0
69	96	11.0
69	97	15.0
69	98	11.0
69	99	10.0
69	100	9.0
69	101	9.0
69	102	7.0
69	103	7.0
69	104	7.0
69	105	10.0
69	106	13.0
69	107	13.0
69	108	4.0
69	109	10.0
69	110	13.0
69	111	14.0
69	112	14.0
69	113	11.0
69	114	13.0
69	115	8.0
69	116	7.0
69	117	10.0
69	118	9.0
69	119	12.0
69	120	13.0
69	121	13.0
69	122	8.0
70	71	52.0
70	72	45.0
70	73	79.0
70	74	46.0
70	75	68.0
70	76	96.0
70	77	60.0
70	78	43.0
70	79	35.0
70	80	25.0
70	81	39.0
70	82	42.0
70	83	25.0
70	84	24.0
70	85	29.0
70	86	25.0
70	87	14.0
70	88	15.0
70	89	25.0
70	90	20.0
70	91	20.0
70	92	14.0
70	93	18.0
70	94	15.0
70	95	16.0
70	96	12.0
70	97	12.0
70	98	15.0
70	99	15.0
70	100	15.0
70	101	14.0
70	102	9.0
70	103	9.0
70	104	12.0
70	105	11.0
70	106	9.0
70	107	9.0
70	108	20.0
70	109	10.0
70	110	14.0
70	111	6.0
70	112	12.0
70	113	14.0
70	114	12.0
70	115	12.0
70	116	13.0
70	117	13.0
70	118	14.0
70	119	14.0
70	120	17.0
70	121	12.0
70	122	12.0
71	72	195.0
71	73	57.0
71	74	56.0
71	75	33.0
71	76	34.0
71	77	72.0
71	78	27.0
71	79	16.0
71	80	18.0
71	81	44.0
71	82	30.0
71	83	35.0
71	84	25.0
71	85	19.0
71	86	13.0
71	87	17.0
71	88	17.0
71	89	16.0
71	90	22.0
71	91	19.0
71	92	10.0
71	93	23.0
71	94	19.0
71	95	12.0
71	96	9.0
71	97	8.0
71	98	10.0
71	99	14.0
71	100	8.0
71	101	12.0
71	102	12.0
71	103	14.0
71	104	11.0
71	105	16.0
71	106	12.0
71	107	10.0
71	108	12.0
71	109	15.0
71	110	15.0
71	111	13.0
71	112	13.0
71	113	14.0
71	114	17.0
71	115	15.0
71	116	20.0
71	117	22.0
71	118	13.0
71	119	16.0
71	120	13.0
71	121	13.0
71	122	10.0
72	73	44.0
72	74	60.0
72	75	32.0
72	76	50.0
72	77	86.0
72	78	42.0
72	79	26.0
72	80	25.0
72	81	42.0
72	82	34.0
72	83	17.0
72	84	37.0
72	85	24.0
72	86	20.0
72	87	15.0
72	88	14.0
72	89	7.0
72	90	13.0
72	91	15.0
72	92	21.0
72	93	13.0
72	94	14.0
72	95	15.0
72	96	10.0
72	97	17.0
72	98	20.0
72	99	7.0
72	100	11.0
72	101	19.0
72	102	12.0
72	103	11.0
72	104	12.0
72	105	12.0
72	106	17.0
72	107	12.0
72	108	15.0
72	109	12.0
72	110	11.0
72	111	7.0
72	112	16.0
72	113	10.0
72	114	13.0
72	115	14.0
72	116	22.0
72	117	24.0
72	118	13.0
72	119	14.0
72	120	9.0
72	121	18.0
72	122	13.0
73	74	91.0
73	75	71.0
73	76	137.0
73	77	104.0
73	78	65.0
73	79	36.0
73	80	49.0
73	81	67.0
73	82	62.0
73	83	34.0
73	84	47.0
73	85	49.0
73	86	31.0
73	87	24.0
73	88	20.0
73	89	23.0
73	90	19.0
73	91	19.0
73	92	13.0
73	93	14.0
73	94	18.0
73	95	24.0
73	96	16.0
73	97	14.0
73	98	15.0
73	99	18.0
73	100	15.0
73	101	17.0
73	102	6.0
73	103	12.0
73	104	5.0
73	105	12.0
73	106	15.0
73	107	16.0
73	108	17.0
73	109	13.0
73	110	14.0
73	111	15.0
73	112	9.0
73	113	7.0
73	114	20.0
73	115	20.0
73	116	21.0
73	117	20.0
73	118	13.0
73	119	18.0
73	120	13.0
73	121	18.0
73	122	17.0
74	75	70.0
74	76	97.0
74	77	122.0
74	78	65.0
74	79	29.0
74	80	39.0
74	81	84.0
74	82	37.0
74	83	33.0
74	84	45.0
74	85	44.0
74	86	31.0
74	87	13.0
74	88	14.0
74	89	25.0
74	90	41.0
74	91	22.0
74	92	17.0
74	93	14.0
74	94	14.0
74	95	16.0
74	96	14.0
74	97	19.0
74	98	14.0
74	99	17.0
74	100	19.0
74	101	19.0
74	102	6.0
74	103	11.0
74	104	12.0
74	105	14.0
74	106	20.0
74	107	18.0
74	108	24.0
74	109	15.0
74	110	5.0
74	111	14.0
74	112	13.0
74	113	13.0
74	114	11.0
74	115	21.0
74	116	30.0
74	117	24.0
74	118	30.0
74	119	19.0
74	120	15.0
74	121	15.0
74	122	19.0
75	76	131.0
75	77	47.0
75	78	87.0
75	79	51.0
75	80	70.0
75	81	67.0
75	82	43.0
75	83	34.0
75	84	48.0
75	85	45.0
75	86	27.0
75	87	15.0
75	88	11.0
75	89	21.0
75	90	27.0
75	91	23.0
75	92	19.0
75	93	29.0
75	94	17.0
75	95	13.0
75	96	13.0
75	97	10.0
75	98	13.0
75	99	9.0
75	100	14.0
75	101	13.0
75	102	8.0
75	103	14.0
75	104	8.0
75	105	12.0
75	106	12.0
75	107	18.0
75	108	20.0
75	109	17.0
75	110	16.0
75	111	15.0
75	112	12.0
75	113	14.0
75	114	15.0
75	115	18.0
75	116	15.0
75	117	17.0
75	118	26.0
75	119	14.0
75	120	15.0
75	121	16.0
75	122	16.0
76	77	77.0
76	78	96.0
76	79	39.0
76	80	44.0
76	81	61.0
76	82	56.0
76	83	41.0
76	84	65.0
76	85	44.0
76	86	30.0
76	87	17.0
76	88	20.0
76	89	26.0
76	90	22.0
76	91	30.0
76	92	21.0
76	93	15.0
76	94	26.0
76	95	18.0
76	96	20.0
76	97	11.0
76	98	10.0
76	99	15.0
76	100	13.0
76	101	15.0
76	102	11.0
76	103	14.0
76	104	8.0
76	105	15.0
76	106	14.0
76	107	11.0
76	108	13.0
76	109	14.0
76	110	15.0
76	111	11.0
76	112	11.0
76	113	13.0
76	114	16.0
76	115	16.0
76	116	17.0
76	117	15.0
76	118	17.0
76	119	17.0
76	120	10.0
76	121	19.0
76	122	12.0
77	78	55.0
77	79	32.0
77	80	31.0
77	81	76.0
77	82	52.0
77	83	36.0
77	84	46.0
77	85	36.0
77	86	22.0
77	87	18.0
77	88	18.0
77	89	23.0
77	90	22.0
77	91	14.0
77	92	20.0
77	93	19.0
77	94	14.0
77	95	16.0
77	96	9.0
77	97	17.0
77	98	7.0
77	99	13.0
77	100	13.0
77	101	18.0
77	102	7.0
77	103	9.0
77	104	12.0
77	105	15.0
77	106	18.0
77	107	14.0
77	108	24.0
77	109	13.0
77	110	16.0
77	111	11.0
77	112	11.0
77	113	11.0
77	114	10.0
77	115	26.0
77	116	27.0
77	117	18.0
77	118	13.0
77	119	15.0
77	120	12.0
77	121	13.0
77	122	7.0
78	79	66.0
78	80	93.0
78	81	81.0
78	82	90.0
78	83	46.0
78	84	108.0
78	85	90.0
78	86	31.0
78	87	16.0
78	88	26.0
78	89	28.0
78	90	27.0
78	91	35.0
78	92	18.0
78	93	26.0
78	94	20.0
78	95	23.0
78	96	17.0
78	97	16.0
78	98	10.0
78	99	17.0
78	100	20.0
78	101	30.0
78	102	14.0
78	103	20.0
78	104	11.0
78	105	23.0
78	106	16.0
78	107	16.0
78	108	23.0
78	109	13.0
78	110	27.0
78	111	9.0
78	112	13.0
78	113	17.0
78	114	15.0
78	115	16.0
78	116	19.0
78	117	18.0
78	118	18.0
78	119	12.0
78	120	16.0
78	121	21.0
78	122	14.0
79	80	132.0
79	81	37.0
79	82	36.0
79	83	51.0
79	84	38.0
79	85	43.0
79	86	39.0
79	87	28.0
79	88	12.0
79	89	23.0
79	90	28.0
79	91	23.0
79	92	21.0
79	93	24.0
79	94	17.0
79	95	19.0
79	96	16.0
79	97	18.0
79	98	9.0
79	99	18.0
79	100	23.0
79	101	11.0
79	102	14.0
79	103	7.0
79	104	11.0
79	105	16.0
79	106	13.0
79	107	12.0
79	108	12.0
79	109	10.0
79	110	14.0
79	111	19.0
79	112	13.0
79	113	15.0
79	114	14.0
79	115	17.0
79	116	9.0
79	117	20.0
79	118	9.0
79	119	18.0
79	120	15.0
79	121	15.0
79	122	11.0
80	81	42.0
80	82	73.0
80	83	65.0
80	84	54.0
80	85	106.0
80	86	32.0
80	87	23.0
80	88	24.0
80	89	27.0
80	90	34.0
80	91	26.0
80	92	32.0
80	93	26.0
80	94	24.0
80	95	27.0
80	96	19.0
80	97	17.0
80	98	14.0
80	99	24.0
80	100	13.0
80	101	19.0
80	102	9.0
80	103	15.0
80	104	15.0
80	105	18.0
80	106	15.0
80	107	16.0
80	108	14.0
80	109	12.0
80	110	10.0
80	111	8.0
80	112	16.0
80	113	18.0
80	114	7.0
80	115	16.0
80	116	14.0
80	117	14.0
80	118	21.0
80	119	13.0
80	120	10.0
80	121	12.0
80	122	17.0
81	82	65.0
81	83	60.0
81	84	103.0
81	85	53.0
81	86	35.0
81	87	18.0
81	88	28.0
81	89	33.0
81	90	45.0
81	91	26.0
81	92	17.0
81	93	21.0
81	94	46.0
81	95	28.0
81	96	24.0
81	97	10.0
81	98	15.0
81	99	28.0
81	100	23.0
81	101	15.0
81	102	24.0
81	103	10.0
81	104	12.0
81	105	15.0
81	106	25.0
81	107	27.0
81	108	17.0
81	109	23.0
81	110	14.0
81	111	18.0
81	112	14.0
81	113	13.0
81	114	14.0
81	115	29.0
81	116	23.0
81	117	20.0
81	118	25.0
81	119	16.0
81	120	9.0
81	121	15.0
81	122	13.0
82	83	143.0
82	84	158.0
82	85	167.0
82	86	56.0
82	87	23.0
82	88	24.0
82	89	39.0
82	90	42.0
82	91	33.0
82	92	21.0
82	93	24.0
82	94	24.0
82	95	35.0
82	96	26.0
82	97	17.0
82	98	15.0
82	99	11.0
82	100	24.0
82	101	21.0
82	102	11.0
82	103	9.0
82	104	14.0
82	105	17.0
82	106	19.0
82	107	21.0
82	108	23.0
82	109	10.0
82	110	14.0
82	111	16.0
82	112	16.0
82	113	13.0
82	114	9.0
82	115	21.0
82	116	13.0
82	117	18.0
82	118	14.0
82	119	16.0
82	120	14.0
82	121	15.0
82	122	11.0
83	84	107.0
83	85	168.0
83	86	90.0
83	87	31.0
83	88	33.0
83	89	65.0
83	90	61.0
83	91	35.0
83	92	27.0
83	93	32.0
83	94	34.0
83	95	31.0
83	96	25.0
83	97	13.0
83	98	19.0
83	99	38.0
83	100	26.0
83	101	16.0
83	102	13.0
83	103	12.0
83	104	20.0
83	105	19.0
83	106	13.0
83	107	19.0
83	108	23.0
83	109	15.0
83	110	17.0
83	111	4.0
83	112	9.0
83	113	10.0
83	114	14.0
83	115	16.0
83	116	19.0
83	117	17.0
83	118	18.0
83	119	12.0
83	120	18.0
83	121	9.0
83	122	13.0
84	85	100.0
84	86	47.0
84	87	18.0
84	88	19.0
84	89	35.0
84	90	53.0
84	91	40.0
84	92	27.0
84	93	46.0
84	94	32.0
84	95	40.0
84	96	27.0
84	97	13.0
84	98	22.0
84	99	24.0
84	100	10.0
84	101	12.0
84	102	10.0
84	103	15.0
84	104	18.0
84	105	9.0
84	106	17.0
84	107	18.0
84	108	18.0
84	109	15.0
84	110	16.0
84	111	10.0
84	112	8.0
84	113	13.0
84	114	21.0
84	115	19.0
84	116	21.0
84	117	26.0
84	118	19.0
84	119	17.0
84	120	16.0
84	121	19.0
84	122	21.0
85	86	58.0
85	87	24.0
85	88	23.0
85	89	49.0
85	90	41.0
85	91	32.0
85	92	27.0
85	93	28.0
85	94	48.0
85	95	24.0
85	96	20.0
85	97	16.0
85	98	19.0
85	99	23.0
85	100	25.0
85	101	18.0
85	102	14.0
85	103	16.0
85	104	12.0
85	105	14.0
85	106	18.0
85	107	20.0
85	108	15.0
85	109	18.0
85	110	15.0
85	111	8.0
85	112	16.0
85	113	13.0
85	114	7.0
85	115	13.0
85	116	28.0
85	117	22.0
85	118	8.0
85	119	10.0
85	120	9.0
85	121	14.0
85	122	13.0
86	87	37.0
86	88	30.0
86	89	100.0
86	90	52.0
86	91	39.0
86	92	36.0
86	93	40.0
86	94	41.0
86	95	38.0
86	96	28.0
86	97	26.0
86	98	16.0
86	99	16.0
86	100	20.0
86	101	13.0
86	102	14.0
86	103	11.0
86	104	17.0
86	105	23.0
86	106	11.0
86	107	19.0
86	108	15.0
86	109	11.0
86	110	8.0
86	111	13.0
86	112	14.0
86	113	15.0
86	114	13.0
86	115	19.0
86	116	17.0
86	117	13.0
86	118	17.0
86	119	7.0
86	120	11.0
86	121	10.0
86	122	12.0
87	88	294.0
87	89	40.0
87	90	31.0
87	91	32.0
87	92	37.0
87	93	33.0
87	94	23.0
87	95	21.0
87	96	25.0
87	97	16.0
87	98	12.0
87	99	17.0
87	100	22.0
87	101	16.0
87	102	12.0
87	103	10.0
87	104	15.0
87	105	11.0
87	106	19.0
87	107	12.0
87	108	21.0
87	109	9.0
87	110	11.0
87	111	11.0
87	112	10.0
87	113	14.0
87	114	10.0
87	115	9.0
87	116	10.0
87	117	12.0
87	118	8.0
87	119	4.0
87	120	4.0
87	121	6.0
87	122	9.0
88	89	47.0
88	90	25.0
88	91	30.0
88	92	28.0
88	93	30.0
88	94	18.0
88	95	26.0
88	96	27.0
88	97	16.0
88	98	14.0
88	99	16.0
88	100	16.0
88	101	10.0
88	102	8.0
88	103	13.0
88	104	13.0
88	105	11.0
88	106	18.0
88	107	11.0
88	108	12.0
88	109	12.0
88	110	6.0
88	111	9.0
88	112	19.0
88	113	9.0
88	114	9.0
88	115	8.0
88	116	11.0
88	117	9.0
88	118	14.0
88	119	13.0
88	120	12.0
88	121	9.0
88	122	10.0
89	90	54.0
89	91	39.0
89	92	47.0
89	93	63.0
89	94	49.0
89	95	44.0
89	96	30.0
89	97	24.0
89	98	28.0
89	99	21.0
89	100	18.0
89	101	20.0
89	102	14.0
89	103	16.0
89	104	10.0
89	105	17.0
89	106	20.0
89	107	14.0
89	108	17.0
89	109	16.0
89	110	7.0
89	111	17.0
89	112	6.0
89	113	13.0
89	114	12.0
89	115	11.0
89	116	16.0
89	117	20.0
89	118	9.0
89	119	12.0
89	120	5.0
89	121	11.0
89	122	8.0
90	91	108.0
90	92	45.0
90	93	51.0
90	94	73.0
90	95	42.0
90	96	29.0
90	97	17.0
90	98	27.0
90	99	28.0
90	100	27.0
90	101	22.0
90	102	18.0
90	103	15.0
90	104	21.0
90	105	30.0
90	106	29.0
90	107	25.0
90	108	23.0
90	109	19.0
90	110	19.0
90	111	20.0
90	112	24.0
90	113	14.0
90	114	16.0
90	115	20.0
90	116	26.0
90	117	25.0
90	118	21.0
90	119	11.0
90	120	9.0
90	121	13.0
90	122	9.0
91	92	43.0
91	93	64.0
91	94	73.0
91	95	66.0
91	96	29.0
91	97	23.0
91	98	23.0
91	99	46.0
91	100	29.0
91	101	18.0
91	102	22.0
91	103	16.0
91	104	22.0
91	105	31.0
91	106	36.0
91	107	22.0
91	108	28.0
91	109	26.0
91	110	26.0
91	111	20.0
91	112	17.0
91	113	12.0
91	114	28.0
91	115	33.0
91	116	33.0
91	117	22.0
91	118	26.0
91	119	19.0
91	120	12.0
91	121	20.0
91	122	11.0
92	93	142.0
92	94	63.0
92	95	81.0
92	96	86.0
92	97	38.0
92	98	35.0
92	99	48.0
92	100	23.0
92	101	19.0
92	102	9.0
92	103	14.0
92	104	19.0
92	105	20.0
92	106	18.0
92	107	20.0
92	108	12.0
92	109	15.0
92	110	22.0
92	111	23.0
92	112	13.0
92	113	14.0
92	114	11.0
92	115	18.0
92	116	18.0
92	117	16.0
92	118	20.0
92	119	12.0
92	120	4.0
92	121	10.0
92	122	6.0
93	94	80.0
93	95	63.0
93	96	62.0
93	97	29.0
93	98	40.0
93	99	42.0
93	100	36.0
93	101	18.0
93	102	11.0
93	103	11.0
93	104	13.0
93	105	24.0
93	106	27.0
93	107	19.0
93	108	21.0
93	109	17.0
93	110	13.0
93	111	20.0
93	112	13.0
93	113	22.0
93	114	23.0
93	115	20.0
93	116	24.0
93	117	13.0
93	118	13.0
93	119	9.0
93	120	16.0
93	121	12.0
93	122	13.0
94	95	121.0
94	96	55.0
94	97	33.0
94	98	46.0
94	99	47.0
94	100	39.0
94	101	23.0
94	102	20.0
94	103	12.0
94	104	18.0
94	105	21.0
94	106	28.0
94	107	26.0
94	108	16.0
94	109	23.0
94	110	21.0
94	111	17.0
94	112	19.0
94	113	12.0
94	114	16.0
94	115	18.0
94	116	20.0
94	117	28.0
94	118	28.0
94	119	16.0
94	120	18.0
94	121	19.0
94	122	13.0
95	96	79.0
95	97	39.0
95	98	50.0
95	99	50.0
95	100	41.0
95	101	29.0
95	102	10.0
95	103	18.0
95	104	24.0
95	105	21.0
95	106	19.0
95	107	20.0
95	108	16.0
95	109	18.0
95	110	9.0
95	111	17.0
95	112	14.0
95	113	15.0
95	114	13.0
95	115	18.0
95	116	24.0
95	117	17.0
95	118	19.0
95	119	17.0
95	120	19.0
95	121	14.0
95	122	14.0
96	97	54.0
96	98	50.0
96	99	43.0
96	100	32.0
96	101	28.0
96	102	20.0
96	103	13.0
96	104	16.0
96	105	21.0
96	106	32.0
96	107	19.0
96	108	24.0
96	109	13.0
96	110	18.0
96	111	13.0
96	112	12.0
96	113	17.0
96	114	18.0
96	115	19.0
96	116	16.0
96	117	15.0
96	118	16.0
96	119	12.0
96	120	14.0
96	121	16.0
96	122	9.0
97	98	62.0
97	99	44.0
97	100	42.0
97	101	17.0
97	102	19.0
97	103	16.0
97	104	24.0
97	105	20.0
97	106	27.0
97	107	20.0
97	108	23.0
97	109	18.0
97	110	10.0
97	111	18.0
97	112	18.0
97	113	14.0
97	114	19.0
97	115	16.0
97	116	20.0
97	117	7.0
97	118	14.0
97	119	17.0
97	120	10.0
97	121	14.0
97	122	10.0
98	99	143.0
98	100	97.0
98	101	41.0
98	102	30.0
98	103	19.0
98	104	26.0
98	105	32.0
98	106	38.0
98	107	26.0
98	108	24.0
98	109	28.0
98	110	20.0
98	111	15.0
98	112	27.0
98	113	15.0
98	114	22.0
98	115	18.0
98	116	19.0
98	117	26.0
98	118	20.0
98	119	18.0
98	120	14.0
98	121	15.0
98	122	17.0
99	100	86.0
99	101	23.0
99	102	24.0
99	103	13.0
99	104	28.0
99	105	30.0
99	106	42.0
99	107	29.0
99	108	23.0
99	109	22.0
99	110	23.0
99	111	21.0
99	112	22.0
99	113	12.0
99	114	20.0
99	115	18.0
99	116	18.0
99	117	28.0
99	118	24.0
99	119	16.0
99	120	14.0
99	121	20.0
99	122	16.0
100	101	51.0
100	102	28.0
100	103	17.0
100	104	28.0
100	105	36.0
100	106	57.0
100	107	39.0
100	108	27.0
100	109	25.0
100	110	23.0
100	111	26.0
100	112	26.0
100	113	25.0
100	114	26.0
100	115	26.0
100	116	12.0
100	117	29.0
100	118	29.0
100	119	14.0
100	120	18.0
100	121	18.0
100	122	24.0
101	102	52.0
101	103	38.0
101	104	55.0
101	105	37.0
101	106	40.0
101	107	62.0
101	108	31.0
101	109	40.0
101	110	21.0
101	111	30.0
101	112	48.0
101	113	26.0
101	114	20.0
101	115	20.0
101	116	8.0
101	117	22.0
101	118	35.0
101	119	29.0
101	120	19.0
101	121	28.0
101	122	24.0
102	103	113.0
102	104	51.0
102	105	20.0
102	106	31.0
102	107	28.0
102	108	15.0
102	109	29.0
102	110	19.0
102	111	30.0
102	112	24.0
102	113	32.0
102	114	15.0
102	115	22.0
102	116	5.0
102	117	16.0
102	118	28.0
102	119	23.0
102	120	13.0
102	121	20.0
102	122	15.0
103	104	44.0
103	105	23.0
103	106	30.0
103	107	26.0
103	108	16.0
103	109	22.0
103	110	15.0
103	111	15.0
103	112	27.0
103	113	27.0
103	114	17.0
103	115	17.0
103	116	16.0
103	117	18.0
103	118	24.0
103	119	24.0
103	120	30.0
103	121	19.0
103	122	21.0
104	105	46.0
104	106	50.0
104	107	33.0
104	108	28.0
104	109	28.0
104	110	31.0
104	111	51.0
104	112	55.0
104	113	32.0
104	114	38.0
104	115	23.0
104	116	22.0
104	117	22.0
104	118	30.0
104	119	25.0
104	120	20.0
104	121	28.0
104	122	20.0
105	106	77.0
105	107	61.0
105	108	83.0
105	109	125.0
105	110	64.0
105	111	55.0
105	112	44.0
105	113	43.0
105	114	44.0
105	115	32.0
105	116	25.0
105	117	28.0
105	118	48.0
105	119	16.0
105	120	28.0
105	121	26.0
105	122	25.0
106	107	103.0
106	108	58.0
106	109	54.0
106	110	39.0
106	111	37.0
106	112	42.0
106	113	38.0
106	114	48.0
106	115	30.0
106	116	21.0
106	117	30.0
106	118	49.0
106	119	24.0
106	120	23.0
106	121	35.0
106	122	17.0
107	108	51.0
107	109	57.0
107	110	32.0
107	111	40.0
107	112	41.0
107	113	56.0
107	114	58.0
107	115	33.0
107	116	30.0
107	117	23.0
107	118	59.0
107	119	27.0
107	120	27.0
107	121	31.0
107	122	29.0
108	109	136.0
108	110	89.0
108	111	38.0
108	112	40.0
108	113	42.0
108	114	70.0
108	115	73.0
108	116	41.0
108	117	85.0
108	118	45.0
108	119	25.0
108	120	28.0
108	121	49.0
108	122	32.0
109	110	140.0
109	111	42.0
109	112	51.0
109	113	36.0
109	114	83.0
109	115	59.0
109	116	31.0
109	117	55.0
109	118	45.0
109	119	22.0
109	120	25.0
109	121	30.0
109	122	18.0
110	111	46.0
110	112	41.0
110	113	29.0
110	114	41.0
110	115	68.0
110	116	41.0
110	117	61.0
110	118	42.0
110	119	22.0
110	120	26.0
110	121	31.0
110	122	25.0
111	112	147.0
111	113	56.0
111	114	48.0
111	115	30.0
111	116	23.0
111	117	24.0
111	118	42.0
111	119	28.0
111	120	23.0
111	121	32.0
111	122	33.0
112	113	95.0
112	114	54.0
112	115	26.0
112	116	20.0
112	117	26.0
112	118	51.0
112	119	30.0
112	120	28.0
112	121	43.0
112	122	36.0
113	114	54.0
113	115	31.0
113	116	25.0
113	117	29.0
113	118	59.0
113	119	52.0
113	120	28.0
113	121	60.0
113	122	48.0
114	115	36.0
114	116	45.0
114	117	42.0
114	118	146.0
114	119	42.0
114	120	48.0
114	121	83.0
114	122	38.0
115	116	66.0
115	117	91.0
115	118	39.0
115	119	26.0
115	120	25.0
115	121	22.0
115	122	19.0
116	117	75.0
116	118	25.0
116	119	17.0
116	120	23.0
116	121	31.0
116	122	26.0
117	118	39.0
117	119	14.0
117	120	23.0
117	121	30.0
117	122	30.0
118	119	44.0
118	120	36.0
118	121	53.0
118	122	47.0
119	120	71.0
119	121	35.0
119	122	75.0
120	121	49.0
120	122	141.0
121	122	63.0
