1	2	108.0
1	3	55.0
1	4	44.0
1	5	35.0
1	6	30.0
1	7	36.0
1	8	30.0
1	9	24.0
1	10	32.0
1	11	31.0
1	12	36.0
1	13	16.0
1	14	32.0
1	15	25.0
1	16	22.0
1	17	31.0
1	18	19.0
1	19	25.0
1	20	17.0
1	21	17.0
1	22	16.0
1	23	23.0
1	24	25.0
1	25	13.0
1	26	17.0
1	27	18.0
1	28	12.0
1	29	19.0
1	30	16.0
1	31	27.0
1	32	11.0
1	33	12.0
1	34	13.0
1	35	10.0
1	36	9.0
1	37	14.0
1	38	10.0
1	39	11.0
1	40	15.0
1	41	21.0
1	42	8.0
1	43	9.0
1	44	14.0
1	45	9.0
1	46	13.0
1	47	16.0
1	48	23.0
1	49	14.0
1	50	16.0
1	51	16.0
1	52	19.0
1	53	13.0
1	54	17.0
1	55	13.0
1	56	10.0
1	57	13.0
1	58	22.0
1	59	16.0
1	60	20.0
1	61	14.0
1	62	20.0
1	63	13.0
1	64	10.0
1	65	12.0
1	66	14.0
1	67	17.0
1	68	13.0
1	69	17.0
1	70	14.0
1	71	18.0
1	72	21.0
1	73	14.0
1	74	12.0
1	75	15.0
1	76	17.0
1	77	22.0
1	78	23.0
1	79	14.0
1	80	14.0
1	81	12.0
1	82	17.0
1	83	8.0
1	84	10.0
1	85	16.0
1	86	13.0
1	87	13.0
1	88	21.0
1	89	14.0
1	90	8.0
1	91	16.0
1	92	17.0
1	93	18.0
1	94	15.0
1	95	15.0
1	96	13.0
1	97	19.0
1	98	8.0
1	99	12.0
1	100	16.0
1	101	15.0
1	102	24.0
1	103	19.0
1	104	22.0
1	105	27.0
1	106	20.0
1	107	14.0
1	108	19.0
1	109	31.0
1	110	23.0
1	111	28.0
1	112	30.0
1	113	24.0
1	114	23.0
1	115	22.0
1	116	23.0
1	117	25.0
1	118	27.0
1	119	22.0
1	120	28.0
1	121	24.0
1	122	30.0
2	3	99.0
2	4	73.0
2	5	62.0
2	6	53.0
2	7	55.0
2	8	53.0
2	9	33.0
2	10	46.0
2	11	40.0
2	12	34.0
2	13	22.0
2	14	27.0
2	15	18.0
2	16	38.0
2	17	36.0
2	18	31.0
2	19	20.0
2	20	30.0
2	21	18.0
2	22	23.0
2	23	24.0
2	24	22.0
2	25	24.0
2	26	14.0
2	27	19.0
2	28	17.0
2	29	20.0
2	30	17.0
2	31	17.0
2	32	11.0
2	33	11.0
2	34	13.0
2	35	10.0
2	36	8.0
2	37	6.0
2	38	14.0
2	39	12.0
2	40	25.0
2	41	17.0
2	42	18.0
2	43	15.0
2	44	10.0
2	45	14.0
2	46	18.0
2	47	9.0
2	48	16.0
2	49	11.0
2	50	22.0
2	51	21.0
2	52	18.0
2	53	19.0
2	54	21.0
2	55	12.0
2	56	19.0
2	57	24.0
2	58	23.0
2	59	21.0
2	60	7.0
2	61	16.0
2	62	12.0
2	63	20.0
2	64	17.0
2	65	8.0
2	66	24.0
2	67	17.0
2	68	15.0
2	69	15.0
2	70	17.0
2	71	25.0
2	72	20.0
2	73	16.0
2	74	29.0
2	75	17.0
2	76	12.0
2	77	21.0
2	78	18.0
2	79	17.0
2	80	20.0
2	81	19.0
2	82	21.0
2	83	18.0
2	84	20.0
2	85	13.0
2	86	12.0
2	87	17.0
2	88	12.0
2	89	20.0
2	90	19.0
2	91	13.0
2	92	12.0
2	93	18.0
2	94	13.0
2	95	12.0
2	96	16.0
2	97	12.0
2	98	13.0
2	99	21.0
2	100	22.0
2	101	11.0
2	102	18.0
2	103	25.0
2	104	22.0
2	105	26.0
2	106	22.0
2	107	25.0
2	108	23.0
2	109	27.0
2	110	31.0
2	111	29.0
2	112	23.0
2	113	30.0
2	114	41.0
2	115	16.0
2	116	31.0
2	117	30.0
2	118	24.0
2	119	22.0
2	120	39.0
2	121	42.0
2	122	17.0
3	4	235.0
3	5	119.0
3	6	119.0
3	7	106.0
3	8	73.0
3	9	40.0
3	10	61.0
3	11	72.0
3	12	30.0
3	13	23.0
3	14	28.0
3	15	31.0
3	16	56.0
3	17	31.0
3	18	35.0
3	19	24.0
3	20	27.0
3	21	24.0
3	22	18.0
3	23	23.0
3	24	18.0
3	25	28.0
3	26	19.0
3	27	20.0
3	28	24.0
3	29	20.0
3	30	20.0
3	31	18.0
3	32	16.0
3	33	13.0
3	34	7.0
3	35	8.0
3	36	5.0
3	37	10.0
3	38	14.0
3	39	14.0
3	40	22.0
3	41	14.0
3	42	15.0
3	43	13.0
3	44	10.0
3	45	12.0
3	46	20.0
3	47	16.0
3	48	12.0
3	49	25.0
3	50	28.0
3	51	21.0
3	52	19.0
3	53	22.0
3	54	24.0
3	55	17.0
3	56	17.0
3	57	23.0
3	58	16.0
3	59	26.0
3	60	23.0
3	61	23.0
3	62	11.0
3	63	14.0
3	64	18.0
3	65	14.0
3	66	16.0
3	67	23.0
3	68	18.0
3	69	26.0
3	70	26.0
3	71	31.0
3	72	27.0
3	73	28.0
3	74	24.0
3	75	19.0
3	76	16.0
3	77	27.0
3	78	25.0
3	79	13.0
3	80	18.0
3	81	27.0
3	82	22.0
3	83	22.0
3	84	34.0
3	85	22.0
3	86	15.0
3	87	10.0
3	88	11.0
3	89	18.0
3	90	17.0
3	91	21.0
3	92	18.0
3	93	18.0
3	94	13.0
3	95	15.0
3	96	23.0
3	97	16.0
3	98	9.0
3	99	20.0
3	100	19.0
3	101	19.0
3	102	15.0
3	103	24.0
3	104	31.0
3	105	36.0
3	106	22.0
3	107	30.0
3	108	21.0
3	109	35.0
3	110	30.0
3	111	28.0
3	112	23.0
3	113	29.0
3	114	31.0
3	115	18.0
3	116	20.0
3	117	37.0
3	118	32.0
3	119	29.0
3	120	32.0
3	121	34.0
3	122	29.0
4	5	286.0
4	6	177.0
4	7	196.0
4	8	95.0
4	9	37.0
4	10	53.0
4	11	78.0
4	12	37.0
4	13	30.0
4	14	26.0
4	15	29.0
4	16	39.0
4	17	45.0
4	18	31.0
4	19	34.0
4	20	24.0
4	21	23.0
4	22	29.0
4	23	32.0
4	24	20.0
4	25	21.0
4	26	16.0
4	27	26.0
4	28	25.0
4	29	20.0
4	30	17.0
4	31	22.0
4	32	24.0
4	33	5.0
4	34	17.0
4	35	13.0
4	36	12.0
4	37	9.0
4	38	10.0
4	39	13.0
4	40	26.0
4	41	16.0
4	42	19.0
4	43	9.0
4	44	14.0
4	45	11.0
4	46	16.0
4	47	18.0
4	48	28.0
4	49	25.0
4	50	34.0
4	51	32.0
4	52	35.0
4	53	26.0
4	54	24.0
4	55	19.0
4	56	25.0
4	57	27.0
4	58	31.0
4	59	24.0
4	60	27.0
4	61	23.0
4	62	17.0
4	63	20.0
4	64	19.0
4	65	11.0
4	66	16.0
4	67	21.0
4	68	22.0
4	69	30.0
4	70	22.0
4	71	29.0
4	72	22.0
4	73	27.0
4	74	28.0
4	75	23.0
4	76	28.0
4	77	21.0
4	78	24.0
4	79	22.0
4	80	18.0
4	81	29.0
4	82	17.0
4	83	21.0
4	84	24.0
4	85	13.0
4	86	29.0
4	87	19.0
4	88	23.0
4	89	20.0
4	90	22.0
4	91	31.0
4	92	16.0
4	93	17.0
4	94	25.0
4	95	17.0
4	96	20.0
4	97	19.0
4	98	25.0
4	99	27.0
4	100	17.0
4	101	22.0
4	102	18.0
4	103	16.0
4	104	23.0
4	105	16.0
4	106	20.0
4	107	19.0
4	108	28.0
4	109	27.0
4	110	32.0
4	111	25.0
4	112	28.0
4	113	33.0
4	114	36.0
4	115	40.0
4	116	37.0
4	117	40.0
4	118	40.0
4	119	29.0
4	120	32.0
4	121	31.0
4	122	30.0
5	6	290.0
5	7	448.0
5	8	82.0
5	9	33.0
5	10	53.0
5	11	65.0
5	12	45.0
5	13	34.0
5	14	41.0
5	15	28.0
5	16	39.0
5	17	31.0
5	18	40.0
5	19	39.0
5	20	35.0
5	21	31.0
5	22	23.0
5	23	43.0
5	24	20.0
5	25	35.0
5	26	21.0
5	27	23.0
5	28	21.0
5	29	16.0
5	30	15.0
5	31	26.0
5	32	17.0
5	33	13.0
5	34	16.0
5	35	6.0
5	36	13.0
5	37	13.0
5	38	14.0
5	39	17.0
5	40	15.0
5	41	13.0
5	42	16.0
5	43	12.0
5	44	12.0
5	45	19.0
5	46	17.0
5	47	25.0
5	48	26.0
5	49	37.0
5	50	36.0
5	51	28.0
5	52	21.0
5	53	16.0
5	54	23.0
5	55	25.0
5	56	19.0
5	57	28.0
5	58	29.0
5	59	31.0
5	60	44.0
5	61	26.0
5	62	19.0
5	63	19.0
5	64	24.0
5	65	22.0
5	66	17.0
5	67	21.0
5	68	20.0
5	69	22.0
5	70	24.0
5	71	29.0
5	72	33.0
5	73	34.0
5	74	34.0
5	75	26.0
5	76	32.0
5	77	40.0
5	78	28.0
5	79	23.0
5	80	22.0
5	81	38.0
5	82	20.0
5	83	35.0
5	84	39.0
5	85	24.0
5	86	19.0
5	87	16.0
5	88	24.0
5	89	17.0
5	90	20.0
5	91	25.0
5	92	25.0
5	93	20.0
5	94	24.0
5	95	23.0
5	96	26.0
5	97	19.0
5	98	21.0
5	99	24.0
5	100	20.0
5	101	34.0
5	102	13.0
5	103	17.0
5	104	22.0
5	105	26.0
5	106	32.0
5	107	34.0
5	108	34.0
5	109	39.0
5	110	34.0
5	111	22.0
5	112	34.0
5	113	29.0
5	114	33.0
5	115	36.0
5	116	31.0
5	117	37.0
5	118	36.0
5	119	25.0
5	120	39.0
5	121	42.0
5	122	30.0
6	7	284.0
6	8	82.0
6	9	44.0
6	10	70.0
6	11	87.0
6	12	43.0
6	13	32.0
6	14	39.0
6	15	35.0
6	16	27.0
6	17	33.0
6	18	48.0
6	19	32.0
6	20	29.0
6	21	38.0
6	22	28.0
6	23	22.0
6	24	35.0
6	25	27.0
6	26	22.0
6	27	25.0
6	28	23.0
6	29	14.0
6	30	26.0
6	31	17.0
6	32	19.0
6	33	13.0
6	34	21.0
6	35	13.0
6	36	12.0
6	37	5.0
6	38	14.0
6	39	14.0
6	40	25.0
6	41	21.0
6	42	11.0
6	43	20.0
6	44	13.0
6	45	15.0
6	46	17.0
6	47	14.0
6	48	30.0
6	49	33.0
6	50	41.0
6	51	26.0
6	52	29.0
6	53	25.0
6	54	35.0
6	55	20.0
6	56	21.0
6	57	37.0
6	58	29.0
6	59	35.0
6	60	32.0
6	61	24.0
6	62	16.0
6	63	14.0
6	64	11.0
6	65	15.0
6	66	15.0
6	67	25.0
6	68	25.0
6	69	24.0
6	70	24.0
6	71	31.0
6	72	34.0
6	73	27.0
6	74	30.0
6	75	35.0
6	76	23.0
6	77	26.0
6	78	23.0
6	79	27.0
6	80	27.0
6	81	25.0
6	82	24.0
6	83	15.0
6	84	15.0
6	85	18.0
6	86	19.0
6	87	16.0
6	88	18.0
6	89	12.0
6	90	18.0
6	91	17.0
6	92	20.0
6	93	22.0
6	94	20.0
6	95	24.0
6	96	23.0
6	97	19.0
6	98	15.0
6	99	28.0
6	100	29.0
6	101	23.0
6	102	16.0
6	103	19.0
6	104	31.0
6	105	22.0
6	106	26.0
6	107	22.0
6	108	40.0
6	109	27.0
6	110	23.0
6	111	32.0
6	112	27.0
6	113	31.0
6	114	37.0
6	115	33.0
6	116	36.0
6	117	30.0
6	118	27.0
6	119	27.0
6	120	33.0
6	121	34.0
6	122	28.0
7	8	76.0
7	9	47.0
7	10	56.0
7	11	69.0
7	12	46.0
7	13	22.0
7	14	44.0
7	15	36.0
7	16	38.0
7	17	46.0
7	18	40.0
7	19	39.0
7	20	30.0
7	21	27.0
7	22	22.0
7	23	35.0
7	24	24.0
7	25	30.0
7	26	20.0
7	27	17.0
7	28	17.0
7	29	28.0
7	30	22.0
7	31	22.0
7	32	12.0
7	33	15.0
7	34	11.0
7	35	11.0
7	36	11.0
7	37	10.0
7	38	16.0
7	39	10.0
7	40	25.0
7	41	9.0
7	42	17.0
7	43	16.0
7	44	12.0
7	45	13.0
7	46	15.0
7	47	20.0
7	48	23.0
7	49	29.0
7	50	29.0
7	51	30.0
7	52	18.0
7	53	24.0
7	54	32.0
7	55	18.0
7	56	24.0
7	57	33.0
7	58	17.0
7	59	26.0
7	60	40.0
7	61	17.0
7	62	21.0
7	63	17.0
7	64	22.0
7	65	15.0
7	66	16.0
7	67	22.0
7	68	23.0
7	69	27.0
7	70	24.0
7	71	37.0
7	72	36.0
7	73	28.0
7	74	26.0
7	75	22.0
7	76	37.0
7	77	43.0
7	78	35.0
7	79	21.0
7	80	17.0
7	81	33.0
7	82	27.0
7	83	23.0
7	84	22.0
7	85	19.0
7	86	30.0
7	87	24.0
7	88	21.0
7	89	22.0
7	90	24.0
7	91	17.0
7	92	11.0
7	93	24.0
7	94	34.0
7	95	21.0
7	96	19.0
7	97	19.0
7	98	14.0
7	99	25.0
7	100	28.0
7	101	14.0
7	102	21.0
7	103	16.0
7	104	21.0
7	105	27.0
7	106	29.0
7	107	30.0
7	108	39.0
7	109	30.0
7	110	38.0
7	111	14.0
7	112	20.0
7	113	36.0
7	114	33.0
7	115	35.0
7	116	46.0
7	117	46.0
7	118	44.0
7	119	29.0
7	120	29.0
7	121	41.0
7	122	39.0
8	9	103.0
8	10	156.0
8	11	133.0
8	12	64.0
8	13	31.0
8	14	44.0
8	15	36.0
8	16	35.0
8	17	34.0
8	18	44.0
8	19	38.0
8	20	38.0
8	21	31.0
8	22	35.0
8	23	33.0
8	24	26.0
8	25	23.0
8	26	30.0
8	27	26.0
8	28	17.0
8	29	16.0
8	30	24.0
8	31	18.0
8	32	6.0
8	33	15.0
8	34	3.0
8	35	8.0
8	36	8.0
8	37	7.0
8	38	11.0
8	39	11.0
8	40	14.0
8	41	14.0
8	42	9.0
8	43	13.0
8	44	14.0
8	45	20.0
8	46	15.0
8	47	22.0
8	48	26.0
8	49	24.0
8	50	29.0
8	51	25.0
8	52	30.0
8	53	26.0
8	54	30.0
8	55	17.0
8	56	17.0
8	57	18.0
8	58	25.0
8	59	38.0
8	60	38.0
8	61	24.0
8	62	17.0
8	63	20.0
8	64	21.0
8	65	16.0
8	66	16.0
8	67	14.0
8	68	11.0
8	69	27.0
8	70	30.0
8	71	48.0
8	72	33.0
8	73	25.0
8	74	32.0
8	75	28.0
8	76	30.0
8	77	33.0
8	78	33.0
8	79	18.0
8	80	17.0
8	81	30.0
8	82	22.0
8	83	20.0
8	84	37.0
8	85	22.0
8	86	22.0
8	87	16.0
8	88	12.0
8	89	27.0
8	90	16.0
8	91	30.0
8	92	16.0
8	93	23.0
8	94	26.0
8	95	26.0
8	96	26.0
8	97	16.0
8	98	16.0
8	99	20.0
8	100	19.0
8	101	28.0
8	102	21.0
8	103	25.0
8	104	20.0
8	105	35.0
8	106	25.0
8	107	26.0
8	108	34.0
8	109	30.0
8	110	45.0
8	111	28.0
8	112	42.0
8	113	35.0
8	114	45.0
8	115	29.0
8	116	43.0
8	117	52.0
8	118	42.0
8	119	49.0
8	120	61.0
8	121	49.0
8	122	44.0
9	10	158.0
9	11	74.0
9	12	80.0
9	13	52.0
9	14	53.0
9	15	45.0
9	16	47.0
9	17	35.0
9	18	29.0
9	19	27.0
9	20	27.0
9	21	33.0
9	22	27.0
9	23	31.0
9	24	31.0
9	25	20.0
9	26	20.0
9	27	17.0
9	28	14.0
9	29	24.0
9	30	20.0
9	31	9.0
9	32	12.0
9	33	7.0
9	34	10.0
9	35	7.0
9	36	8.0
9	37	13.0
9	38	6.0
9	39	16.0
9	40	14.0
9	41	13.0
9	42	16.0
9	43	5.0
9	44	16.0
9	45	15.0
9	46	20.0
9	47	14.0
9	48	15.0
9	49	38.0
9	50	31.0
9	51	13.0
9	52	30.0
9	53	28.0
9	54	24.0
9	55	23.0
9	56	21.0
9	57	25.0
9	58	29.0
9	59	31.0
9	60	32.0
9	61	19.0
9	62	27.0
9	63	32.0
9	64	21.0
9	65	21.0
9	66	18.0
9	67	17.0
9	68	24.0
9	69	22.0
9	70	25.0
9	71	32.0
9	72	38.0
9	73	30.0
9	74	25.0
9	75	30.0
9	76	35.0
9	77	26.0
9	78	17.0
9	79	24.0
9	80	28.0
9	81	29.0
9	82	24.0
9	83	25.0
9	84	39.0
9	85	26.0
9	86	21.0
9	87	22.0
9	88	21.0
9	89	19.0
9	90	25.0
9	91	17.0
9	92	26.0
9	93	23.0
9	94	24.0
9	95	14.0
9	96	21.0
9	97	14.0
9	98	12.0
9	99	16.0
9	100	24.0
9	101	25.0
9	102	23.0
9	103	21.0
9	104	24.0
9	105	28.0
9	106	24.0
9	107	33.0
9	108	33.0
9	109	34.0
9	110	33.0
9	111	32.0
9	112	35.0
9	113	36.0
9	114	35.0
9	115	29.0
9	116	35.0
9	117	41.0
9	118	28.0
9	119	47.0
9	120	48.0
9	121	40.0
9	122	58.0
10	11	249.0
10	12	95.0
10	13	57.0
10	14	70.0
10	15	44.0
10	16	63.0
10	17	51.0
10	18	51.0
10	19	43.0
10	20	43.0
10	21	37.0
10	22	32.0
10	23	33.0
10	24	24.0
10	25	31.0
10	26	18.0
10	27	16.0
10	28	14.0
10	29	15.0
10	30	29.0
10	31	14.0
10	32	16.0
10	33	12.0
10	34	11.0
10	35	6.0
10	36	8.0
10	37	8.0
10	38	12.0
10	39	10.0
10	40	16.0
10	41	16.0
10	42	17.0
10	43	15.0
10	44	16.0
10	45	9.0
10	46	13.0
10	47	21.0
10	48	25.0
10	49	27.0
10	50	21.0
10	51	29.0
10	52	32.0
10	53	19.0
10	54	24.0
10	55	25.0
10	56	20.0
10	57	23.0
10	58	24.0
10	59	26.0
10	60	33.0
10	61	26.0
10	62	18.0
10	63	17.0
10	64	23.0
10	65	17.0
10	66	21.0
10	67	27.0
10	68	21.0
10	69	23.0
10	70	25.0
10	71	34.0
10	72	27.0
10	73	25.0
10	74	27.0
10	75	34.0
10	76	31.0
10	77	30.0
10	78	35.0
10	79	32.0
10	80	29.0
10	81	31.0
10	82	24.0
10	83	31.0
10	84	30.0
10	85	26.0
10	86	27.0
10	87	9.0
10	88	14.0
10	89	21.0
10	90	28.0
10	91	24.0
10	92	12.0
10	93	21.0
10	94	31.0
10	95	31.0
10	96	18.0
10	97	12.0
10	98	17.0
10	99	19.0
10	100	21.0
10	101	22.0
10	102	23.0
10	103	19.0
10	104	20.0
10	105	20.0
10	106	22.0
10	107	27.0
10	108	31.0
10	109	23.0
10	110	29.0
10	111	21.0
10	112	32.0
10	113	32.0
10	114	44.0
10	115	28.0
10	116	28.0
10	117	30.0
10	118	36.0
10	119	38.0
10	120	41.0
10	121	50.0
10	122	33.0
11	12	92.0
11	13	61.0
11	14	56.0
11	15	44.0
11	16	60.0
11	17	71.0
11	18	69.0
11	19	58.0
11	20	44.0
11	21	28.0
11	22	41.0
11	23	24.0
11	24	20.0
11	25	25.0
11	26	18.0
11	27	19.0
11	28	24.0
11	29	28.0
11	30	18.0
11	31	15.0
11	32	17.0
11	33	8.0
11	34	11.0
11	35	7.0
11	36	5.0
11	37	12.0
11	38	12.0
11	39	18.0
11	40	13.0
11	41	17.0
11	42	12.0
11	43	10.0
11	44	22.0
11	45	15.0
11	46	14.0
11	47	15.0
11	48	35.0
11	49	29.0
11	50	24.0
11	51	28.0
11	52	28.0
11	53	25.0
11	54	28.0
11	55	23.0
11	56	20.0
11	57	25.0
11	58	29.0
11	59	33.0
11	60	33.0
11	61	31.0
11	62	19.0
11	63	21.0
11	64	25.0
11	65	12.0
11	66	19.0
11	67	31.0
11	68	21.0
11	69	22.0
11	70	17.0
11	71	34.0
11	72	30.0
11	73	16.0
11	74	23.0
11	75	17.0
11	76	33.0
11	77	29.0
11	78	28.0
11	79	24.0
11	80	23.0
11	81	27.0
11	82	27.0
11	83	26.0
11	84	19.0
11	85	22.0
11	86	26.0
11	87	13.0
11	88	17.0
11	89	9.0
11	90	19.0
11	91	20.0
11	92	19.0
11	93	14.0
11	94	20.0
11	95	26.0
11	96	26.0
11	97	26.0
11	98	25.0
11	99	17.0
11	100	12.0
11	101	20.0
11	102	15.0
11	103	20.0
11	104	17.0
11	105	42.0
11	106	32.0
11	107	29.0
11	108	29.0
11	109	33.0
11	110	28.0
11	111	23.0
11	112	26.0
11	113	28.0
11	114	30.0
11	115	29.0
11	116	31.0
11	117	29.0
11	118	27.0
11	119	36.0
11	120	42.0
11	121	43.0
11	122	33.0
12	13	104.0
12	14	135.0
12	15	79.0
12	16	91.0
12	17	70.0
12	18	70.0
12	19	73.0
12	20	51.0
12	21	46.0
12	22	34.0
12	23	41.0
12	24	30.0
12	25	21.0
12	26	16.0
12	27	8.0
12	28	22.0
12	29	16.0
12	30	19.0
12	31	11.0
12	32	10.0
12	33	16.0
12	34	11.0
12	35	6.0
12	36	14.0
12	37	9.0
12	38	7.0
12	39	14.0
12	40	13.0
12	41	16.0
12	42	11.0
12	43	16.0
12	44	17.0
12	45	11.0
12	46	9.0
12	47	18.0
12	48	25.0
12	49	26.0
12	50	31.0
12	51	29.0
12	52	30.0
12	53	32.0
12	54	39.0
12	55	21.0
12	56	17.0
12	57	23.0
12	58	33.0
12	59	22.0
12	60	23.0
12	61	19.0
12	62	17.0
12	63	26.0
12	64	19.0
12	65	14.0
12	66	12.0
12	67	19.0
12	68	17.0
12	69	27.0
12	70	19.0
12	71	27.0
12	72	26.0
12	73	31.0
12	74	19.0
12	75	33.0
12	76	23.0
12	77	33.0
12	78	25.0
12	79	15.0
12	80	22.0
12	81	22.0
12	82	19.0
12	83	20.0
12	84	14.0
12	85	27.0
12	86	15.0
12	87	14.0
12	88	15.0
12	89	18.0
12	90	15.0
12	91	17.0
12	92	12.0
12	93	25.0
12	94	14.0
12	95	19.0
12	96	20.0
12	97	15.0
12	98	12.0
12	99	21.0
12	100	18.0
12	101	15.0
12	102	21.0
12	103	19.0
12	104	19.0
12	105	11.0
12	106	38.0
12	107	19.0
12	108	15.0
12	109	24.0
12	110	21.0
12	111	24.0
12	112	16.0
12	113	26.0
12	114	23.0
12	115	29.0
12	116	22.0
12	117	27.0
12	118	28.0
12	119	33.0
12	120	27.0
12	121	33.0
12	122	24.0
13	14	310.0
13	15	145.0
13	16	66.0
13	17	70.0
13	18	46.0
13	19	57.0
13	20	65.0
13	21	42.0
13	22	30.0
13	23	35.0
13	24	34.0
13	25	28.0
13	26	23.0
13	27	22.0
13	28	25.0
13	29	22.0
13	30	14.0
13	31	18.0
13	32	9.0
13	33	10.0
13	34	14.0
13	35	6.0
13	36	15.0
13	37	16.0
13	38	9.0
13	39	8.0
13	40	14.0
13	41	17.0
13	42	13.0
13	43	9.0
13	44	16.0
13	45	14.0
13	46	16.0
13	47	15.0
13	48	16.0
13	49	26.0
13	50	29.0
13	51	23.0
13	52	30.0
13	53	33.0
13	54	20.0
13	55	22.0
13	56	21.0
13	57	18.0
13	58	22.0
13	59	19.0
13	60	38.0
13	61	12.0
13	62	18.0
13	63	11.0
13	64	11.0
13	65	13.0
13	66	17.0
13	67	25.0
13	68	23.0
13	69	21.0
13	70	21.0
13	71	23.0
13	72	29.0
13	73	22.0
13	74	23.0
13	75	16.0
13	76	27.0
13	77	17.0
13	78	17.0
13	79	25.0
13	80	20.0
13	81	22.0
13	82	23.0
13	83	16.0
13	84	17.0
13	85	21.0
13	86	18.0
13	87	9.0
13	88	10.0
13	89	10.0
13	90	19.0
13	91	20.0
13	92	11.0
13	93	18.0
13	94	15.0
13	95	10.0
13	96	17.0
13	97	13.0
13	98	11.0
13	99	14.0
13	100	22.0
13	101	10.0
13	102	11.0
13	103	15.0
13	104	18.0
13	105	24.0
13	106	13.0
13	107	23.0
13	108	32.0
13	109	22.0
13	110	14.0
13	111	14.0
13	112	20.0
13	113	28.0
13	114	21.0
13	115	25.0
13	116	20.0
13	117	27.0
13	118	18.0
13	119	17.0
13	120	30.0
13	121	25.0
13	122	30.0
14	15	193.0
14	16	81.0
14	17	78.0
14	18	68.0
14	19	83.0
14	20	62.0
14	21	42.0
14	22	45.0
14	23	34.0
14	24	35.0
14	25	28.0
14	26	30.0
14	27	17.0
14	28	21.0
14	29	18.0
14	30	15.0
14	31	16.0
14	32	13.0
14	33	15.0
14	34	15.0
14	35	7.0
14	36	10.0
14	37	12.0
14	38	13.0
14	39	14.0
14	40	17.0
14	41	16.0
14	42	12.0
14	43	14.0
14	44	14.0
14	45	12.0
14	46	14.0
14	47	19.0
14	48	23.0
14	49	24.0
14	50	22.0
14	51	33.0
14	52	42.0
14	53	33.0
14	54	28.0
14	55	19.0
14	56	17.0
14	57	27.0
14	58	23.0
14	59	22.0
14	60	27.0
14	61	21.0
14	62	21.0
14	63	17.0
14	64	21.0
14	65	20.0
14	66	22.0
14	67	22.0
14	68	13.0
14	69	25.0
14	70	26.0
14	71	24.0
14	72	18.0
14	73	28.0
14	74	22.0
14	75	22.0
14	76	23.0
14	77	20.0
14	78	21.0
14	79	22.0
14	80	26.0
14	81	17.0
14	82	21.0
14	83	16.0
14	84	23.0
14	85	14.0
14	86	19.0
14	87	10.0
14	88	15.0
14	89	17.0
14	90	20.0
14	91	17.0
14	92	15.0
14	93	21.0
14	94	12.0
14	95	14.0
14	96	14.0
14	97	17.0
14	98	14.0
14	99	17.0
14	100	12.0
14	101	16.0
14	102	16.0
14	103	18.0
14	104	18.0
14	105	26.0
14	106	15.0
14	107	20.0
14	108	13.0
14	109	14.0
14	110	20.0
14	111	14.0
14	112	22.0
14	113	20.0
14	114	22.0
14	115	15.0
14	116	24.0
14	117	26.0
14	118	22.0
14	119	29.0
14	120	29.0
14	121	26.0
14	122	22.0
15	16	125.0
15	17	88.0
15	18	75.0
15	19	103.0
15	20	60.0
15	21	46.0
15	22	40.0
15	23	47.0
15	24	48.0
15	25	27.0
15	26	17.0
15	27	31.0
15	28	21.0
15	29	27.0
15	30	24.0
15	31	26.0
15	32	13.0
15	33	14.0
15	34	11.0
15	35	11.0
15	36	8.0
15	37	7.0
15	38	17.0
15	39	17.0
15	40	12.0
15	41	14.0
15	42	16.0
15	43	17.0
15	44	13.0
15	45	14.0
15	46	15.0
15	47	20.0
15	48	19.0
15	49	33.0
15	50	40.0
15	51	29.0
15	52	27.0
15	53	20.0
15	54	26.0
15	55	29.0
15	56	23.0
15	57	22.0
15	58	18.0
15	59	25.0
15	60	20.0
15	61	17.0
15	62	35.0
15	63	18.0
15	64	15.0
15	65	23.0
15	66	20.0
15	67	23.0
15	68	19.0
15	69	21.0
15	70	21.0
15	71	19.0
15	72	18.0
15	73	21.0
15	74	15.0
15	75	17.0
15	76	25.0
15	77	20.0
15	78	19.0
15	79	21.0
15	80	18.0
15	81	17.0
15	82	15.0
15	83	17.0
15	84	17.0
15	85	14.0
15	86	13.0
15	87	18.0
15	88	8.0
15	89	10.0
15	90	21.0
15	91	12.0
15	92	12.0
15	93	16.0
15	94	16.0
15	95	16.0
15	96	12.0
15	97	16.0
15	98	18.0
15	99	11.0
15	100	12.0
15	101	26.0
15	102	16.0
15	103	15.0
15	104	11.0
15	105	23.0
15	106	20.0
15	107	23.0
15	108	20.0
15	109	18.0
15	110	16.0
15	111	17.0
15	112	16.0
15	113	18.0
15	114	22.0
15	115	16.0
15	116	16.0
15	117	30.0
15	118	26.0
15	119	36.0
15	120	16.0
15	121	25.0
15	122	14.0
16	17	424.0
16	18	241.0
16	19	276.0
16	20	96.0
16	21	56.0
16	22	79.0
16	23	64.0
16	24	48.0
16	25	27.0
16	26	34.0
16	27	29.0
16	28	25.0
16	29	17.0
16	30	33.0
16	31	26.0
16	32	11.0
16	33	9.0
16	34	14.0
16	35	9.0
16	36	16.0
16	37	9.0
16	38	13.0
16	39	16.0
16	40	17.0
16	41	14.0
16	42	20.0
16	43	19.0
16	44	14.0
16	45	20.0
16	46	21.0
16	47	24.0
16	48	28.0
16	49	36.0
16	50	38.0
16	51	33.0
16	52	41.0
16	53	44.0
16	54	27.0
16	55	32.0
16	56	21.0
16	57	27.0
16	58	25.0
16	59	30.0
16	60	41.0
16	61	37.0
16	62	27.0
16	63	22.0
16	64	18.0
16	65	29.0
16	66	19.0
16	67	25.0
16	68	24.0
16	69	23.0
16	70	23.0
16	71	31.0
16	72	14.0
16	73	22.0
16	74	25.0
16	75	23.0
16	76	23.0
16	77	26.0
16	78	25.0
16	79	21.0
16	80	30.0
16	81	18.0
16	82	20.0
16	83	18.0
16	84	21.0
16	85	20.0
16	86	16.0
16	87	12.0
16	88	13.0
16	89	15.0
16	90	18.0
16	91	14.0
16	92	12.0
16	93	16.0
16	94	11.0
16	95	16.0
16	96	8.0
16	97	12.0
16	98	23.0
16	99	17.0
16	100	13.0
16	101	16.0
16	102	9.0
16	103	15.0
16	104	18.0
16	105	18.0
16	106	18.0
16	107	18.0
16	108	17.0
16	109	10.0
16	110	12.0
16	111	20.0
16	112	25.0
16	113	21.0
16	114	21.0
16	115	19.0
16	116	19.0
16	117	26.0
16	118	23.0
16	119	25.0
16	120	31.0
16	121	18.0
16	122	29.0
17	18	318.0
17	19	338.0
17	20	127.0
17	21	77.0
17	22	70.0
17	23	85.0
17	24	53.0
17	25	47.0
17	26	31.0
17	27	31.0
17	28	28.0
17	29	25.0
17	30	21.0
17	31	24.0
17	32	20.0
17	33	14.0
17	34	10.0
17	35	12.0
17	36	7.0
17	37	14.0
17	38	18.0
17	39	10.0
17	40	19.0
17	41	18.0
17	42	22.0
17	43	20.0
17	44	15.0
17	45	20.0
17	46	17.0
17	47	24.0
17	48	36.0
17	49	44.0
17	50	31.0
17	51	37.0
17	52	38.0
17	53	33.0
17	54	47.0
17	55	30.0
17	56	27.0
17	57	34.0
17	58	31.0
17	59	32.0
17	60	32.0
17	61	26.0
17	62	22.0
17	63	25.0
17	64	20.0
17	65	20.0
17	66	19.0
17	67	25.0
17	68	19.0
17	69	19.0
17	70	16.0
17	71	22.0
17	72	22.0
17	73	30.0
17	74	27.0
17	75	18.0
17	76	19.0
17	77	21.0
17	78	20.0
17	79	22.0
17	80	22.0
17	81	19.0
17	82	17.0
17	83	22.0
17	84	15.0
17	85	19.0
17	86	19.0
17	87	13.0
17	88	16.0
17	89	16.0
17	90	19.0
17	91	21.0
17	92	7.0
17	93	17.0
17	94	20.0
17	95	14.0
17	96	22.0
17	97	10.0
17	98	13.0
17	99	13.0
17	100	14.0
17	101	10.0
17	102	10.0
17	103	12.0
17	104	12.0
17	105	18.0
17	106	18.0
17	107	20.0
17	108	21.0
17	109	18.0
17	110	14.0
17	111	23.0
17	112	17.0
17	113	27.0
17	114	35.0
17	115	24.0
17	116	26.0
17	117	14.0
17	118	31.0
17	119	14.0
17	120	20.0
17	121	25.0
17	122	29.0
18	19	155.0
18	20	85.0
18	21	62.0
18	22	66.0
18	23	79.0
18	24	62.0
18	25	47.0
18	26	34.0
18	27	37.0
18	28	18.0
18	29	20.0
18	30	42.0
18	31	16.0
18	32	20.0
18	33	14.0
18	34	16.0
18	35	11.0
18	36	20.0
18	37	10.0
18	38	11.0
18	39	22.0
18	40	22.0
18	41	26.0
18	42	15.0
18	43	17.0
18	44	18.0
18	45	15.0
18	46	24.0
18	47	19.0
18	48	30.0
18	49	50.0
18	50	49.0
18	51	19.0
18	52	38.0
18	53	36.0
18	54	37.0
18	55	24.0
18	56	16.0
18	57	38.0
18	58	31.0
18	59	26.0
18	60	27.0
18	61	29.0
18	62	21.0
18	63	27.0
18	64	23.0
18	65	24.0
18	66	14.0
18	67	26.0
18	68	24.0
18	69	27.0
18	70	24.0
18	71	27.0
18	72	24.0
18	73	25.0
18	74	25.0
18	75	25.0
18	76	22.0
18	77	26.0
18	78	19.0
18	79	17.0
18	80	13.0
18	81	24.0
18	82	26.0
18	83	19.0
18	84	24.0
18	85	19.0
18	86	19.0
18	87	19.0
18	88	7.0
18	89	16.0
18	90	20.0
18	91	14.0
18	92	12.0
18	93	21.0
18	94	22.0
18	95	15.0
18	96	23.0
18	97	22.0
18	98	10.0
18	99	14.0
18	100	22.0
18	101	13.0
18	102	16.0
18	103	19.0
18	104	16.0
18	105	23.0
18	106	19.0
18	107	13.0
18	108	18.0
18	109	16.0
18	110	14.0
18	111	18.0
18	112	27.0
18	113	24.0
18	114	15.0
18	115	27.0
18	116	19.0
18	117	16.0
18	118	15.0
18	119	22.0
18	120	27.0
18	121	21.0
18	122	20.0
19	20	172.0
19	21	79.0
19	22	61.0
19	23	70.0
19	24	63.0
19	25	40.0
19	26	44.0
19	27	24.0
19	28	29.0
19	29	33.0
19	30	20.0
19	31	19.0
19	32	7.0
19	33	16.0
19	34	12.0
19	35	11.0
19	36	14.0
19	37	10.0
19	38	5.0
19	39	14.0
19	40	14.0
19	41	14.0
19	42	12.0
19	43	22.0
19	44	19.0
19	45	16.0
19	46	24.0
19	47	27.0
19	48	30.0
19	49	48.0
19	50	40.0
19	51	39.0
19	52	38.0
19	53	38.0
19	54	17.0
19	55	21.0
19	56	27.0
19	57	38.0
19	58	22.0
19	59	23.0
19	60	30.0
19	61	25.0
19	62	23.0
19	63	19.0
19	64	16.0
19	65	19.0
19	66	16.0
19	67	25.0
19	68	21.0
19	69	29.0
19	70	24.0
19	71	25.0
19	72	16.0
19	73	23.0
19	74	23.0
19	75	25.0
19	76	19.0
19	77	18.0
19	78	30.0
19	79	19.0
19	80	26.0
19	81	19.0
19	82	17.0
19	83	15.0
19	84	28.0
19	85	18.0
19	86	18.0
19	87	20.0
19	88	11.0
19	89	17.0
19	90	18.0
19	91	15.0
19	92	13.0
19	93	14.0
19	94	16.0
19	95	10.0
19	96	14.0
19	97	12.0
19	98	20.0
19	99	16.0
19	100	20.0
19	101	21.0
19	102	17.0
19	103	15.0
19	104	24.0
19	105	23.0
19	106	25.0
19	107	13.0
19	108	20.0
19	109	19.0
19	110	15.0
19	111	12.0
19	112	17.0
19	113	18.0
19	114	21.0
19	115	21.0
19	116	20.0
19	117	28.0
19	118	24.0
19	119	26.0
19	120	19.0
19	121	27.0
19	122	19.0
20	21	170.0
20	22	110.0
20	23	107.0
20	24	83.0
20	25	46.0
20	26	42.0
20	27	30.0
20	28	33.0
20	29	31.0
20	30	33.0
20	31	28.0
20	32	18.0
20	33	15.0
20	34	12.0
20	35	16.0
20	36	12.0
20	37	20.0
20	38	19.0
20	39	18.0
20	40	23.0
20	41	18.0
20	42	20.0
20	43	16.0
20	44	20.0
20	45	14.0
20	46	23.0
20	47	38.0
20	48	34.0
20	49	41.0
20	50	47.0
20	51	47.0
20	52	55.0
20	53	53.0
20	54	36.0
20	55	31.0
20	56	33.0
20	57	33.0
20	58	31.0
20	59	33.0
20	60	30.0
20	61	31.0
20	62	21.0
20	63	23.0
20	64	18.0
20	65	25.0
20	66	19.0
20	67	14.0
20	68	21.0
20	69	28.0
20	70	17.0
20	71	30.0
20	72	22.0
20	73	17.0
20	74	24.0
20	75	25.0
20	76	21.0
20	77	16.0
20	78	13.0
20	79	8.0
20	80	18.0
20	81	15.0
20	82	22.0
20	83	25.0
20	84	26.0
20	85	13.0
20	86	18.0
20	87	19.0
20	88	15.0
20	89	19.0
20	90	20.0
20	91	22.0
20	92	11.0
20	93	15.0
20	94	13.0
20	95	16.0
20	96	13.0
20	97	11.0
20	98	8.0
20	99	14.0
20	100	14.0
20	101	21.0
20	102	12.0
20	103	15.0
20	104	20.0
20	105	18.0
20	106	17.0
20	107	9.0
20	108	18.0
20	109	21.0
20	110	23.0
20	111	18.0
20	112	15.0
20	113	23.0
20	114	15.0
20	115	19.0
20	116	16.0
20	117	18.0
20	118	14.0
20	119	20.0
20	120	20.0
20	121	18.0
20	122	22.0
21	22	123.0
21	23	76.0
21	24	116.0
21	25	53.0
21	26	49.0
21	27	39.0
21	28	34.0
21	29	44.0
21	30	32.0
21	31	25.0
21	32	15.0
21	33	21.0
21	34	13.0
21	35	17.0
21	36	22.0
21	37	8.0
21	38	17.0
21	39	23.0
21	40	22.0
21	41	19.0
21	42	22.0
21	43	14.0
21	44	22.0
21	45	15.0
21	46	32.0
21	47	31.0
21	48	47.0
21	49	41.0
21	50	30.0
21	51	44.0
21	52	67.0
21	53	50.0
21	54	28.0
21	55	44.0
21	56	28.0
21	57	38.0
21	58	37.0
21	59	37.0
21	60	34.0
21	61	21.0
21	62	30.0
21	63	33.0
21	64	21.0
21	65	18.0
21	66	23.0
21	67	17.0
21	68	24.0
21	69	20.0
21	70	29.0
21	71	24.0
21	72	26.0
21	73	24.0
21	74	29.0
21	75	20.0
21	76	20.0
21	77	25.0
21	78	20.0
21	79	12.0
21	80	24.0
21	81	16.0
21	82	11.0
21	83	13.0
21	84	19.0
21	85	20.0
21	86	11.0
21	87	9.0
21	88	14.0
21	89	4.0
21	90	15.0
21	91	16.0
21	92	12.0
21	93	13.0
21	94	13.0
21	95	13.0
21	96	15.0
21	97	13.0
21	98	22.0
21	99	16.0
21	100	16.0
21	101	10.0
21	102	11.0
21	103	15.0
21	104	15.0
21	105	15.0
21	106	19.0
21	107	13.0
21	108	16.0
21	109	9.0
21	110	20.0
21	111	18.0
21	112	15.0
21	113	14.0
21	114	18.0
21	115	12.0
21	116	24.0
21	117	9.0
21	118	16.0
21	119	15.0
21	120	8.0
21	121	17.0
21	122	25.0
22	23	205.0
22	24	180.0
22	25	90.0
22	26	58.0
22	27	49.0
22	28	40.0
22	29	46.0
22	30	34.0
22	31	28.0
22	32	18.0
22	33	19.0
22	34	17.0
22	35	10.0
22	36	15.0
22	37	12.0
22	38	16.0
22	39	15.0
22	40	19.0
22	41	24.0
22	42	18.0
22	43	24.0
22	44	21.0
22	45	17.0
22	46	32.0
22	47	31.0
22	48	42.0
22	49	56.0
22	50	49.0
22	51	47.0
22	52	63.0
22	53	52.0
22	54	37.0
22	55	29.0
22	56	25.0
22	57	34.0
22	58	26.0
22	59	28.0
22	60	27.0
22	61	28.0
22	62	25.0
22	63	18.0
22	64	23.0
22	65	24.0
22	66	15.0
22	67	24.0
22	68	13.0
22	69	26.0
22	70	25.0
22	71	20.0
22	72	18.0
22	73	17.0
22	74	22.0
22	75	19.0
22	76	23.0
22	77	20.0
22	78	22.0
22	79	20.0
22	80	7.0
22	81	16.0
22	82	13.0
22	83	25.0
22	84	23.0
22	85	21.0
22	86	14.0
22	87	13.0
22	88	11.0
22	89	16.0
22	90	10.0
22	91	11.0
22	92	16.0
22	93	12.0
22	94	12.0
22	95	16.0
22	96	6.0
22	97	14.0
22	98	16.0
22	99	15.0
22	100	11.0
22	101	16.0
22	102	8.0
22	103	16.0
22	104	17.0
22	105	20.0
22	106	18.0
22	107	18.0
22	108	17.0
22	109	20.0
22	110	15.0
22	111	17.0
22	112	15.0
22	113	18.0
22	114	17.0
22	115	23.0
22	116	18.0
22	117	23.0
22	118	12.0
22	119	19.0
22	120	22.0
22	121	20.0
22	122	19.0
23	24	171.0
23	25	63.0
23	26	47.0
23	27	36.0
23	28	43.0
23	29	38.0
23	30	53.0
23	31	21.0
23	32	13.0
23	33	14.0
23	34	15.0
23	35	8.0
23	36	11.0
23	37	15.0
23	38	23.0
23	39	23.0
23	40	17.0
23	41	17.0
23	42	37.0
23	43	22.0
23	44	19.0
23	45	22.0
23	46	23.0
23	47	25.0
23	48	31.0
23	49	46.0
23	50	51.0
23	51	44.0
23	52	46.0
23	53	46.0
23	54	35.0
23	55	26.0
23	56	22.0
23	57	29.0
23	58	29.0
23	59	27.0
23	60	26.0
23	61	26.0
23	62	17.0
23	63	20.0
23	64	19.0
23	65	18.0
23	66	29.0
23	67	16.0
23	68	14.0
23	69	28.0
23	70	22.0
23	71	23.0
23	72	17.0
23	73	12.0
23	74	25.0
23	75	26.0
23	76	20.0
23	77	17.0
23	78	20.0
23	79	10.0
23	80	22.0
23	81	9.0
23	82	15.0
23	83	18.0
23	84	15.0
23	85	19.0
23	86	12.0
23	87	10.0
23	88	11.0
23	89	6.0
23	90	14.0
23	91	16.0
23	92	14.0
23	93	17.0
23	94	11.0
23	95	14.0
23	96	12.0
23	97	17.0
23	98	10.0
23	99	12.0
23	100	9.0
23	101	11.0
23	102	17.0
23	103	14.0
23	104	11.0
23	105	16.0
23	106	7.0
23	107	14.0
23	108	16.0
23	109	8.0
23	110	20.0
23	111	10.0
23	112	11.0
23	113	10.0
23	114	18.0
23	115	22.0
23	116	18.0
23	117	17.0
23	118	16.0
23	119	25.0
23	120	15.0
23	121	17.0
23	122	28.0
24	25	97.0
24	26	46.0
24	27	37.0
24	28	37.0
24	29	38.0
24	30	40.0
24	31	39.0
24	32	17.0
24	33	16.0
24	34	27.0
24	35	11.0
24	36	9.0
24	37	10.0
24	38	19.0
24	39	27.0
24	40	23.0
24	41	22.0
24	42	25.0
24	43	24.0
24	44	17.0
24	45	22.0
24	46	16.0
24	47	34.0
24	48	40.0
24	49	37.0
24	50	49.0
24	51	27.0
24	52	53.0
24	53	38.0
24	54	35.0
24	55	30.0
24	56	23.0
24	57	22.0
24	58	25.0
24	59	33.0
24	60	28.0
24	61	24.0
24	62	13.0
24	63	20.0
24	64	25.0
24	65	17.0
24	66	16.0
24	67	25.0
24	68	18.0
24	69	24.0
24	70	18.0
24	71	16.0
24	72	16.0
24	73	11.0
24	74	11.0
24	75	14.0
24	76	20.0
24	77	14.0
24	78	19.0
24	79	14.0
24	80	17.0
24	81	21.0
24	82	15.0
24	83	25.0
24	84	21.0
24	85	15.0
24	86	9.0
24	87	14.0
24	88	12.0
24	89	17.0
24	90	16.0
24	91	9.0
24	92	11.0
24	93	16.0
24	94	15.0
24	95	15.0
24	96	15.0
24	97	6.0
24	98	11.0
24	99	11.0
24	100	14.0
24	101	10.0
24	102	16.0
24	103	9.0
24	104	12.0
24	105	14.0
24	106	7.0
24	107	14.0
24	108	12.0
24	109	11.0
24	110	16.0
24	111	11.0
24	112	22.0
24	113	18.0
24	114	14.0
24	115	14.0
24	116	19.0
24	117	13.0
24	118	16.0
24	119	15.0
24	120	16.0
24	121	16.0
24	122	22.0
25	26	121.0
25	27	76.0
25	28	86.0
25	29	74.0
25	30	67.0
25	31	34.0
25	32	21.0
25	33	21.0
25	34	24.0
25	35	11.0
25	36	14.0
25	37	11.0
25	38	16.0
25	39	21.0
25	40	19.0
25	41	36.0
25	42	29.0
25	43	31.0
25	44	31.0
25	45	28.0
25	46	35.0
25	47	45.0
25	48	62.0
25	49	54.0
25	50	54.0
25	51	79.0
25	52	47.0
25	53	30.0
25	54	35.0
25	55	33.0
25	56	19.0
25	57	29.0
25	58	31.0
25	59	33.0
25	60	35.0
25	61	19.0
25	62	18.0
25	63	19.0
25	64	21.0
25	65	20.0
25	66	13.0
25	67	24.0
25	68	20.0
25	69	19.0
25	70	19.0
25	71	18.0
25	72	23.0
25	73	20.0
25	74	19.0
25	75	14.0
25	76	15.0
25	77	10.0
25	78	16.0
25	79	14.0
25	80	14.0
25	81	19.0
25	82	14.0
25	83	9.0
25	84	12.0
25	85	18.0
25	86	17.0
25	87	12.0
25	88	9.0
25	89	12.0
25	90	12.0
25	91	12.0
25	92	17.0
25	93	12.0
25	94	12.0
25	95	10.0
25	96	10.0
25	97	7.0
25	98	11.0
25	99	16.0
25	100	7.0
25	101	10.0
25	102	9.0
25	103	13.0
25	104	15.0
25	105	9.0
25	106	17.0
25	107	16.0
25	108	10.0
25	109	14.0
25	110	12.0
25	111	7.0
25	112	15.0
25	113	13.0
25	114	15.0
25	115	20.0
25	116	18.0
25	117	13.0
25	118	18.0
25	119	12.0
25	120	14.0
25	121	12.0
25	122	22.0
26	27	131.0
26	28	63.0
26	29	56.0
26	30	50.0
26	31	35.0
26	32	16.0
26	33	10.0
26	34	24.0
26	35	15.0
26	36	12.0
26	37	19.0
26	38	14.0
26	39	17.0
26	40	23.0
26	41	31.0
26	42	31.0
26	43	33.0
26	44	40.0
26	45	29.0
26	46	54.0
26	47	53.0
26	48	111.0
26	49	57.0
26	50	41.0
26	51	71.0
26	52	56.0
26	53	46.0
26	54	45.0
26	55	30.0
26	56	36.0
26	57	34.0
26	58	23.0
26	59	19.0
26	60	38.0
26	61	27.0
26	62	37.0
26	63	22.0
26	64	24.0
26	65	18.0
26	66	23.0
26	67	25.0
26	68	24.0
26	69	19.0
26	70	20.0
26	71	22.0
26	72	25.0
26	73	24.0
26	74	22.0
26	75	27.0
26	76	16.0
26	77	15.0
26	78	15.0
26	79	12.0
26	80	15.0
26	81	20.0
26	82	13.0
26	83	19.0
26	84	12.0
26	85	19.0
26	86	12.0
26	87	9.0
26	88	9.0
26	89	12.0
26	90	16.0
26	91	13.0
26	92	9.0
26	93	14.0
26	94	7.0
26	95	12.0
26	96	16.0
26	97	19.0
26	98	7.0
26	99	16.0
26	100	12.0
26	101	9.0
26	102	15.0
26	103	12.0
26	104	12.0
26	105	18.0
26	106	10.0
26	107	9.0
26	108	17.0
26	109	12.0
26	110	19.0
26	111	9.0
26	112	11.0
26	113	10.0
26	114	8.0
26	115	12.0
26	116	10.0
26	117	10.0
26	118	19.0
26	119	8.0
26	120	14.0
26	121	19.0
26	122	18.0
27	28	101.0
27	29	82.0
27	30	55.0
27	31	23.0
27	32	32.0
27	33	19.0
27	34	15.0
27	35	11.0
27	36	13.0
27	37	16.0
27	38	24.0
27	39	24.0
27	40	29.0
27	41	45.0
27	42	36.0
27	43	28.0
27	44	27.0
27	45	33.0
27	46	51.0
27	47	44.0
27	48	72.0
27	49	62.0
27	50	54.0
27	51	48.0
27	52	51.0
27	53	29.0
27	54	36.0
27	55	22.0
27	56	41.0
27	57	30.0
27	58	33.0
27	59	27.0
27	60	29.0
27	61	34.0
27	62	20.0
27	63	18.0
27	64	24.0
27	65	16.0
27	66	11.0
27	67	19.0
27	68	18.0
27	69	24.0
27	70	23.0
27	71	30.0
27	72	24.0
27	73	23.0
27	74	13.0
27	75	18.0
27	76	26.0
27	77	11.0
27	78	18.0
27	79	11.0
27	80	20.0
27	81	20.0
27	82	16.0
27	83	20.0
27	84	14.0
27	85	21.0
27	86	21.0
27	87	10.0
27	88	15.0
27	89	17.0
27	90	13.0
27	91	11.0
27	92	15.0
27	93	10.0
27	94	13.0
27	95	17.0
27	96	16.0
27	97	13.0
27	98	11.0
27	99	14.0
27	100	9.0
27	101	12.0
27	102	11.0
27	103	13.0
27	104	9.0
27	105	13.0
27	106	12.0
27	107	21.0
27	108	8.0
27	109	17.0
27	110	8.0
27	111	14.0
27	112	9.0
27	113	10.0
27	114	13.0
27	115	19.0
27	116	15.0
27	117	18.0
27	118	13.0
27	119	13.0
27	120	14.0
27	121	11.0
27	122	12.0
28	29	183.0
28	30	83.0
28	31	36.0
28	32	45.0
28	33	28.0
28	34	19.0
28	35	13.0
28	36	16.0
28	37	17.0
28	38	22.0
28	39	21.0
28	40	44.0
28	41	57.0
28	42	53.0
28	43	46.0
28	44	39.0
28	45	31.0
28	46	25.0
28	47	52.0
28	48	45.0
28	49	52.0
28	50	42.0
28	51	42.0
28	52	34.0
28	53	33.0
28	54	29.0
28	55	24.0
28	56	28.0
28	57	18.0
28	58	26.0
28	59	21.0
28	60	26.0
28	61	20.0
28	62	20.0
28	63	22.0
28	64	19.0
28	65	24.0
28	66	20.0
28	67	20.0
28	68	23.0
28	69	13.0
28	70	12.0
28	71	15.0
28	72	18.0
28	73	13.0
28	74	11.0
28	75	8.0
28	76	13.0
28	77	10.0
28	78	16.0
28	79	15.0
28	80	14.0
28	81	21.0
28	82	15.0
28	83	11.0
28	84	20.0
28	85	19.0
28	86	15.0
28	87	14.0
28	88	12.0
28	89	10.0
28	90	14.0
28	91	8.0
28	92	17.0
28	93	13.0
28	94	9.0
28	95	6.0
28	96	9.0
28	97	10.0
28	98	8.0
28	99	11.0
28	100	14.0
28	101	13.0
28	102	14.0
28	103	12.0
28	104	6.0
28	105	11.0
28	106	8.0
28	107	19.0
28	108	12.0
28	109	17.0
28	110	19.0
28	111	12.0
28	112	10.0
28	113	11.0
28	114	9.0
28	115	16.0
28	116	18.0
28	117	11.0
28	118	13.0
28	119	14.0
28	120	20.0
28	121	14.0
28	122	9.0
29	30	135.0
29	31	60.0
29	32	31.0
29	33	28.0
29	34	21.0
29	35	14.0
29	36	17.0
29	37	29.0
29	38	24.0
29	39	29.0
29	40	49.0
29	41	60.0
29	42	40.0
29	43	27.0
29	44	25.0
29	45	30.0
29	46	32.0
29	47	30.0
29	48	39.0
29	49	29.0
29	50	34.0
29	51	41.0
29	52	30.0
29	53	30.0
29	54	23.0
29	55	16.0
29	56	20.0
29	57	25.0
29	58	22.0
29	59	24.0
29	60	22.0
29	61	21.0
29	62	14.0
29	63	22.0
29	64	22.0
29	65	15.0
29	66	14.0
29	67	15.0
29	68	19.0
29	69	15.0
29	70	11.0
29	71	13.0
29	72	18.0
29	73	18.0
29	74	15.0
29	75	21.0
29	76	17.0
29	77	12.0
29	78	18.0
29	79	15.0
29	80	12.0
29	81	23.0
29	82	16.0
29	83	21.0
29	84	10.0
29	85	15.0
29	86	15.0
29	87	10.0
29	88	9.0
29	89	12.0
29	90	12.0
29	91	19.0
29	92	4.0
29	93	11.0
29	94	11.0
29	95	9.0
29	96	9.0
29	97	8.0
29	98	2.0
29	99	12.0
29	100	5.0
29	101	6.0
29	102	6.0
29	103	18.0
29	104	10.0
29	105	12.0
29	106	15.0
29	107	12.0
29	108	7.0
29	109	11.0
29	110	13.0
29	111	4.0
29	112	6.0
29	113	2.0
29	114	9.0
29	115	8.0
29	116	15.0
29	117	7.0
29	118	14.0
29	119	8.0
29	120	12.0
29	121	7.0
29	122	7.0
30	31	78.0
30	32	43.0
30	33	26.0
30	34	26.0
30	35	22.0
30	36	14.0
30	37	17.0
30	38	31.0
30	39	37.0
30	40	52.0
30	41	38.0
30	42	32.0
30	43	34.0
30	44	23.0
30	45	31.0
30	46	28.0
30	47	21.0
30	48	49.0
30	49	36.0
30	50	35.0
30	51	50.0
30	52	26.0
30	53	32.0
30	54	30.0
30	55	24.0
30	56	25.0
30	57	18.0
30	58	20.0
30	59	8.0
30	60	20.0
30	61	26.0
30	62	16.0
30	63	13.0
30	64	14.0
30	65	12.0
30	66	12.0
30	67	20.0
30	68	12.0
30	69	14.0
30	70	16.0
30	71	23.0
30	72	17.0
30	73	11.0
30	74	17.0
30	75	16.0
30	76	27.0
30	77	10.0
30	78	10.0
30	79	11.0
30	80	16.0
30	81	8.0
30	82	14.0
30	83	14.0
30	84	11.0
30	85	24.0
30	86	12.0
30	87	16.0
30	88	11.0
30	89	13.0
30	90	13.0
30	91	13.0
30	92	12.0
30	93	8.0
30	94	8.0
30	95	11.0
30	96	11.0
30	97	6.0
30	98	9.0
30	99	13.0
30	100	13.0
30	101	12.0
30	102	6.0
30	103	12.0
30	104	16.0
30	105	18.0
30	106	8.0
30	107	7.0
30	108	11.0
30	109	13.0
30	110	20.0
30	111	8.0
30	112	4.0
30	113	13.0
30	114	10.0
30	115	13.0
30	116	11.0
30	117	9.0
30	118	15.0
30	119	16.0
30	120	11.0
30	121	13.0
30	122	12.0
31	32	93.0
31	33	43.0
31	34	35.0
31	35	37.0
31	36	19.0
31	37	30.0
31	38	40.0
31	39	49.0
31	40	98.0
31	41	80.0
31	42	36.0
31	43	30.0
31	44	25.0
31	45	24.0
31	46	20.0
31	47	20.0
31	48	24.0
31	49	27.0
31	50	31.0
31	51	23.0
31	52	20.0
31	53	22.0
31	54	20.0
31	55	15.0
31	56	13.0
31	57	19.0
31	58	13.0
31	59	18.0
31	60	23.0
31	61	13.0
31	62	12.0
31	63	10.0
31	64	19.0
31	65	10.0
31	66	21.0
31	67	7.0
31	68	10.0
31	69	23.0
31	70	11.0
31	71	17.0
31	72	15.0
31	73	14.0
31	74	11.0
31	75	11.0
31	76	15.0
31	77	10.0
31	78	14.0
31	79	11.0
31	80	13.0
31	81	16.0
31	82	17.0
31	83	13.0
31	84	12.0
31	85	8.0
31	86	11.0
31	87	7.0
31	88	13.0
31	89	20.0
31	90	13.0
31	91	7.0
31	92	12.0
31	93	6.0
31	94	13.0
31	95	12.0
31	96	8.0
31	97	5.0
31	98	14.0
31	99	7.0
31	100	11.0
31	101	11.0
31	102	11.0
31	103	10.0
31	104	7.0
31	105	11.0
31	106	11.0
31	107	11.0
31	108	13.0
31	109	10.0
31	110	13.0
31	111	7.0
31	112	14.0
31	113	12.0
31	114	9.0
31	115	10.0
31	116	12.0
31	117	10.0
31	118	14.0
31	119	8.0
31	120	10.0
31	121	11.0
31	122	7.0
32	33	73.0
32	34	48.0
32	35	39.0
32	36	20.0
32	37	49.0
32	38	67.0
32	39	143.0
32	40	108.0
32	41	59.0
32	42	43.0
32	43	42.0
32	44	16.0
32	45	17.0
32	46	21.0
32	47	25.0
32	48	25.0
32	49	23.0
32	50	13.0
32	51	30.0
32	52	29.0
32	53	19.0
32	54	15.0
32	55	15.0
32	56	16.0
32	57	12.0
32	58	14.0
32	59	17.0
32	60	17.0
32	61	13.0
32	62	15.0
32	63	12.0
32	64	9.0
32	65	14.0
32	66	8.0
32	67	11.0
32	68	14.0
32	69	9.0
32	70	9.0
32	71	13.0
32	72	12.0
32	73	8.0
32	74	12.0
32	75	11.0
32	76	8.0
32	77	17.0
32	78	10.0
32	79	12.0
32	80	14.0
32	81	15.0
32	82	13.0
32	83	10.0
32	84	15.0
32	85	8.0
32	86	12.0
32	87	9.0
32	88	6.0
32	89	6.0
32	90	6.0
32	91	11.0
32	92	8.0
32	93	8.0
32	94	5.0
32	95	7.0
32	96	9.0
32	97	14.0
32	98	12.0
32	99	9.0
32	100	7.0
32	101	12.0
32	102	7.0
32	103	10.0
32	104	4.0
32	105	7.0
32	106	9.0
32	107	10.0
32	108	12.0
32	109	8.0
32	110	14.0
32	111	8.0
32	112	14.0
32	113	16.0
32	114	12.0
32	115	5.0
32	116	12.0
32	117	12.0
32	118	6.0
32	119	15.0
32	120	17.0
32	121	8.0
32	122	6.0
33	34	115.0
33	35	46.0
33	36	56.0
33	37	85.0
33	38	392.0
33	39	118.0
33	40	33.0
33	41	40.0
33	42	27.0
33	43	22.0
33	44	15.0
33	45	19.0
33	46	19.0
33	47	19.0
33	48	15.0
33	49	18.0
33	50	18.0
33	51	13.0
33	52	23.0
33	53	19.0
33	54	16.0
33	55	14.0
33	56	16.0
33	57	14.0
33	58	18.0
33	59	11.0
33	60	5.0
33	61	13.0
33	62	13.0
33	63	10.0
33	64	7.0
33	65	8.0
33	66	10.0
33	67	12.0
33	68	15.0
33	69	7.0
33	70	9.0
33	71	12.0
33	72	12.0
33	73	8.0
33	74	7.0
33	75	6.0
33	76	13.0
33	77	12.0
33	78	12.0
33	79	7.0
33	80	9.0
33	81	15.0
33	82	15.0
33	83	12.0
33	84	9.0
33	85	10.0
33	86	11.0
33	87	9.0
33	88	10.0
33	89	16.0
33	90	6.0
33	91	12.0
33	92	12.0
33	93	13.0
33	94	5.0
33	95	12.0
33	96	9.0
33	97	7.0
33	98	13.0
33	99	10.0
33	100	9.0
33	101	11.0
33	102	8.0
33	103	14.0
33	104	2.0
33	105	6.0
33	106	12.0
33	107	8.0
33	108	10.0
33	109	8.0
33	110	9.0
33	111	13.0
33	112	11.0
33	113	13.0
33	114	6.0
33	115	10.0
33	116	12.0
33	117	15.0
33	118	8.0
33	119	11.0
33	120	10.0
33	121	7.0
33	122	8.0
34	35	80.0
34	36	80.0
34	37	510.0
34	38	98.0
34	39	65.0
34	40	24.0
34	41	32.0
34	42	32.0
34	43	21.0
34	44	13.0
34	45	7.0
34	46	14.0
34	47	7.0
34	48	23.0
34	49	18.0
34	50	13.0
34	51	12.0
34	52	8.0
34	53	9.0
34	54	15.0
34	55	12.0
34	56	12.0
34	57	10.0
34	58	8.0
34	59	9.0
34	60	10.0
34	61	9.0
34	62	6.0
34	63	4.0
34	64	4.0
34	65	11.0
34	66	9.0
34	67	11.0
34	68	9.0
34	69	6.0
34	70	11.0
34	71	14.0
34	72	7.0
34	73	9.0
34	74	13.0
34	75	16.0
34	76	10.0
34	77	6.0
34	78	9.0
34	79	14.0
34	80	9.0
34	81	13.0
34	82	12.0
34	83	6.0
34	84	9.0
34	85	7.0
34	86	11.0
34	87	7.0
34	88	8.0
34	89	4.0
34	90	8.0
34	91	5.0
34	92	9.0
34	93	8.0
34	94	6.0
34	95	10.0
34	96	14.0
34	97	6.0
34	98	4.0
34	99	9.0
34	100	9.0
34	101	9.0
34	102	5.0
34	103	7.0
34	104	5.0
34	105	5.0
34	106	7.0
34	107	10.0
34	108	7.0
34	109	14.0
34	110	6.0
34	111	9.0
34	112	8.0
34	113	8.0
34	114	9.0
34	115	7.0
34	116	17.0
34	117	9.0
34	118	6.0
34	119	5.0
34	120	11.0
34	121	5.0
34	122	8.0
35	36	552.0
35	37	95.0
35	38	40.0
35	39	25.0
35	40	28.0
35	41	26.0
35	42	19.0
35	43	21.0
35	44	23.0
35	45	20.0
35	46	13.0
35	47	16.0
35	48	15.0
35	49	11.0
35	50	18.0
35	51	11.0
35	52	11.0
35	53	13.0
35	54	11.0
35	55	6.0
35	56	10.0
35	57	12.0
35	58	5.0
35	59	10.0
35	60	15.0
35	61	12.0
35	62	16.0
35	63	12.0
35	64	11.0
35	65	9.0
35	66	15.0
35	67	10.0
35	68	8.0
35	69	8.0
35	70	7.0
35	71	8.0
35	72	9.0
35	73	8.0
35	74	5.0
35	75	4.0
35	76	17.0
35	77	6.0
35	78	12.0
35	79	9.0
35	80	13.0
35	81	11.0
35	82	12.0
35	83	4.0
35	84	11.0
35	85	7.0
35	86	13.0
35	87	4.0
35	88	5.0
35	89	6.0
35	90	4.0
35	91	11.0
35	92	9.0
35	93	12.0
35	94	3.0
35	95	5.0
35	96	4.0
35	97	4.0
35	98	3.0
35	99	1.0
35	100	5.0
35	101	12.0
35	102	12.0
35	103	13.0
35	104	6.0
35	105	9.0
35	106	10.0
35	107	10.0
35	108	8.0
35	109	10.0
35	110	4.0
35	111	15.0
35	112	10.0
35	113	13.0
35	114	5.0
35	115	6.0
35	116	8.0
35	117	7.0
35	118	8.0
35	119	6.0
35	120	7.0
35	121	9.0
35	122	9.0
36	37	99.0
36	38	44.0
36	39	28.0
36	40	20.0
36	41	19.0
36	42	21.0
36	43	26.0
36	44	13.0
36	45	8.0
36	46	8.0
36	47	19.0
36	48	10.0
36	49	11.0
36	50	10.0
36	51	16.0
36	52	10.0
36	53	14.0
36	54	16.0
36	55	10.0
36	56	10.0
36	57	7.0
36	58	11.0
36	59	9.0
36	60	7.0
36	61	8.0
36	62	6.0
36	63	6.0
36	64	9.0
36	65	10.0
36	66	9.0
36	67	2.0
36	68	11.0
36	69	11.0
36	70	5.0
36	71	7.0
36	72	11.0
36	73	18.0
36	74	11.0
36	75	8.0
36	76	16.0
36	77	11.0
36	78	12.0
36	79	4.0
36	80	7.0
36	81	6.0
36	82	6.0
36	83	5.0
36	84	9.0
36	85	8.0
36	86	8.0
36	87	6.0
36	88	5.0
36	89	5.0
36	90	15.0
36	91	5.0
36	92	7.0
36	93	6.0
36	94	6.0
36	95	7.0
36	96	2.0
36	97	11.0
36	98	8.0
36	99	10.0
36	100	9.0
36	101	4.0
36	102	13.0
36	103	8.0
36	104	7.0
36	105	5.0
36	106	4.0
36	107	5.0
36	108	9.0
36	109	6.0
36	110	14.0
36	111	11.0
36	112	5.0
36	113	7.0
36	114	6.0
36	115	9.0
36	116	11.0
36	117	10.0
36	118	4.0
36	119	9.0
36	120	9.0
36	121	6.0
36	122	15.0
37	38	101.0
37	39	46.0
37	40	29.0
37	41	26.0
37	42	37.0
37	43	26.0
37	44	25.0
37	45	13.0
37	46	20.0
37	47	12.0
37	48	12.0
37	49	11.0
37	50	13.0
37	51	19.0
37	52	12.0
37	53	8.0
37	54	21.0
37	55	9.0
37	56	8.0
37	57	20.0
37	58	10.0
37	59	9.0
37	60	11.0
37	61	14.0
37	62	5.0
37	63	10.0
37	64	12.0
37	65	6.0
37	66	10.0
37	67	3.0
37	68	5.0
37	69	9.0
37	70	9.0
37	71	13.0
37	72	10.0
37	73	4.0
37	74	10.0
37	75	6.0
37	76	9.0
37	77	8.0
37	78	11.0
37	79	6.0
37	80	7.0
37	81	7.0
37	82	9.0
37	83	11.0
37	84	4.0
37	85	11.0
37	86	3.0
37	87	5.0
37	88	3.0
37	89	3.0
37	90	9.0
37	91	10.0
37	92	4.0
37	93	8.0
37	94	10.0
37	95	10.0
37	96	8.0
37	97	5.0
37	98	17.0
37	99	8.0
37	100	5.0
37	101	2.0
37	102	5.0
37	103	5.0
37	104	10.0
37	105	12.0
37	106	8.0
37	107	7.0
37	108	8.0
37	109	11.0
37	110	10.0
37	111	8.0
37	112	9.0
37	113	6.0
37	114	9.0
37	115	8.0
37	116	6.0
37	117	6.0
37	118	9.0
37	119	8.0
37	120	10.0
37	121	7.0
37	122	7.0
38	39	96.0
38	40	43.0
38	41	37.0
38	42	42.0
38	43	23.0
38	44	20.0
38	45	17.0
38	46	13.0
38	47	14.0
38	48	7.0
38	49	13.0
38	50	20.0
38	51	17.0
38	52	11.0
38	53	11.0
38	54	10.0
38	55	10.0
38	56	13.0
38	57	7.0
38	58	9.0
38	59	18.0
38	60	14.0
38	61	12.0
38	62	7.0
38	63	15.0
38	64	5.0
38	65	12.0
38	66	9.0
38	67	12.0
38	68	13.0
38	69	9.0
38	70	11.0
38	71	12.0
38	72	7.0
38	73	6.0
38	74	20.0
38	75	10.0
38	76	13.0
38	77	17.0
38	78	6.0
38	79	11.0
38	80	9.0
38	81	7.0
38	82	6.0
38	83	7.0
38	84	9.0
38	85	14.0
38	86	12.0
38	87	5.0
38	88	7.0
38	89	3.0
38	90	6.0
38	91	3.0
38	92	14.0
38	93	8.0
38	94	5.0
38	95	9.0
38	96	3.0
38	97	7.0
38	98	8.0
38	99	9.0
38	100	13.0
38	101	9.0
38	102	6.0
38	103	6.0
38	104	7.0
38	105	6.0
38	106	11.0
38	107	11.0
38	108	14.0
38	109	9.0
38	110	7.0
38	111	13.0
38	112	4.0
38	113	9.0
38	114	7.0
38	115	10.0
38	116	7.0
38	117	6.0
38	118	11.0
38	119	16.0
38	120	14.0
38	121	10.0
38	122	8.0
39	40	71.0
39	41	49.0
39	42	39.0
39	43	23.0
39	44	21.0
39	45	20.0
39	46	14.0
39	47	16.0
39	48	20.0
39	49	21.0
39	50	22.0
39	51	19.0
39	52	19.0
39	53	20.0
39	54	9.0
39	55	17.0
39	56	13.0
39	57	12.0
39	58	14.0
39	59	17.0
39	60	16.0
39	61	15.0
39	62	13.0
39	63	11.0
39	64	16.0
39	65	7.0
39	66	12.0
39	67	12.0
39	68	13.0
39	69	11.0
39	70	11.0
39	71	16.0
39	72	14.0
39	73	12.0
39	74	9.0
39	75	5.0
39	76	4.0
39	77	11.0
39	78	10.0
39	79	9.0
39	80	10.0
39	81	3.0
39	82	13.0
39	83	15.0
39	84	10.0
39	85	11.0
39	86	13.0
39	87	11.0
39	88	11.0
39	89	9.0
39	90	16.0
39	91	17.0
39	92	4.0
39	93	9.0
39	94	7.0
39	95	7.0
39	96	6.0
39	97	11.0
39	98	8.0
39	99	11.0
39	100	10.0
39	101	9.0
39	102	11.0
39	103	9.0
39	104	12.0
39	105	10.0
39	106	20.0
39	107	10.0
39	108	8.0
39	109	15.0
39	110	6.0
39	111	7.0
39	112	9.0
39	113	12.0
39	114	14.0
39	115	14.0
39	116	11.0
39	117	5.0
39	118	9.0
39	119	14.0
39	120	17.0
39	121	12.0
39	122	7.0
40	41	101.0
40	42	49.0
40	43	33.0
40	44	31.0
40	45	16.0
40	46	20.0
40	47	17.0
40	48	22.0
40	49	30.0
40	50	32.0
40	51	19.0
40	52	28.0
40	53	22.0
40	54	21.0
40	55	13.0
40	56	17.0
40	57	19.0
40	58	17.0
40	59	11.0
40	60	12.0
40	61	17.0
40	62	22.0
40	63	9.0
40	64	8.0
40	65	16.0
40	66	16.0
40	67	16.0
40	68	13.0
40	69	25.0
40	70	20.0
40	71	16.0
40	72	17.0
40	73	16.0
40	74	19.0
40	75	5.0
40	76	13.0
40	77	15.0
40	78	13.0
40	79	11.0
40	80	14.0
40	81	14.0
40	82	8.0
40	83	16.0
40	84	11.0
40	85	13.0
40	86	11.0
40	87	14.0
40	88	9.0
40	89	9.0
40	90	12.0
40	91	8.0
40	92	11.0
40	93	18.0
40	94	12.0
40	95	12.0
40	96	9.0
40	97	11.0
40	98	12.0
40	99	6.0
40	100	9.0
40	101	11.0
40	102	13.0
40	103	6.0
40	104	10.0
40	105	11.0
40	106	12.0
40	107	6.0
40	108	20.0
40	109	9.0
40	110	10.0
40	111	7.0
40	112	14.0
40	113	11.0
40	114	1.0
40	115	13.0
40	116	17.0
40	117	9.0
40	118	11.0
40	119	12.0
40	120	11.0
40	121	16.0
40	122	13.0
41	42	107.0
41	43	53.0
41	44	32.0
41	45	19.0
41	46	16.0
41	47	27.0
41	48	32.0
41	49	36.0
41	50	32.0
41	51	34.0
41	52	19.0
41	53	19.0
41	54	21.0
41	55	17.0
41	56	20.0
41	57	22.0
41	58	16.0
41	59	13.0
41	60	20.0
41	61	12.0
41	62	16.0
41	63	15.0
41	64	14.0
41	65	8.0
41	66	12.0
41	67	13.0
41	68	8.0
41	69	12.0
41	70	15.0
41	71	17.0
41	72	19.0
41	73	12.0
41	74	13.0
41	75	18.0
41	76	11.0
41	77	14.0
41	78	9.0
41	79	10.0
41	80	18.0
41	81	11.0
41	82	21.0
41	83	9.0
41	84	16.0
41	85	14.0
41	86	10.0
41	87	8.0
41	88	9.0
41	89	18.0
41	90	15.0
41	91	15.0
41	92	10.0
41	93	10.0
41	94	7.0
41	95	3.0
41	96	18.0
41	97	12.0
41	98	11.0
41	99	13.0
41	100	9.0
41	101	8.0
41	102	15.0
41	103	10.0
41	104	10.0
41	105	12.0
41	106	10.0
41	107	12.0
41	108	11.0
41	109	14.0
41	110	10.0
41	111	13.0
41	112	6.0
41	113	13.0
41	114	16.0
41	115	11.0
41	116	19.0
41	117	12.0
41	118	15.0
41	119	18.0
41	120	8.0
41	121	14.0
41	122	15.0
42	43	91.0
42	44	61.0
42	45	32.0
42	46	34.0
42	47	16.0
42	48	21.0
42	49	15.0
42	50	34.0
42	51	23.0
42	52	20.0
42	53	16.0
42	54	18.0
42	55	22.0
42	56	14.0
42	57	21.0
42	58	17.0
42	59	20.0
42	60	23.0
42	61	28.0
42	62	13.0
42	63	20.0
42	64	14.0
42	65	20.0
42	66	15.0
42	67	15.0
42	68	14.0
42	69	9.0
42	70	14.0
42	71	17.0
42	72	13.0
42	73	18.0
42	74	13.0
42	75	19.0
42	76	16.0
42	77	17.0
42	78	12.0
42	79	17.0
42	80	11.0
42	81	14.0
42	82	8.0
42	83	12.0
42	84	9.0
42	85	22.0
42	86	11.0
42	87	12.0
42	88	7.0
42	89	15.0
42	90	11.0
42	91	14.0
42	92	9.0
42	93	10.0
42	94	10.0
42	95	11.0
42	96	17.0
42	97	15.0
42	98	14.0
42	99	5.0
42	100	8.0
42	101	8.0
42	102	10.0
42	103	7.0
42	104	9.0
42	105	8.0
42	106	11.0
42	107	6.0
42	108	12.0
42	109	12.0
42	110	12.0
42	111	6.0
42	112	10.0
42	113	6.0
42	114	13.0
42	115	11.0
42	116	9.0
42	117	11.0
42	118	11.0
42	119	10.0
42	120	8.0
42	121	8.0
42	122	10.0
43	44	86.0
43	45	41.0
43	46	30.0
43	47	37.0
43	48	24.0
43	49	32.0
43	50	31.0
43	51	27.0
43	52	22.0
43	53	21.0
43	54	14.0
43	55	16.0
43	56	27.0
43	57	9.0
43	58	21.0
43	59	20.0
43	60	13.0
43	61	12.0
43	62	16.0
43	63	9.0
43	64	20.0
43	65	11.0
43	66	17.0
43	67	10.0
43	68	12.0
43	69	15.0
43	70	8.0
43	71	10.0
43	72	21.0
43	73	20.0
43	74	9.0
43	75	14.0
43	76	10.0
43	77	21.0
43	78	8.0
43	79	8.0
43	80	9.0
43	81	10.0
43	82	16.0
43	83	14.0
43	84	12.0
43	85	11.0
43	86	13.0
43	87	11.0
43	88	5.0
43	89	3.0
43	90	10.0
43	91	11.0
43	92	13.0
43	93	6.0
43	94	8.0
43	95	9.0
43	96	10.0
43	97	10.0
43	98	13.0
43	99	7.0
43	100	12.0
43	101	7.0
43	102	5.0
43	103	9.0
43	104	13.0
43	105	8.0
43	106	6.0
43	107	6.0
43	108	14.0
43	109	4.0
43	110	10.0
43	111	8.0
43	112	8.0
43	113	6.0
43	114	11.0
43	115	7.0
43	116	16.0
43	117	11.0
43	118	9.0
43	119	12.0
43	120	13.0
43	121	9.0
43	122	11.0
44	45	79.0
44	46	37.0
44	47	37.0
44	48	35.0
44	49	19.0
44	50	25.0
44	51	39.0
44	52	32.0
44	53	26.0
44	54	20.0
44	55	24.0
44	56	27.0
44	57	19.0
44	58	17.0
44	59	17.0
44	60	15.0
44	61	25.0
44	62	11.0
44	63	14.0
44	64	24.0
44	65	17.0
44	66	21.0
44	67	10.0
44	68	17.0
44	69	11.0
44	70	17.0
44	71	16.0
44	72	7.0
44	73	14.0
44	74	15.0
44	75	14.0
44	76	14.0
44	77	15.0
44	78	14.0
44	79	11.0
44	80	9.0
44	81	10.0
44	82	8.0
44	83	12.0
44	84	14.0
44	85	9.0
44	86	13.0
44	87	10.0
44	88	8.0
44	89	15.0
44	90	8.0
44	91	13.0
44	92	10.0
44	93	19.0
44	94	14.0
44	95	5.0
44	96	10.0
44	97	12.0
44	98	12.0
44	99	10.0
44	100	7.0
44	101	11.0
44	102	13.0
44	103	14.0
44	104	7.0
44	105	3.0
44	106	14.0
44	107	10.0
44	108	11.0
44	109	9.0
44	110	9.0
44	111	12.0
44	112	5.0
44	113	11.0
44	114	12.0
44	115	10.0
44	116	19.0
44	117	9.0
44	118	12.0
44	119	14.0
44	120	5.0
44	121	6.0
44	122	12.0
45	46	113.0
45	47	57.0
45	48	34.0
45	49	26.0
45	50	25.0
45	51	28.0
45	52	27.0
45	53	27.0
45	54	30.0
45	55	37.0
45	56	31.0
45	57	35.0
45	58	30.0
45	59	25.0
45	60	14.0
45	61	23.0
45	62	31.0
45	63	29.0
45	64	25.0
45	65	20.0
45	66	17.0
45	67	18.0
45	68	26.0
45	69	25.0
45	70	19.0
45	71	18.0
45	72	15.0
45	73	18.0
45	74	20.0
45	75	16.0
45	76	13.0
45	77	20.0
45	78	15.0
45	79	14.0
45	80	20.0
45	81	14.0
45	82	15.0
45	83	8.0
45	84	14.0
45	85	9.0
45	86	9.0
45	87	13.0
45	88	11.0
45	89	16.0
45	90	11.0
45	91	17.0
45	92	9.0
45	93	9.0
45	94	9.0
45	95	8.0
45	96	5.0
45	97	11.0
45	98	17.0
45	99	14.0
45	100	14.0
45	101	8.0
45	102	12.0
45	103	7.0
45	104	12.0
45	105	10.0
45	106	9.0
45	107	4.0
45	108	13.0
45	109	5.0
45	110	16.0
45	111	13.0
45	112	13.0
45	113	11.0
45	114	8.0
45	115	11.0
45	116	10.0
45	117	10.0
45	118	8.0
45	119	11.0
45	120	16.0
45	121	10.0
45	122	13.0
46	47	99.0
46	48	54.0
46	49	32.0
46	50	36.0
46	51	42.0
46	52	29.0
46	53	38.0
46	54	31.0
46	55	55.0
46	56	42.0
46	57	40.0
46	58	23.0
46	59	20.0
46	60	21.0
46	61	31.0
46	62	24.0
46	63	26.0
46	64	31.0
46	65	23.0
46	66	29.0
46	67	32.0
46	68	23.0
46	69	19.0
46	70	16.0
46	71	22.0
46	72	17.0
46	73	15.0
46	74	20.0
46	75	18.0
46	76	19.0
46	77	9.0
46	78	20.0
46	79	19.0
46	80	22.0
46	81	14.0
46	82	21.0
46	83	16.0
46	84	16.0
46	85	12.0
46	86	19.0
46	87	13.0
46	88	16.0
46	89	21.0
46	90	12.0
46	91	15.0
46	92	11.0
46	93	13.0
46	94	13.0
46	95	16.0
46	96	13.0
46	97	7.0
46	98	6.0
46	99	7.0
46	100	3.0
46	101	10.0
46	102	14.0
46	103	14.0
46	104	13.0
46	105	6.0
46	106	18.0
46	107	17.0
46	108	12.0
46	109	17.0
46	110	10.0
46	111	7.0
46	112	11.0
46	113	15.0
46	114	14.0
46	115	9.0
46	116	10.0
46	117	16.0
46	118	14.0
46	119	13.0
46	120	10.0
46	121	7.0
46	122	10.0
47	48	96.0
47	49	45.0
47	50	37.0
47	51	56.0
47	52	37.0
47	53	46.0
47	54	48.0
47	55	47.0
47	56	54.0
47	57	30.0
47	58	30.0
47	59	26.0
47	60	38.0
47	61	26.0
47	62	23.0
47	63	30.0
47	64	33.0
47	65	23.0
47	66	27.0
47	67	19.0
47	68	19.0
47	69	23.0
47	70	20.0
47	71	20.0
47	72	15.0
47	73	20.0
47	74	16.0
47	75	23.0
47	76	22.0
47	77	21.0
47	78	25.0
47	79	16.0
47	80	20.0
47	81	15.0
47	82	13.0
47	83	16.0
47	84	12.0
47	85	13.0
47	86	17.0
47	87	9.0
47	88	18.0
47	89	9.0
47	90	13.0
47	91	13.0
47	92	9.0
47	93	12.0
47	94	17.0
47	95	11.0
47	96	17.0
47	97	21.0
47	98	14.0
47	99	13.0
47	100	17.0
47	101	9.0
47	102	6.0
47	103	7.0
47	104	11.0
47	105	13.0
47	106	9.0
47	107	13.0
47	108	14.0
47	109	13.0
47	110	12.0
47	111	9.0
47	112	12.0
47	113	7.0
47	114	12.0
47	115	17.0
47	116	15.0
47	117	20.0
47	118	16.0
47	119	10.0
47	120	14.0
47	121	15.0
47	122	14.0
48	49	91.0
48	50	60.0
48	51	136.0
48	52	105.0
48	53	58.0
48	54	60.0
48	55	63.0
48	56	79.0
48	57	48.0
48	58	49.0
48	59	36.0
48	60	32.0
48	61	33.0
48	62	31.0
48	63	30.0
48	64	31.0
48	65	28.0
48	66	27.0
48	67	24.0
48	68	22.0
48	69	23.0
48	70	19.0
48	71	18.0
48	72	28.0
48	73	31.0
48	74	16.0
48	75	25.0
48	76	21.0
48	77	23.0
48	78	21.0
48	79	16.0
48	80	21.0
48	81	21.0
48	82	27.0
48	83	18.0
48	84	12.0
48	85	22.0
48	86	12.0
48	87	15.0
48	88	22.0
48	89	12.0
48	90	18.0
48	91	19.0
48	92	11.0
48	93	20.0
48	94	16.0
48	95	6.0
48	96	7.0
48	97	13.0
48	98	16.0
48	99	15.0
48	100	13.0
48	101	19.0
48	102	12.0
48	103	9.0
48	104	7.0
48	105	13.0
48	106	8.0
48	107	11.0
48	108	14.0
48	109	18.0
48	110	16.0
48	111	9.0
48	112	18.0
48	113	17.0
48	114	6.0
48	115	17.0
48	116	17.0
48	117	15.0
48	118	14.0
48	119	15.0
48	120	11.0
48	121	13.0
48	122	15.0
49	50	170.0
49	51	247.0
49	52	76.0
49	53	44.0
49	54	47.0
49	55	39.0
49	56	60.0
49	57	53.0
49	58	59.0
49	59	41.0
49	60	55.0
49	61	40.0
49	62	32.0
49	63	33.0
49	64	33.0
49	65	27.0
49	66	30.0
49	67	24.0
49	68	26.0
49	69	19.0
49	70	29.0
49	71	29.0
49	72	31.0
49	73	22.0
49	74	23.0
49	75	30.0
49	76	29.0
49	77	26.0
49	78	17.0
49	79	20.0
49	80	13.0
49	81	28.0
49	82	31.0
49	83	19.0
49	84	14.0
49	85	29.0
49	86	16.0
49	87	20.0
49	88	15.0
49	89	20.0
49	90	17.0
49	91	20.0
49	92	16.0
49	93	16.0
49	94	14.0
49	95	12.0
49	96	18.0
49	97	15.0
49	98	6.0
49	99	16.0
49	100	18.0
49	101	14.0
49	102	10.0
49	103	12.0
49	104	14.0
49	105	16.0
49	106	10.0
49	107	8.0
49	108	14.0
49	109	16.0
49	110	18.0
49	111	15.0
49	112	12.0
49	113	20.0
49	114	20.0
49	115	22.0
49	116	21.0
49	117	13.0
49	118	14.0
49	119	17.0
49	120	18.0
49	121	11.0
49	122	20.0
50	51	106.0
50	52	58.0
50	53	31.0
50	54	49.0
50	55	36.0
50	56	34.0
50	57	40.0
50	58	32.0
50	59	43.0
50	60	41.0
50	61	31.0
50	62	27.0
50	63	28.0
50	64	29.0
50	65	21.0
50	66	30.0
50	67	14.0
50	68	31.0
50	69	16.0
50	70	23.0
50	71	27.0
50	72	29.0
50	73	25.0
50	74	31.0
50	75	23.0
50	76	21.0
50	77	28.0
50	78	17.0
50	79	22.0
50	80	25.0
50	81	23.0
50	82	30.0
50	83	21.0
50	84	31.0
50	85	21.0
50	86	18.0
50	87	10.0
50	88	11.0
50	89	23.0
50	90	18.0
50	91	22.0
50	92	23.0
50	93	7.0
50	94	21.0
50	95	21.0
50	96	17.0
50	97	13.0
50	98	21.0
50	99	16.0
50	100	17.0
50	101	21.0
50	102	14.0
50	103	12.0
50	104	12.0
50	105	16.0
50	106	16.0
50	107	20.0
50	108	22.0
50	109	17.0
50	110	24.0
50	111	36.0
50	112	18.0
50	113	30.0
50	114	17.0
50	115	20.0
50	116	35.0
50	117	28.0
50	118	12.0
50	119	19.0
50	120	19.0
50	121	20.0
50	122	15.0
51	52	109.0
51	53	62.0
51	54	70.0
51	55	52.0
51	56	58.0
51	57	59.0
51	58	47.0
51	59	35.0
51	60	41.0
51	61	48.0
51	62	37.0
51	63	25.0
51	64	15.0
51	65	23.0
51	66	23.0
51	67	25.0
51	68	33.0
51	69	45.0
51	70	33.0
51	71	24.0
51	72	27.0
51	73	31.0
51	74	22.0
51	75	28.0
51	76	23.0
51	77	28.0
51	78	24.0
51	79	23.0
51	80	15.0
51	81	20.0
51	82	18.0
51	83	27.0
51	84	21.0
51	85	21.0
51	86	15.0
51	87	16.0
51	88	12.0
51	89	15.0
51	90	26.0
51	91	22.0
51	92	11.0
51	93	28.0
51	94	15.0
51	95	24.0
51	96	14.0
51	97	10.0
51	98	11.0
51	99	15.0
51	100	15.0
51	101	13.0
51	102	16.0
51	103	12.0
51	104	12.0
51	105	12.0
51	106	20.0
51	107	15.0
51	108	24.0
51	109	22.0
51	110	14.0
51	111	10.0
51	112	14.0
51	113	16.0
51	114	17.0
51	115	15.0
51	116	13.0
51	117	19.0
51	118	9.0
51	119	20.0
51	120	22.0
51	121	20.0
51	122	14.0
52	53	123.0
52	54	110.0
52	55	68.0
52	56	58.0
52	57	94.0
52	58	50.0
52	59	45.0
52	60	62.0
52	61	34.0
52	62	35.0
52	63	28.0
52	64	35.0
52	65	24.0
52	66	19.0
52	67	32.0
52	68	41.0
52	69	42.0
52	70	35.0
52	71	29.0
52	72	35.0
52	73	24.0
52	74	16.0
52	75	32.0
52	76	30.0
52	77	24.0
52	78	25.0
52	79	21.0
52	80	21.0
52	81	23.0
52	82	17.0
52	83	19.0
52	84	16.0
52	85	17.0
52	86	16.0
52	87	15.0
52	88	15.0
52	89	17.0
52	90	26.0
52	91	17.0
52	92	15.0
52	93	18.0
52	94	16.0
52	95	10.0
52	96	10.0
52	97	9.0
52	98	20.0
52	99	25.0
52	100	17.0
52	101	20.0
52	102	20.0
52	103	6.0
52	104	18.0
52	105	24.0
52	106	18.0
52	107	20.0
52	108	22.0
52	109	16.0
52	110	16.0
52	111	19.0
52	112	20.0
52	113	12.0
52	114	23.0
52	115	17.0
52	116	20.0
52	117	23.0
52	118	19.0
52	119	19.0
52	120	16.0
52	121	28.0
52	122	11.0
53	54	140.0
53	55	62.0
53	56	63.0
53	57	66.0
53	58	45.0
53	59	38.0
53	60	53.0
53	61	49.0
53	62	43.0
53	63	44.0
53	64	31.0
53	65	45.0
53	66	35.0
53	67	36.0
53	68	27.0
53	69	28.0
53	70	35.0
53	71	29.0
53	72	32.0
53	73	29.0
53	74	25.0
53	75	21.0
53	76	32.0
53	77	20.0
53	78	35.0
53	79	22.0
53	80	14.0
53	81	28.0
53	82	13.0
53	83	14.0
53	84	20.0
53	85	25.0
53	86	18.0
53	87	14.0
53	88	19.0
53	89	18.0
53	90	12.0
53	91	13.0
53	92	21.0
53	93	13.0
53	94	14.0
53	95	10.0
53	96	15.0
53	97	17.0
53	98	21.0
53	99	16.0
53	100	10.0
53	101	16.0
53	102	10.0
53	103	12.0
53	104	13.0
53	105	18.0
53	106	14.0
53	107	27.0
53	108	13.0
53	109	16.0
53	110	17.0
53	111	17.0
53	112	18.0
53	113	11.0
53	114	15.0
53	115	19.0
53	116	14.0
53	117	14.0
53	118	23.0
53	119	23.0
53	120	17.0
53	121	13.0
53	122	16.0
54	55	95.0
54	56	118.0
54	57	110.0
54	58	81.0
54	59	61.0
54	60	71.0
54	61	80.0
54	62	43.0
54	63	41.0
54	64	45.0
54	65	41.0
54	66	34.0
54	67	49.0
54	68	36.0
54	69	46.0
54	70	47.0
54	71	30.0
54	72	35.0
54	73	26.0
54	74	31.0
54	75	30.0
54	76	41.0
54	77	27.0
54	78	24.0
54	79	22.0
54	80	25.0
54	81	17.0
54	82	28.0
54	83	15.0
54	84	17.0
54	85	24.0
54	86	21.0
54	87	23.0
54	88	20.0
54	89	26.0
54	90	20.0
54	91	13.0
54	92	17.0
54	93	15.0
54	94	19.0
54	95	18.0
54	96	12.0
54	97	14.0
54	98	17.0
54	99	19.0
54	100	19.0
54	101	15.0
54	102	11.0
54	103	8.0
54	104	15.0
54	105	20.0
54	106	12.0
54	107	14.0
54	108	20.0
54	109	16.0
54	110	16.0
54	111	23.0
54	112	12.0
54	113	14.0
54	114	14.0
54	115	20.0
54	116	17.0
54	117	19.0
54	118	13.0
54	119	17.0
54	120	17.0
54	121	24.0
54	122	24.0
55	56	455.0
55	57	103.0
55	58	84.0
55	59	45.0
55	60	46.0
55	61	75.0
55	62	70.0
55	63	68.0
55	64	55.0
55	65	49.0
55	66	35.0
55	67	43.0
55	68	21.0
55	69	31.0
55	70	27.0
55	71	21.0
55	72	23.0
55	73	30.0
55	74	23.0
55	75	31.0
55	76	28.0
55	77	25.0
55	78	22.0
55	79	15.0
55	80	26.0
55	81	28.0
55	82	21.0
55	83	30.0
55	84	22.0
55	85	16.0
55	86	20.0
55	87	14.0
55	88	13.0
55	89	19.0
55	90	12.0
55	91	22.0
55	92	24.0
55	93	19.0
55	94	18.0
55	95	15.0
55	96	13.0
55	97	13.0
55	98	12.0
55	99	21.0
55	100	15.0
55	101	9.0
55	102	18.0
55	103	10.0
55	104	15.0
55	105	13.0
55	106	15.0
55	107	15.0
55	108	17.0
55	109	17.0
55	110	14.0
55	111	14.0
55	112	14.0
55	113	10.0
55	114	11.0
55	115	15.0
55	116	16.0
55	117	23.0
55	118	14.0
55	119	14.0
55	120	13.0
55	121	17.0
55	122	18.0
56	57	98.0
56	58	77.0
56	59	39.0
56	60	45.0
56	61	87.0
56	62	68.0
56	63	55.0
56	64	42.0
56	65	54.0
56	66	37.0
56	67	44.0
56	68	41.0
56	69	38.0
56	70	34.0
56	71	21.0
56	72	31.0
56	73	25.0
56	74	34.0
56	75	35.0
56	76	41.0
56	77	32.0
56	78	20.0
56	79	24.0
56	80	24.0
56	81	16.0
56	82	20.0
56	83	26.0
56	84	27.0
56	85	26.0
56	86	13.0
56	87	15.0
56	88	27.0
56	89	19.0
56	90	18.0
56	91	20.0
56	92	16.0
56	93	19.0
56	94	29.0
56	95	29.0
56	96	13.0
56	97	11.0
56	98	20.0
56	99	24.0
56	100	14.0
56	101	17.0
56	102	15.0
56	103	9.0
56	104	11.0
56	105	8.0
56	106	17.0
56	107	19.0
56	108	16.0
56	109	19.0
56	110	23.0
56	111	12.0
56	112	16.0
56	113	13.0
56	114	11.0
56	115	20.0
56	116	11.0
56	117	21.0
56	118	19.0
56	119	11.0
56	120	22.0
56	121	9.0
56	122	17.0
57	58	170.0
57	59	104.0
57	60	75.0
57	61	129.0
57	62	61.0
57	63	52.0
57	64	69.0
57	65	42.0
57	66	28.0
57	67	51.0
57	68	48.0
57	69	42.0
57	70	43.0
57	71	32.0
57	72	28.0
57	73	33.0
57	74	31.0
57	75	35.0
57	76	42.0
57	77	37.0
57	78	30.0
57	79	29.0
57	80	31.0
57	81	31.0
57	82	25.0
57	83	21.0
57	84	25.0
57	85	30.0
57	86	24.0
57	87	17.0
57	88	23.0
57	89	23.0
57	90	21.0
57	91	24.0
57	92	13.0
57	93	24.0
57	94	15.0
57	95	14.0
57	96	17.0
57	97	11.0
57	98	19.0
57	99	19.0
57	100	18.0
57	101	19.0
57	102	13.0
57	103	25.0
57	104	13.0
57	105	19.0
57	106	12.0
57	107	17.0
57	108	24.0
57	109	18.0
57	110	19.0
57	111	18.0
57	112	20.0
57	113	17.0
57	114	23.0
57	115	27.0
57	116	22.0
57	117	19.0
57	118	17.0
57	119	19.0
57	120	17.0
57	121	18.0
57	122	15.0
58	59	101.0
58	60	104.0
58	61	396.0
58	62	92.0
58	63	82.0
58	64	58.0
58	65	53.0
58	66	48.0
58	67	77.0
58	68	52.0
58	69	82.0
58	70	56.0
58	71	58.0
58	72	47.0
58	73	37.0
58	74	38.0
58	75	35.0
58	76	39.0
58	77	34.0
58	78	35.0
58	79	38.0
58	80	41.0
58	81	30.0
58	82	32.0
58	83	36.0
58	84	30.0
58	85	30.0
58	86	27.0
58	87	22.0
58	88	25.0
58	89	26.0
58	90	24.0
58	91	35.0
58	92	22.0
58	93	22.0
58	94	18.0
58	95	16.0
58	96	15.0
58	97	9.0
58	98	22.0
58	99	20.0
58	100	19.0
58	101	15.0
58	102	20.0
58	103	22.0
58	104	26.0
58	105	17.0
58	106	20.0
58	107	16.0
58	108	21.0
58	109	21.0
58	110	16.0
58	111	14.0
58	112	14.0
58	113	24.0
58	114	29.0
58	115	32.0
58	116	28.0
58	117	19.0
58	118	21.0
58	119	25.0
58	120	27.0
58	121	15.0
58	122	16.0
59	60	424.0
59	61	90.0
59	62	56.0
59	63	51.0
59	64	63.0
59	65	46.0
59	66	37.0
59	67	47.0
59	68	52.0
59	69	55.0
59	70	71.0
59	71	86.0
59	72	75.0
59	73	46.0
59	74	63.0
59	75	41.0
59	76	58.0
59	77	44.0
59	78	48.0
59	79	43.0
59	80	39.0
59	81	44.0
59	82	39.0
59	83	44.0
59	84	33.0
59	85	32.0
59	86	25.0
59	87	27.0
59	88	27.0
59	89	29.0
59	90	28.0
59	91	25.0
59	92	25.0
59	93	19.0
59	94	30.0
59	95	22.0
59	96	33.0
59	97	19.0
59	98	22.0
59	99	21.0
59	100	23.0
59	101	22.0
59	102	16.0
59	103	16.0
59	104	17.0
59	105	23.0
59	106	39.0
59	107	18.0
59	108	28.0
59	109	23.0
59	110	20.0
59	111	16.0
59	112	17.0
59	113	20.0
59	114	17.0
59	115	28.0
59	116	36.0
59	117	25.0
59	118	23.0
59	119	22.0
59	120	23.0
59	121	19.0
59	122	17.0
60	61	96.0
60	62	55.0
60	63	49.0
60	64	45.0
60	65	38.0
60	66	41.0
60	67	51.0
60	68	48.0
60	69	59.0
60	70	68.0
60	71	81.0
60	72	56.0
60	73	38.0
60	74	47.0
60	75	41.0
60	76	53.0
60	77	50.0
60	78	49.0
60	79	34.0
60	80	29.0
60	81	42.0
60	82	30.0
60	83	31.0
60	84	43.0
60	85	33.0
60	86	28.0
60	87	35.0
60	88	19.0
60	89	21.0
60	90	27.0
60	91	34.0
60	92	27.0
60	93	24.0
60	94	30.0
60	95	24.0
60	96	18.0
60	97	18.0
60	98	23.0
60	99	15.0
60	100	20.0
60	101	17.0
60	102	15.0
60	103	16.0
60	104	21.0
60	105	25.0
60	106	22.0
60	107	25.0
60	108	23.0
60	109	23.0
60	110	15.0
60	111	13.0
60	112	24.0
60	113	16.0
60	114	28.0
60	115	33.0
60	116	25.0
60	117	30.0
60	118	23.0
60	119	19.0
60	120	29.0
60	121	27.0
60	122	26.0
61	62	114.0
61	63	91.0
61	64	82.0
61	65	70.0
61	66	63.0
61	67	93.0
61	68	77.0
61	69	66.0
61	70	51.0
61	71	34.0
61	72	41.0
61	73	51.0
61	74	48.0
61	75	46.0
61	76	55.0
61	77	47.0
61	78	25.0
61	79	29.0
61	80	35.0
61	81	27.0
61	82	28.0
61	83	27.0
61	84	34.0
61	85	29.0
61	86	34.0
61	87	30.0
61	88	23.0
61	89	31.0
61	90	32.0
61	91	31.0
61	92	16.0
61	93	20.0
61	94	34.0
61	95	10.0
61	96	21.0
61	97	13.0
61	98	23.0
61	99	17.0
61	100	16.0
61	101	15.0
61	102	21.0
61	103	21.0
61	104	10.0
61	105	24.0
61	106	13.0
61	107	15.0
61	108	11.0
61	109	19.0
61	110	14.0
61	111	16.0
61	112	14.0
61	113	15.0
61	114	16.0
61	115	25.0
61	116	23.0
61	117	18.0
61	118	14.0
61	119	25.0
61	120	28.0
61	121	19.0
61	122	19.0
62	63	163.0
62	64	137.0
62	65	122.0
62	66	89.0
62	67	88.0
62	68	93.0
62	69	67.0
62	70	44.0
62	71	44.0
62	72	31.0
62	73	28.0
62	74	37.0
62	75	38.0
62	76	37.0
62	77	31.0
62	78	33.0
62	79	44.0
62	80	31.0
62	81	38.0
62	82	32.0
62	83	37.0
62	84	26.0
62	85	25.0
62	86	23.0
62	87	21.0
62	88	23.0
62	89	25.0
62	90	25.0
62	91	30.0
62	92	26.0
62	93	22.0
62	94	20.0
62	95	19.0
62	96	25.0
62	97	11.0
62	98	16.0
62	99	15.0
62	100	31.0
62	101	21.0
62	102	17.0
62	103	9.0
62	104	21.0
62	105	15.0
62	106	22.0
62	107	16.0
62	108	26.0
62	109	12.0
62	110	25.0
62	111	19.0
62	112	16.0
62	113	15.0
62	114	14.0
62	115	16.0
62	116	17.0
62	117	15.0
62	118	20.0
62	119	21.0
62	120	16.0
62	121	20.0
62	122	13.0
63	64	369.0
63	65	253.0
63	66	98.0
63	67	94.0
63	68	69.0
63	69	53.0
63	70	47.0
63	71	41.0
63	72	41.0
63	73	35.0
63	74	25.0
63	75	30.0
63	76	48.0
63	77	36.0
63	78	29.0
63	79	34.0
63	80	30.0
63	81	29.0
63	82	36.0
63	83	33.0
63	84	25.0
63	85	37.0
63	86	43.0
63	87	20.0
63	88	28.0
63	89	22.0
63	90	29.0
63	91	27.0
63	92	25.0
63	93	21.0
63	94	27.0
63	95	19.0
63	96	20.0
63	97	17.0
63	98	20.0
63	99	17.0
63	100	21.0
63	101	16.0
63	102	13.0
63	103	7.0
63	104	13.0
63	105	21.0
63	106	28.0
63	107	21.0
63	108	18.0
63	109	20.0
63	110	21.0
63	111	11.0
63	112	15.0
63	113	20.0
63	114	14.0
63	115	24.0
63	116	24.0
63	117	9.0
63	118	19.0
63	119	16.0
63	120	19.0
63	121	13.0
63	122	9.0
64	65	228.0
64	66	90.0
64	67	91.0
64	68	81.0
64	69	78.0
64	70	47.0
64	71	44.0
64	72	41.0
64	73	40.0
64	74	38.0
64	75	35.0
64	76	49.0
64	77	34.0
64	78	39.0
64	79	28.0
64	80	44.0
64	81	30.0
64	82	35.0
64	83	40.0
64	84	22.0
64	85	38.0
64	86	28.0
64	87	26.0
64	88	24.0
64	89	27.0
64	90	25.0
64	91	20.0
64	92	32.0
64	93	18.0
64	94	25.0
64	95	22.0
64	96	32.0
64	97	18.0
64	98	22.0
64	99	26.0
64	100	25.0
64	101	27.0
64	102	16.0
64	103	17.0
64	104	19.0
64	105	23.0
64	106	27.0
64	107	24.0
64	108	28.0
64	109	19.0
64	110	21.0
64	111	21.0
64	112	14.0
64	113	14.0
64	114	18.0
64	115	25.0
64	116	26.0
64	117	18.0
64	118	23.0
64	119	24.0
64	120	19.0
64	121	9.0
64	122	18.0
65	66	192.0
65	67	101.0
65	68	81.0
65	69	66.0
65	70	45.0
65	71	35.0
65	72	39.0
65	73	31.0
65	74	40.0
65	75	33.0
65	76	36.0
65	77	37.0
65	78	43.0
65	79	38.0
65	80	36.0
65	81	33.0
65	82	25.0
65	83	25.0
65	84	35.0
65	85	28.0
65	86	37.0
65	87	33.0
65	88	28.0
65	89	28.0
65	90	25.0
65	91	20.0
65	92	18.0
65	93	17.0
65	94	23.0
65	95	16.0
65	96	22.0
65	97	13.0
65	98	25.0
65	99	20.0
65	100	16.0
65	101	19.0
65	102	23.0
65	103	18.0
65	104	21.0
65	105	15.0
65	106	28.0
65	107	20.0
65	108	20.0
65	109	13.0
65	110	19.0
65	111	19.0
65	112	11.0
65	113	13.0
65	114	17.0
65	115	14.0
65	116	13.0
65	117	14.0
65	118	21.0
65	119	17.0
65	120	20.0
65	121	26.0
65	122	18.0
66	67	102.0
66	68	85.0
66	69	78.0
66	70	49.0
66	71	30.0
66	72	32.0
66	73	33.0
66	74	37.0
66	75	38.0
66	76	36.0
66	77	38.0
66	78	33.0
66	79	42.0
66	80	37.0
66	81	18.0
66	82	36.0
66	83	37.0
66	84	34.0
66	85	36.0
66	86	30.0
66	87	24.0
66	88	24.0
66	89	38.0
66	90	24.0
66	91	14.0
66	92	17.0
66	93	18.0
66	94	23.0
66	95	27.0
66	96	21.0
66	97	27.0
66	98	16.0
66	99	11.0
66	100	16.0
66	101	21.0
66	102	12.0
66	103	9.0
66	104	12.0
66	105	21.0
66	106	10.0
66	107	23.0
66	108	22.0
66	109	17.0
66	110	13.0
66	111	11.0
66	112	26.0
66	113	22.0
66	114	11.0
66	115	13.0
66	116	28.0
66	117	15.0
66	118	22.0
66	119	12.0
66	120	21.0
66	121	20.0
66	122	13.0
67	68	450.0
67	69	167.0
67	70	64.0
67	71	43.0
67	72	41.0
67	73	66.0
67	74	57.0
67	75	63.0
67	76	65.0
67	77	46.0
67	78	46.0
67	79	50.0
67	80	41.0
67	81	42.0
67	82	35.0
67	83	41.0
67	84	32.0
67	85	35.0
67	86	48.0
67	87	29.0
67	88	39.0
67	89	31.0
67	90	29.0
67	91	30.0
67	92	16.0
67	93	26.0
67	94	25.0
67	95	36.0
67	96	27.0
67	97	17.0
67	98	19.0
67	99	17.0
67	100	22.0
67	101	22.0
67	102	13.0
67	103	8.0
67	104	15.0
67	105	12.0
67	106	20.0
67	107	22.0
67	108	24.0
67	109	25.0
67	110	20.0
67	111	23.0
67	112	14.0
67	113	17.0
67	114	16.0
67	115	24.0
67	116	23.0
67	117	26.0
67	118	27.0
67	119	15.0
67	120	24.0
67	121	23.0
67	122	18.0
68	69	194.0
68	70	92.0
68	71	46.0
68	72	43.0
68	73	66.0
68	74	58.0
68	75	81.0
68	76	67.0
68	77	61.0
68	78	57.0
68	79	51.0
68	80	66.0
68	81	59.0
68	82	48.0
68	83	41.0
68	84	44.0
68	85	49.0
68	86	51.0
68	87	45.0
68	88	37.0
68	89	30.0
68	90	33.0
68	91	27.0
68	92	17.0
68	93	33.0
68	94	24.0
68	95	36.0
68	96	36.0
68	97	26.0
68	98	17.0
68	99	20.0
68	100	12.0
68	101	21.0
68	102	19.0
68	103	20.0
68	104	18.0
68	105	24.0
68	106	30.0
68	107	32.0
68	108	25.0
68	109	15.0
68	110	25.0
68	111	19.0
68	112	16.0
68	113	22.0
68	114	22.0
68	115	19.0
68	116	28.0
68	117	25.0
68	118	29.0
68	119	23.0
68	120	25.0
68	121	22.0
68	122	20.0
69	70	126.0
69	71	48.0
69	72	49.0
69	73	68.0
69	74	57.0
69	75	80.0
69	76	69.0
69	77	60.0
69	78	78.0
69	79	61.0
69	80	61.0
69	81	44.0
69	82	64.0
69	83	51.0
69	84	49.0
69	85	54.0
69	86	36.0
69	87	32.0
69	88	33.0
69	89	36.0
69	90	29.0
69	91	39.0
69	92	22.0
69	93	21.0
69	94	38.0
69	95	33.0
69	96	20.0
69	97	25.0
69	98	21.0
69	99	29.0
69	100	26.0
69	101	24.0
69	102	19.0
69	103	17.0
69	104	17.0
69	105	24.0
69	106	27.0
69	107	32.0
69	108	27.0
69	109	24.0
69	110	21.0
69	111	25.0
69	112	30.0
69	113	22.0
69	114	29.0
69	115	29.0
69	116	32.0
69	117	30.0
69	118	25.0
69	119	38.0
69	120	27.0
69	121	26.0
69	122	24.0
70	71	103.0
70	72	95.0
70	73	189.0
70	74	113.0
70	75	133.0
70	76	196.0
70	77	90.0
70	78	107.0
70	79	91.0
70	80	99.0
70	81	79.0
70	82	74.0
70	83	66.0
70	84	76.0
70	85	84.0
70	86	45.0
70	87	28.0
70	88	29.0
70	89	38.0
70	90	51.0
70	91	44.0
70	92	32.0
70	93	24.0
70	94	30.0
70	95	37.0
70	96	22.0
70	97	17.0
70	98	21.0
70	99	25.0
70	100	34.0
70	101	37.0
70	102	24.0
70	103	21.0
70	104	26.0
70	105	34.0
70	106	38.0
70	107	22.0
70	108	32.0
70	109	27.0
70	110	27.0
70	111	29.0
70	112	15.0
70	113	27.0
70	114	28.0
70	115	24.0
70	116	34.0
70	117	27.0
70	118	30.0
70	119	30.0
70	120	35.0
70	121	27.0
70	122	28.0
71	72	478.0
71	73	119.0
71	74	115.0
71	75	69.0
71	76	88.0
71	77	146.0
71	78	64.0
71	79	35.0
71	80	46.0
71	81	87.0
71	82	66.0
71	83	51.0
71	84	73.0
71	85	50.0
71	86	48.0
71	87	34.0
71	88	35.0
71	89	40.0
71	90	47.0
71	91	49.0
71	92	34.0
71	93	41.0
71	94	31.0
71	95	39.0
71	96	31.0
71	97	13.0
71	98	31.0
71	99	29.0
71	100	32.0
71	101	23.0
71	102	21.0
71	103	16.0
71	104	25.0
71	105	25.0
71	106	28.0
71	107	41.0
71	108	38.0
71	109	35.0
71	110	32.0
71	111	39.0
71	112	30.0
71	113	30.0
71	114	35.0
71	115	43.0
71	116	58.0
71	117	51.0
71	118	33.0
71	119	38.0
71	120	40.0
71	121	37.0
71	122	34.0
72	73	128.0
72	74	125.0
72	75	74.0
72	76	110.0
72	77	203.0
72	78	84.0
72	79	32.0
72	80	55.0
72	81	91.0
72	82	67.0
72	83	47.0
72	84	86.0
72	85	62.0
72	86	52.0
72	87	28.0
72	88	28.0
72	89	45.0
72	90	48.0
72	91	46.0
72	92	32.0
72	93	34.0
72	94	44.0
72	95	40.0
72	96	30.0
72	97	33.0
72	98	27.0
72	99	35.0
72	100	23.0
72	101	26.0
72	102	18.0
72	103	16.0
72	104	25.0
72	105	31.0
72	106	24.0
72	107	29.0
72	108	39.0
72	109	34.0
72	110	32.0
72	111	21.0
72	112	37.0
72	113	25.0
72	114	22.0
72	115	40.0
72	116	48.0
72	117	43.0
72	118	32.0
72	119	27.0
72	120	22.0
72	121	33.0
72	122	32.0
73	74	192.0
73	75	114.0
73	76	310.0
73	77	234.0
73	78	152.0
73	79	66.0
73	80	114.0
73	81	117.0
73	82	108.0
73	83	79.0
73	84	110.0
73	85	96.0
73	86	52.0
73	87	34.0
73	88	39.0
73	89	56.0
73	90	73.0
73	91	52.0
73	92	39.0
73	93	38.0
73	94	40.0
73	95	54.0
73	96	34.0
73	97	36.0
73	98	38.0
73	99	30.0
73	100	35.0
73	101	34.0
73	102	21.0
73	103	11.0
73	104	25.0
73	105	33.0
73	106	23.0
73	107	37.0
73	108	28.0
73	109	29.0
73	110	29.0
73	111	30.0
73	112	22.0
73	113	31.0
73	114	40.0
73	115	39.0
73	116	48.0
73	117	34.0
73	118	41.0
73	119	31.0
73	120	39.0
73	121	27.0
73	122	25.0
74	75	163.0
74	76	233.0
74	77	262.0
74	78	136.0
74	79	70.0
74	80	81.0
74	81	183.0
74	82	98.0
74	83	80.0
74	84	93.0
74	85	76.0
74	86	53.0
74	87	44.0
74	88	26.0
74	89	44.0
74	90	49.0
74	91	62.0
74	92	46.0
74	93	44.0
74	94	53.0
74	95	41.0
74	96	41.0
74	97	25.0
74	98	33.0
74	99	32.0
74	100	33.0
74	101	29.0
74	102	25.0
74	103	24.0
74	104	25.0
74	105	33.0
74	106	37.0
74	107	30.0
74	108	43.0
74	109	37.0
74	110	30.0
74	111	20.0
74	112	39.0
74	113	30.0
74	114	36.0
74	115	45.0
74	116	44.0
74	117	48.0
74	118	34.0
74	119	43.0
74	120	33.0
74	121	39.0
74	122	32.0
75	76	279.0
75	77	100.0
75	78	231.0
75	79	109.0
75	80	119.0
75	81	150.0
75	82	110.0
75	83	104.0
75	84	101.0
75	85	90.0
75	86	59.0
75	87	49.0
75	88	35.0
75	89	46.0
75	90	59.0
75	91	46.0
75	92	31.0
75	93	43.0
75	94	49.0
75	95	40.0
75	96	49.0
75	97	31.0
75	98	20.0
75	99	42.0
75	100	41.0
75	101	37.0
75	102	32.0
75	103	27.0
75	104	25.0
75	105	24.0
75	106	36.0
75	107	31.0
75	108	48.0
75	109	34.0
75	110	32.0
75	111	26.0
75	112	20.0
75	113	25.0
75	114	33.0
75	115	32.0
75	116	38.0
75	117	32.0
75	118	32.0
75	119	29.0
75	120	30.0
75	121	36.0
75	122	32.0
76	77	159.0
76	78	202.0
76	79	78.0
76	80	122.0
76	81	161.0
76	82	104.0
76	83	92.0
76	84	110.0
76	85	106.0
76	86	68.0
76	87	37.0
76	88	36.0
76	89	38.0
76	90	54.0
76	91	56.0
76	92	50.0
76	93	46.0
76	94	42.0
76	95	44.0
76	96	32.0
76	97	34.0
76	98	38.0
76	99	37.0
76	100	32.0
76	101	47.0
76	102	26.0
76	103	30.0
76	104	32.0
76	105	35.0
76	106	39.0
76	107	31.0
76	108	34.0
76	109	30.0
76	110	30.0
76	111	25.0
76	112	26.0
76	113	26.0
76	114	34.0
76	115	32.0
76	116	37.0
76	117	31.0
76	118	38.0
76	119	28.0
76	120	28.0
76	121	38.0
76	122	32.0
77	78	106.0
77	79	50.0
77	80	89.0
77	81	166.0
77	82	127.0
77	83	100.0
77	84	105.0
77	85	93.0
77	86	68.0
77	87	40.0
77	88	42.0
77	89	54.0
77	90	56.0
77	91	57.0
77	92	42.0
77	93	40.0
77	94	53.0
77	95	35.0
77	96	28.0
77	97	27.0
77	98	28.0
77	99	33.0
77	100	31.0
77	101	46.0
77	102	16.0
77	103	21.0
77	104	23.0
77	105	34.0
77	106	37.0
77	107	29.0
77	108	36.0
77	109	41.0
77	110	35.0
77	111	30.0
77	112	37.0
77	113	26.0
77	114	41.0
77	115	36.0
77	116	44.0
77	117	54.0
77	118	41.0
77	119	36.0
77	120	28.0
77	121	44.0
77	122	33.0
78	79	128.0
78	80	208.0
78	81	220.0
78	82	147.0
78	83	107.0
78	84	203.0
78	85	150.0
78	86	93.0
78	87	45.0
78	88	43.0
78	89	65.0
78	90	76.0
78	91	42.0
78	92	40.0
78	93	52.0
78	94	47.0
78	95	54.0
78	96	41.0
78	97	32.0
78	98	36.0
78	99	48.0
78	100	41.0
78	101	40.0
78	102	28.0
78	103	21.0
78	104	18.0
78	105	27.0
78	106	28.0
78	107	34.0
78	108	37.0
78	109	33.0
78	110	28.0
78	111	32.0
78	112	31.0
78	113	23.0
78	114	34.0
78	115	34.0
78	116	38.0
78	117	44.0
78	118	37.0
78	119	36.0
78	120	35.0
78	121	41.0
78	122	31.0
79	80	253.0
79	81	88.0
79	82	101.0
79	83	91.0
79	84	106.0
79	85	137.0
79	86	80.0
79	87	46.0
79	88	61.0
79	89	66.0
79	90	54.0
79	91	48.0
79	92	45.0
79	93	46.0
79	94	53.0
79	95	49.0
79	96	33.0
79	97	25.0
79	98	30.0
79	99	38.0
79	100	30.0
79	101	32.0
79	102	30.0
79	103	21.0
79	104	27.0
79	105	28.0
79	106	22.0
79	107	31.0
79	108	22.0
79	109	27.0
79	110	26.0
79	111	27.0
79	112	16.0
79	113	31.0
79	114	31.0
79	115	28.0
79	116	30.0
79	117	36.0
79	118	30.0
79	119	35.0
79	120	29.0
79	121	43.0
79	122	19.0
80	81	113.0
80	82	152.0
80	83	133.0
80	84	144.0
80	85	222.0
80	86	101.0
80	87	61.0
80	88	66.0
80	89	70.0
80	90	75.0
80	91	45.0
80	92	39.0
80	93	59.0
80	94	62.0
80	95	49.0
80	96	48.0
80	97	28.0
80	98	42.0
80	99	34.0
80	100	40.0
80	101	36.0
80	102	20.0
80	103	19.0
80	104	26.0
80	105	46.0
80	106	48.0
80	107	40.0
80	108	34.0
80	109	29.0
80	110	23.0
80	111	17.0
80	112	32.0
80	113	23.0
80	114	34.0
80	115	28.0
80	116	42.0
80	117	35.0
80	118	35.0
80	119	45.0
80	120	29.0
80	121	36.0
80	122	27.0
81	82	144.0
81	83	115.0
81	84	239.0
81	85	123.0
81	86	78.0
81	87	33.0
81	88	39.0
81	89	60.0
81	90	71.0
81	91	66.0
81	92	45.0
81	93	58.0
81	94	56.0
81	95	47.0
81	96	34.0
81	97	38.0
81	98	43.0
81	99	52.0
81	100	39.0
81	101	48.0
81	102	28.0
81	103	24.0
81	104	21.0
81	105	37.0
81	106	49.0
81	107	45.0
81	108	42.0
81	109	45.0
81	110	48.0
81	111	32.0
81	112	30.0
81	113	26.0
81	114	41.0
81	115	45.0
81	116	61.0
81	117	42.0
81	118	39.0
81	119	39.0
81	120	45.0
81	121	50.0
81	122	38.0
82	83	290.0
82	84	378.0
82	85	319.0
82	86	125.0
82	87	63.0
82	88	46.0
82	89	98.0
82	90	110.0
82	91	82.0
82	92	49.0
82	93	71.0
82	94	75.0
82	95	72.0
82	96	54.0
82	97	38.0
82	98	34.0
82	99	40.0
82	100	30.0
82	101	29.0
82	102	25.0
82	103	17.0
82	104	27.0
82	105	25.0
82	106	41.0
82	107	30.0
82	108	31.0
82	109	40.0
82	110	38.0
82	111	33.0
82	112	29.0
82	113	29.0
82	114	33.0
82	115	33.0
82	116	42.0
82	117	38.0
82	118	28.0
82	119	38.0
82	120	28.0
82	121	36.0
82	122	26.0
83	84	247.0
83	85	372.0
83	86	221.0
83	87	60.0
83	88	66.0
83	89	129.0
83	90	125.0
83	91	105.0
83	92	60.0
83	93	75.0
83	94	88.0
83	95	81.0
83	96	58.0
83	97	49.0
83	98	50.0
83	99	56.0
83	100	41.0
83	101	43.0
83	102	25.0
83	103	21.0
83	104	30.0
83	105	40.0
83	106	35.0
83	107	37.0
83	108	25.0
83	109	38.0
83	110	28.0
83	111	27.0
83	112	37.0
83	113	37.0
83	114	36.0
83	115	42.0
83	116	62.0
83	117	34.0
83	118	40.0
83	119	28.0
83	120	22.0
83	121	26.0
83	122	23.0
84	85	234.0
84	86	111.0
84	87	52.0
84	88	56.0
84	89	111.0
84	90	123.0
84	91	89.0
84	92	65.0
84	93	62.0
84	94	78.0
84	95	74.0
84	96	49.0
84	97	44.0
84	98	34.0
84	99	52.0
84	100	40.0
84	101	51.0
84	102	27.0
84	103	28.0
84	104	35.0
84	105	33.0
84	106	53.0
84	107	44.0
84	108	49.0
84	109	47.0
84	110	21.0
84	111	27.0
84	112	28.0
84	113	35.0
84	114	48.0
84	115	54.0
84	116	45.0
84	117	46.0
84	118	47.0
84	119	36.0
84	120	38.0
84	121	42.0
84	122	32.0
85	86	154.0
85	87	67.0
85	88	48.0
85	89	118.0
85	90	97.0
85	91	71.0
85	92	61.0
85	93	76.0
85	94	70.0
85	95	70.0
85	96	68.0
85	97	28.0
85	98	43.0
85	99	49.0
85	100	50.0
85	101	33.0
85	102	29.0
85	103	15.0
85	104	38.0
85	105	25.0
85	106	40.0
85	107	50.0
85	108	35.0
85	109	39.0
85	110	36.0
85	111	42.0
85	112	37.0
85	113	32.0
85	114	38.0
85	115	32.0
85	116	38.0
85	117	35.0
85	118	41.0
85	119	39.0
85	120	24.0
85	121	29.0
85	122	33.0
86	87	110.0
86	88	89.0
86	89	293.0
86	90	115.0
86	91	68.0
86	92	73.0
86	93	91.0
86	94	90.0
86	95	66.0
86	96	59.0
86	97	32.0
86	98	41.0
86	99	46.0
86	100	42.0
86	101	24.0
86	102	24.0
86	103	20.0
86	104	37.0
86	105	24.0
86	106	40.0
86	107	38.0
86	108	48.0
86	109	30.0
86	110	19.0
86	111	32.0
86	112	24.0
86	113	29.0
86	114	30.0
86	115	31.0
86	116	28.0
86	117	23.0
86	118	29.0
86	119	29.0
86	120	39.0
86	121	27.0
86	122	27.0
87	88	666.0
87	89	92.0
87	90	57.0
87	91	49.0
87	92	61.0
87	93	66.0
87	94	58.0
87	95	53.0
87	96	53.0
87	97	36.0
87	98	44.0
87	99	37.0
87	100	24.0
87	101	27.0
87	102	24.0
87	103	22.0
87	104	32.0
87	105	30.0
87	106	26.0
87	107	24.0
87	108	28.0
87	109	24.0
87	110	24.0
87	111	20.0
87	112	24.0
87	113	18.0
87	114	25.0
87	115	28.0
87	116	22.0
87	117	23.0
87	118	22.0
87	119	22.0
87	120	18.0
87	121	23.0
87	122	19.0
88	89	108.0
88	90	50.0
88	91	44.0
88	92	59.0
88	93	58.0
88	94	50.0
88	95	31.0
88	96	40.0
88	97	33.0
88	98	33.0
88	99	31.0
88	100	35.0
88	101	19.0
88	102	13.0
88	103	17.0
88	104	21.0
88	105	22.0
88	106	26.0
88	107	27.0
88	108	25.0
88	109	25.0
88	110	31.0
88	111	22.0
88	112	16.0
88	113	21.0
88	114	28.0
88	115	27.0
88	116	23.0
88	117	33.0
88	118	24.0
88	119	21.0
88	120	13.0
88	121	19.0
88	122	29.0
89	90	123.0
89	91	92.0
89	92	102.0
89	93	110.0
89	94	76.0
89	95	73.0
89	96	64.0
89	97	40.0
89	98	51.0
89	99	55.0
89	100	52.0
89	101	27.0
89	102	29.0
89	103	27.0
89	104	16.0
89	105	34.0
89	106	34.0
89	107	32.0
89	108	35.0
89	109	27.0
89	110	30.0
89	111	26.0
89	112	24.0
89	113	28.0
89	114	32.0
89	115	34.0
89	116	33.0
89	117	25.0
89	118	29.0
89	119	24.0
89	120	29.0
89	121	33.0
89	122	22.0
90	91	209.0
90	92	96.0
90	93	143.0
90	94	145.0
90	95	88.0
90	96	74.0
90	97	39.0
90	98	67.0
90	99	96.0
90	100	59.0
90	101	46.0
90	102	21.0
90	103	40.0
90	104	50.0
90	105	53.0
90	106	57.0
90	107	43.0
90	108	47.0
90	109	42.0
90	110	32.0
90	111	26.0
90	112	30.0
90	113	39.0
90	114	44.0
90	115	45.0
90	116	46.0
90	117	57.0
90	118	43.0
90	119	45.0
90	120	29.0
90	121	27.0
90	122	53.0
91	92	82.0
91	93	143.0
91	94	147.0
91	95	104.0
91	96	81.0
91	97	52.0
91	98	69.0
91	99	87.0
91	100	73.0
91	101	51.0
91	102	43.0
91	103	39.0
91	104	45.0
91	105	64.0
91	106	70.0
91	107	45.0
91	108	60.0
91	109	45.0
91	110	49.0
91	111	39.0
91	112	31.0
91	113	41.0
91	114	38.0
91	115	42.0
91	116	49.0
91	117	38.0
91	118	50.0
91	119	41.0
91	120	35.0
91	121	36.0
91	122	32.0
92	93	270.0
92	94	191.0
92	95	161.0
92	96	199.0
92	97	95.0
92	98	88.0
92	99	88.0
92	100	72.0
92	101	63.0
92	102	32.0
92	103	28.0
92	104	44.0
92	105	47.0
92	106	48.0
92	107	49.0
92	108	28.0
92	109	32.0
92	110	31.0
92	111	35.0
92	112	32.0
92	113	33.0
92	114	28.0
92	115	38.0
92	116	35.0
92	117	37.0
92	118	40.0
92	119	30.0
92	120	32.0
92	121	32.0
92	122	24.0
93	94	189.0
93	95	138.0
93	96	141.0
93	97	69.0
93	98	92.0
93	99	112.0
93	100	73.0
93	101	41.0
93	102	26.0
93	103	40.0
93	104	32.0
93	105	50.0
93	106	52.0
93	107	44.0
93	108	48.0
93	109	51.0
93	110	46.0
93	111	36.0
93	112	35.0
93	113	32.0
93	114	39.0
93	115	39.0
93	116	33.0
93	117	32.0
93	118	35.0
93	119	38.0
93	120	30.0
93	121	30.0
93	122	16.0
94	95	295.0
94	96	116.0
94	97	62.0
94	98	103.0
94	99	120.0
94	100	82.0
94	101	62.0
94	102	32.0
94	103	40.0
94	104	28.0
94	105	53.0
94	106	71.0
94	107	55.0
94	108	44.0
94	109	43.0
94	110	48.0
94	111	43.0
94	112	37.0
94	113	43.0
94	114	28.0
94	115	51.0
94	116	52.0
94	117	39.0
94	118	46.0
94	119	41.0
94	120	36.0
94	121	31.0
94	122	40.0
95	96	203.0
95	97	81.0
95	98	95.0
95	99	121.0
95	100	97.0
95	101	59.0
95	102	49.0
95	103	44.0
95	104	37.0
95	105	48.0
95	106	46.0
95	107	49.0
95	108	31.0
95	109	37.0
95	110	48.0
95	111	33.0
95	112	46.0
95	113	33.0
95	114	33.0
95	115	36.0
95	116	35.0
95	117	38.0
95	118	39.0
95	119	40.0
95	120	28.0
95	121	47.0
95	122	27.0
96	97	135.0
96	98	97.0
96	99	121.0
96	100	64.0
96	101	52.0
96	102	36.0
96	103	34.0
96	104	52.0
96	105	47.0
96	106	55.0
96	107	38.0
96	108	40.0
96	109	36.0
96	110	34.0
96	111	36.0
96	112	23.0
96	113	23.0
96	114	41.0
96	115	40.0
96	116	28.0
96	117	28.0
96	118	30.0
96	119	25.0
96	120	29.0
96	121	37.0
96	122	24.0
97	98	111.0
97	99	103.0
97	100	87.0
97	101	45.0
97	102	39.0
97	103	43.0
97	104	44.0
97	105	56.0
97	106	46.0
97	107	59.0
97	108	37.0
97	109	29.0
97	110	35.0
97	111	48.0
97	112	29.0
97	113	33.0
97	114	23.0
97	115	22.0
97	116	28.0
97	117	25.0
97	118	43.0
97	119	26.0
97	120	35.0
97	121	34.0
97	122	29.0
98	99	274.0
98	100	183.0
98	101	62.0
98	102	45.0
98	103	46.0
98	104	61.0
98	105	68.0
98	106	70.0
98	107	52.0
98	108	58.0
98	109	60.0
98	110	40.0
98	111	44.0
98	112	55.0
98	113	44.0
98	114	52.0
98	115	52.0
98	116	37.0
98	117	44.0
98	118	59.0
98	119	31.0
98	120	29.0
98	121	30.0
98	122	31.0
99	100	195.0
99	101	63.0
99	102	42.0
99	103	47.0
99	104	46.0
99	105	61.0
99	106	94.0
99	107	68.0
99	108	64.0
99	109	65.0
99	110	48.0
99	111	46.0
99	112	48.0
99	113	36.0
99	114	38.0
99	115	49.0
99	116	40.0
99	117	40.0
99	118	54.0
99	119	29.0
99	120	31.0
99	121	36.0
99	122	44.0
100	101	89.0
100	102	56.0
100	103	45.0
100	104	85.0
100	105	87.0
100	106	119.0
100	107	79.0
100	108	62.0
100	109	60.0
100	110	57.0
100	111	65.0
100	112	48.0
100	113	58.0
100	114	53.0
100	115	52.0
100	116	46.0
100	117	43.0
100	118	52.0
100	119	39.0
100	120	43.0
100	121	34.0
100	122	48.0
101	102	101.0
101	103	68.0
101	104	107.0
101	105	64.0
101	106	128.0
101	107	143.0
101	108	60.0
101	109	72.0
101	110	44.0
101	111	64.0
101	112	74.0
101	113	73.0
101	114	74.0
101	115	39.0
101	116	44.0
101	117	53.0
101	118	75.0
101	119	55.0
101	120	48.0
101	121	53.0
101	122	42.0
102	103	233.0
102	104	99.0
102	105	53.0
102	106	68.0
102	107	86.0
102	108	39.0
102	109	47.0
102	110	43.0
102	111	47.0
102	112	62.0
102	113	72.0
102	114	52.0
102	115	42.0
102	116	28.0
102	117	23.0
102	118	56.0
102	119	45.0
102	120	39.0
102	121	35.0
102	122	33.0
103	104	90.0
103	105	51.0
103	106	47.0
103	107	63.0
103	108	32.0
103	109	46.0
103	110	45.0
103	111	66.0
103	112	64.0
103	113	53.0
103	114	37.0
103	115	35.0
103	116	27.0
103	117	31.0
103	118	63.0
103	119	41.0
103	120	30.0
103	121	47.0
103	122	45.0
104	105	97.0
104	106	103.0
104	107	106.0
104	108	74.0
104	109	76.0
104	110	59.0
104	111	114.0
104	112	98.0
104	113	95.0
104	114	69.0
104	115	48.0
104	116	53.0
104	117	48.0
104	118	61.0
104	119	41.0
104	120	48.0
104	121	58.0
104	122	45.0
105	106	174.0
105	107	112.0
105	108	148.0
105	109	236.0
105	110	164.0
105	111	137.0
105	112	104.0
105	113	69.0
105	114	134.0
105	115	91.0
105	116	56.0
105	117	85.0
105	118	113.0
105	119	74.0
105	120	41.0
105	121	73.0
105	122	47.0
106	107	240.0
106	108	109.0
106	109	102.0
106	110	91.0
106	111	82.0
106	112	68.0
106	113	68.0
106	114	116.0
106	115	73.0
106	116	53.0
106	117	52.0
106	118	119.0
106	119	51.0
106	120	49.0
106	121	61.0
106	122	61.0
107	108	112.0
107	109	91.0
107	110	103.0
107	111	94.0
107	112	95.0
107	113	117.0
107	114	142.0
107	115	64.0
107	116	61.0
107	117	66.0
107	118	143.0
107	119	71.0
107	120	71.0
107	121	68.0
107	122	55.0
108	109	290.0
108	110	189.0
108	111	84.0
108	112	89.0
108	113	69.0
108	114	142.0
108	115	174.0
108	116	89.0
108	117	164.0
108	118	120.0
108	119	61.0
108	120	53.0
108	121	102.0
108	122	57.0
109	110	341.0
109	111	121.0
109	112	113.0
109	113	89.0
109	114	180.0
109	115	131.0
109	116	79.0
109	117	121.0
109	118	107.0
109	119	53.0
109	120	54.0
109	121	92.0
109	122	58.0
110	111	112.0
110	112	98.0
110	113	73.0
110	114	137.0
110	115	173.0
110	116	76.0
110	117	121.0
110	118	109.0
110	119	47.0
110	120	59.0
110	121	69.0
110	122	45.0
111	112	318.0
111	113	112.0
111	114	128.0
111	115	64.0
111	116	40.0
111	117	56.0
111	118	75.0
111	119	58.0
111	120	47.0
111	121	95.0
111	122	66.0
112	113	209.0
112	114	109.0
112	115	61.0
112	116	59.0
112	117	62.0
112	118	102.0
112	119	66.0
112	120	67.0
112	121	84.0
112	122	66.0
113	114	138.0
113	115	64.0
113	116	47.0
113	117	60.0
113	118	114.0
113	119	98.0
113	120	85.0
113	121	112.0
113	122	103.0
114	115	74.0
114	116	58.0
114	117	95.0
114	118	289.0
114	119	89.0
114	120	79.0
114	121	154.0
114	122	91.0
115	116	151.0
115	117	207.0
115	118	59.0
115	119	48.0
115	120	40.0
115	121	59.0
115	122	44.0
116	117	197.0
116	118	72.0
116	119	38.0
116	120	49.0
116	121	50.0
116	122	36.0
117	118	101.0
117	119	34.0
117	120	52.0
117	121	93.0
117	122	47.0
118	119	104.0
118	120	88.0
118	121	142.0
118	122	97.0
119	120	147.0
119	121	95.0
119	122	133.0
120	121	136.0
120	122	291.0
121	122	136.0
