1	2	77.0
1	3	34.0
1	4	39.0
1	5	38.0
1	6	26.0
1	7	27.0
1	8	28.0
1	9	26.0
1	10	19.0
1	11	31.0
1	12	19.0
1	13	23.0
1	14	28.0
1	15	21.0
1	16	28.0
1	17	19.0
1	18	20.0
1	19	26.0
1	20	12.0
1	21	11.0
1	22	14.0
1	23	13.0
1	24	16.0
1	25	12.0
1	26	14.0
1	27	12.0
1	28	16.0
1	29	22.0
1	30	11.0
1	31	12.0
1	32	11.0
1	33	6.0
1	34	9.0
1	35	16.0
1	36	9.0
1	37	8.0
1	38	13.0
1	39	20.0
1	40	11.0
1	41	15.0
1	42	7.0
1	43	10.0
1	44	9.0
1	45	4.0
1	46	17.0
1	47	11.0
1	48	15.0
1	49	19.0
1	50	15.0
1	51	11.0
1	52	18.0
1	53	16.0
1	54	24.0
1	55	7.0
1	56	9.0
1	57	15.0
1	58	16.0
1	59	18.0
1	60	15.0
1	61	20.0
1	62	11.0
1	63	12.0
1	64	11.0
1	65	11.0
1	66	7.0
1	67	16.0
1	68	9.0
1	69	15.0
1	70	18.0
1	71	19.0
1	72	10.0
1	73	11.0
1	74	15.0
1	75	14.0
1	76	14.0
1	77	10.0
1	78	17.0
1	79	9.0
1	80	14.0
1	81	9.0
1	82	21.0
1	83	11.0
1	84	15.0
1	85	19.0
1	86	10.0
1	87	11.0
1	88	5.0
1	89	13.0
1	90	12.0
1	91	7.0
1	92	8.0
1	93	18.0
1	94	17.0
1	95	19.0
1	96	16.0
1	97	12.0
1	98	12.0
1	99	14.0
1	100	11.0
1	101	19.0
1	102	18.0
1	103	16.0
1	104	19.0
1	105	23.0
1	106	17.0
1	107	16.0
1	108	24.0
1	109	22.0
1	110	30.0
1	111	23.0
1	112	14.0
1	113	20.0
1	114	21.0
1	115	17.0
1	116	24.0
1	117	21.0
1	118	25.0
1	119	26.0
1	120	23.0
1	121	24.0
1	122	30.0
2	3	93.0
2	4	59.0
2	5	45.0
2	6	40.0
2	7	41.0
2	8	46.0
2	9	34.0
2	10	38.0
2	11	47.0
2	12	34.0
2	13	27.0
2	14	19.0
2	15	28.0
2	16	21.0
2	17	19.0
2	18	33.0
2	19	21.0
2	20	25.0
2	21	13.0
2	22	22.0
2	23	10.0
2	24	18.0
2	25	20.0
2	26	18.0
2	27	18.0
2	28	13.0
2	29	19.0
2	30	13.0
2	31	19.0
2	32	9.0
2	33	12.0
2	34	10.0
2	35	9.0
2	36	8.0
2	37	7.0
2	38	14.0
2	39	18.0
2	40	12.0
2	41	13.0
2	42	9.0
2	43	12.0
2	44	13.0
2	45	5.0
2	46	21.0
2	47	12.0
2	48	15.0
2	49	17.0
2	50	23.0
2	51	17.0
2	52	9.0
2	53	14.0
2	54	14.0
2	55	18.0
2	56	21.0
2	57	13.0
2	58	24.0
2	59	23.0
2	60	11.0
2	61	12.0
2	62	12.0
2	63	13.0
2	64	10.0
2	65	13.0
2	66	10.0
2	67	14.0
2	68	8.0
2	69	11.0
2	70	14.0
2	71	21.0
2	72	23.0
2	73	21.0
2	74	11.0
2	75	21.0
2	76	20.0
2	77	23.0
2	78	12.0
2	79	19.0
2	80	15.0
2	81	26.0
2	82	19.0
2	83	11.0
2	84	12.0
2	85	15.0
2	86	10.0
2	87	13.0
2	88	10.0
2	89	12.0
2	90	11.0
2	91	19.0
2	92	15.0
2	93	10.0
2	94	15.0
2	95	21.0
2	96	7.0
2	97	13.0
2	98	20.0
2	99	14.0
2	100	16.0
2	101	15.0
2	102	13.0
2	103	18.0
2	104	23.0
2	105	24.0
2	106	15.0
2	107	19.0
2	108	26.0
2	109	24.0
2	110	26.0
2	111	18.0
2	112	27.0
2	113	18.0
2	114	32.0
2	115	23.0
2	116	28.0
2	117	16.0
2	118	21.0
2	119	21.0
2	120	25.0
2	121	26.0
2	122	33.0
3	4	196.0
3	5	103.0
3	6	105.0
3	7	86.0
3	8	56.0
3	9	25.0
3	10	47.0
3	11	65.0
3	12	38.0
3	13	24.0
3	14	25.0
3	15	29.0
3	16	43.0
3	17	25.0
3	18	32.0
3	19	23.0
3	20	19.0
3	21	29.0
3	22	22.0
3	23	20.0
3	24	16.0
3	25	19.0
3	26	14.0
3	27	20.0
3	28	17.0
3	29	16.0
3	30	11.0
3	31	10.0
3	32	18.0
3	33	10.0
3	34	11.0
3	35	13.0
3	36	10.0
3	37	20.0
3	38	8.0
3	39	15.0
3	40	13.0
3	41	16.0
3	42	18.0
3	43	12.0
3	44	15.0
3	45	11.0
3	46	5.0
3	47	6.0
3	48	23.0
3	49	22.0
3	50	22.0
3	51	21.0
3	52	18.0
3	53	21.0
3	54	11.0
3	55	16.0
3	56	13.0
3	57	21.0
3	58	23.0
3	59	25.0
3	60	25.0
3	61	21.0
3	62	10.0
3	63	16.0
3	64	15.0
3	65	13.0
3	66	17.0
3	67	16.0
3	68	16.0
3	69	18.0
3	70	19.0
3	71	19.0
3	72	18.0
3	73	25.0
3	74	26.0
3	75	24.0
3	76	25.0
3	77	19.0
3	78	14.0
3	79	21.0
3	80	15.0
3	81	17.0
3	82	26.0
3	83	17.0
3	84	12.0
3	85	13.0
3	86	17.0
3	87	18.0
3	88	19.0
3	89	11.0
3	90	15.0
3	91	21.0
3	92	15.0
3	93	21.0
3	94	20.0
3	95	9.0
3	96	10.0
3	97	19.0
3	98	15.0
3	99	17.0
3	100	15.0
3	101	18.0
3	102	22.0
3	103	19.0
3	104	15.0
3	105	24.0
3	106	20.0
3	107	22.0
3	108	23.0
3	109	22.0
3	110	26.0
3	111	23.0
3	112	25.0
3	113	29.0
3	114	19.0
3	115	15.0
3	116	27.0
3	117	23.0
3	118	38.0
3	119	27.0
3	120	28.0
3	121	31.0
3	122	34.0
4	5	211.0
4	6	120.0
4	7	137.0
4	8	76.0
4	9	42.0
4	10	59.0
4	11	61.0
4	12	26.0
4	13	36.0
4	14	29.0
4	15	26.0
4	16	25.0
4	17	30.0
4	18	32.0
4	19	34.0
4	20	32.0
4	21	17.0
4	22	23.0
4	23	28.0
4	24	19.0
4	25	19.0
4	26	21.0
4	27	21.0
4	28	21.0
4	29	17.0
4	30	15.0
4	31	17.0
4	32	18.0
4	33	17.0
4	34	10.0
4	35	15.0
4	36	10.0
4	37	12.0
4	38	16.0
4	39	14.0
4	40	18.0
4	41	16.0
4	42	14.0
4	43	10.0
4	44	12.0
4	45	11.0
4	46	13.0
4	47	16.0
4	48	17.0
4	49	22.0
4	50	14.0
4	51	22.0
4	52	22.0
4	53	15.0
4	54	26.0
4	55	14.0
4	56	8.0
4	57	24.0
4	58	14.0
4	59	22.0
4	60	28.0
4	61	22.0
4	62	20.0
4	63	14.0
4	64	11.0
4	65	15.0
4	66	13.0
4	67	12.0
4	68	13.0
4	69	23.0
4	70	28.0
4	71	29.0
4	72	23.0
4	73	22.0
4	74	30.0
4	75	21.0
4	76	24.0
4	77	23.0
4	78	29.0
4	79	19.0
4	80	28.0
4	81	31.0
4	82	19.0
4	83	19.0
4	84	31.0
4	85	24.0
4	86	16.0
4	87	11.0
4	88	17.0
4	89	11.0
4	90	14.0
4	91	21.0
4	92	22.0
4	93	21.0
4	94	17.0
4	95	15.0
4	96	15.0
4	97	12.0
4	98	22.0
4	99	17.0
4	100	23.0
4	101	25.0
4	102	13.0
4	103	20.0
4	104	21.0
4	105	29.0
4	106	25.0
4	107	21.0
4	108	25.0
4	109	16.0
4	110	30.0
4	111	29.0
4	112	31.0
4	113	19.0
4	114	29.0
4	115	29.0
4	116	26.0
4	117	47.0
4	118	29.0
4	119	27.0
4	120	26.0
4	121	40.0
4	122	28.0
5	6	242.0
5	7	377.0
5	8	81.0
5	9	42.0
5	10	59.0
5	11	65.0
5	12	28.0
5	13	27.0
5	14	24.0
5	15	30.0
5	16	33.0
5	17	29.0
5	18	41.0
5	19	21.0
5	20	24.0
5	21	22.0
5	22	26.0
5	23	21.0
5	24	17.0
5	25	20.0
5	26	15.0
5	27	14.0
5	28	13.0
5	29	16.0
5	30	5.0
5	31	17.0
5	32	12.0
5	33	11.0
5	34	9.0
5	35	13.0
5	36	7.0
5	37	8.0
5	38	11.0
5	39	19.0
5	40	16.0
5	41	13.0
5	42	12.0
5	43	9.0
5	44	17.0
5	45	16.0
5	46	13.0
5	47	11.0
5	48	20.0
5	49	22.0
5	50	24.0
5	51	20.0
5	52	32.0
5	53	21.0
5	54	23.0
5	55	18.0
5	56	23.0
5	57	27.0
5	58	16.0
5	59	31.0
5	60	24.0
5	61	14.0
5	62	23.0
5	63	12.0
5	64	18.0
5	65	11.0
5	66	19.0
5	67	22.0
5	68	26.0
5	69	20.0
5	70	26.0
5	71	31.0
5	72	32.0
5	73	27.0
5	74	25.0
5	75	31.0
5	76	25.0
5	77	30.0
5	78	21.0
5	79	16.0
5	80	14.0
5	81	26.0
5	82	25.0
5	83	20.0
5	84	23.0
5	85	21.0
5	86	23.0
5	87	15.0
5	88	15.0
5	89	16.0
5	90	19.0
5	91	26.0
5	92	21.0
5	93	20.0
5	94	21.0
5	95	13.0
5	96	21.0
5	97	15.0
5	98	20.0
5	99	20.0
5	100	10.0
5	101	24.0
5	102	18.0
5	103	14.0
5	104	27.0
5	105	15.0
5	106	22.0
5	107	26.0
5	108	37.0
5	109	34.0
5	110	20.0
5	111	16.0
5	112	19.0
5	113	24.0
5	114	24.0
5	115	30.0
5	116	46.0
5	117	34.0
5	118	33.0
5	119	23.0
5	120	28.0
5	121	23.0
5	122	16.0
6	7	246.0
6	8	75.0
6	9	41.0
6	10	50.0
6	11	71.0
6	12	43.0
6	13	29.0
6	14	26.0
6	15	31.0
6	16	28.0
6	17	44.0
6	18	51.0
6	19	30.0
6	20	33.0
6	21	25.0
6	22	28.0
6	23	35.0
6	24	22.0
6	25	22.0
6	26	19.0
6	27	23.0
6	28	17.0
6	29	17.0
6	30	29.0
6	31	16.0
6	32	19.0
6	33	9.0
6	34	8.0
6	35	4.0
6	36	7.0
6	37	16.0
6	38	17.0
6	39	15.0
6	40	16.0
6	41	21.0
6	42	12.0
6	43	9.0
6	44	13.0
6	45	16.0
6	46	13.0
6	47	19.0
6	48	24.0
6	49	26.0
6	50	47.0
6	51	30.0
6	52	28.0
6	53	24.0
6	54	15.0
6	55	20.0
6	56	15.0
6	57	28.0
6	58	21.0
6	59	22.0
6	60	30.0
6	61	33.0
6	62	17.0
6	63	15.0
6	64	25.0
6	65	22.0
6	66	11.0
6	67	14.0
6	68	17.0
6	69	23.0
6	70	31.0
6	71	36.0
6	72	33.0
6	73	25.0
6	74	30.0
6	75	34.0
6	76	29.0
6	77	26.0
6	78	25.0
6	79	16.0
6	80	18.0
6	81	23.0
6	82	24.0
6	83	20.0
6	84	26.0
6	85	23.0
6	86	24.0
6	87	15.0
6	88	12.0
6	89	21.0
6	90	18.0
6	91	17.0
6	92	16.0
6	93	18.0
6	94	19.0
6	95	13.0
6	96	13.0
6	97	16.0
6	98	18.0
6	99	15.0
6	100	19.0
6	101	14.0
6	102	6.0
6	103	20.0
6	104	16.0
6	105	22.0
6	106	26.0
6	107	23.0
6	108	25.0
6	109	21.0
6	110	24.0
6	111	23.0
6	112	22.0
6	113	19.0
6	114	31.0
6	115	27.0
6	116	35.0
6	117	34.0
6	118	18.0
6	119	26.0
6	120	22.0
6	121	28.0
6	122	32.0
7	8	79.0
7	9	45.0
7	10	57.0
7	11	73.0
7	12	35.0
7	13	21.0
7	14	28.0
7	15	31.0
7	16	33.0
7	17	35.0
7	18	33.0
7	19	30.0
7	20	19.0
7	21	18.0
7	22	24.0
7	23	30.0
7	24	20.0
7	25	18.0
7	26	15.0
7	27	16.0
7	28	17.0
7	29	20.0
7	30	14.0
7	31	16.0
7	32	8.0
7	33	9.0
7	34	3.0
7	35	8.0
7	36	9.0
7	37	10.0
7	38	13.0
7	39	16.0
7	40	19.0
7	41	12.0
7	42	10.0
7	43	10.0
7	44	9.0
7	45	17.0
7	46	10.0
7	47	7.0
7	48	10.0
7	49	22.0
7	50	40.0
7	51	29.0
7	52	27.0
7	53	19.0
7	54	39.0
7	55	28.0
7	56	21.0
7	57	29.0
7	58	23.0
7	59	31.0
7	60	29.0
7	61	22.0
7	62	10.0
7	63	11.0
7	64	18.0
7	65	15.0
7	66	17.0
7	67	17.0
7	68	20.0
7	69	23.0
7	70	24.0
7	71	29.0
7	72	30.0
7	73	31.0
7	74	27.0
7	75	18.0
7	76	21.0
7	77	31.0
7	78	25.0
7	79	17.0
7	80	19.0
7	81	18.0
7	82	17.0
7	83	15.0
7	84	24.0
7	85	17.0
7	86	24.0
7	87	9.0
7	88	12.0
7	89	16.0
7	90	17.0
7	91	25.0
7	92	18.0
7	93	20.0
7	94	13.0
7	95	19.0
7	96	21.0
7	97	10.0
7	98	12.0
7	99	15.0
7	100	8.0
7	101	23.0
7	102	20.0
7	103	12.0
7	104	19.0
7	105	18.0
7	106	27.0
7	107	22.0
7	108	27.0
7	109	25.0
7	110	30.0
7	111	26.0
7	112	25.0
7	113	15.0
7	114	23.0
7	115	24.0
7	116	33.0
7	117	40.0
7	118	24.0
7	119	21.0
7	120	36.0
7	121	34.0
7	122	38.0
8	9	83.0
8	10	132.0
8	11	130.0
8	12	51.0
8	13	29.0
8	14	39.0
8	15	24.0
8	16	47.0
8	17	30.0
8	18	45.0
8	19	38.0
8	20	31.0
8	21	22.0
8	22	24.0
8	23	22.0
8	24	21.0
8	25	18.0
8	26	18.0
8	27	16.0
8	28	16.0
8	29	19.0
8	30	12.0
8	31	13.0
8	32	12.0
8	33	11.0
8	34	7.0
8	35	6.0
8	36	7.0
8	37	5.0
8	38	17.0
8	39	6.0
8	40	11.0
8	41	13.0
8	42	12.0
8	43	9.0
8	44	14.0
8	45	4.0
8	46	15.0
8	47	20.0
8	48	23.0
8	49	19.0
8	50	29.0
8	51	20.0
8	52	15.0
8	53	17.0
8	54	28.0
8	55	15.0
8	56	16.0
8	57	28.0
8	58	29.0
8	59	40.0
8	60	29.0
8	61	17.0
8	62	19.0
8	63	17.0
8	64	19.0
8	65	14.0
8	66	15.0
8	67	24.0
8	68	23.0
8	69	21.0
8	70	33.0
8	71	18.0
8	72	22.0
8	73	37.0
8	74	37.0
8	75	28.0
8	76	21.0
8	77	25.0
8	78	23.0
8	79	20.0
8	80	21.0
8	81	22.0
8	82	19.0
8	83	20.0
8	84	20.0
8	85	19.0
8	86	21.0
8	87	14.0
8	88	19.0
8	89	26.0
8	90	27.0
8	91	16.0
8	92	14.0
8	93	21.0
8	94	26.0
8	95	14.0
8	96	30.0
8	97	24.0
8	98	11.0
8	99	15.0
8	100	22.0
8	101	17.0
8	102	30.0
8	103	22.0
8	104	19.0
8	105	34.0
8	106	24.0
8	107	32.0
8	108	28.0
8	109	26.0
8	110	36.0
8	111	28.0
8	112	26.0
8	113	32.0
8	114	40.0
8	115	32.0
8	116	32.0
8	117	38.0
8	118	31.0
8	119	44.0
8	120	45.0
8	121	47.0
8	122	42.0
9	10	136.0
9	11	67.0
9	12	71.0
9	13	46.0
9	14	50.0
9	15	43.0
9	16	42.0
9	17	35.0
9	18	38.0
9	19	31.0
9	20	25.0
9	21	21.0
9	22	27.0
9	23	22.0
9	24	15.0
9	25	16.0
9	26	13.0
9	27	15.0
9	28	10.0
9	29	20.0
9	30	15.0
9	31	11.0
9	32	15.0
9	33	9.0
9	34	13.0
9	35	5.0
9	36	10.0
9	37	6.0
9	38	8.0
9	39	9.0
9	40	21.0
9	41	14.0
9	42	15.0
9	43	11.0
9	44	9.0
9	45	10.0
9	46	18.0
9	47	13.0
9	48	11.0
9	49	25.0
9	50	19.0
9	51	15.0
9	52	22.0
9	53	21.0
9	54	23.0
9	55	15.0
9	56	13.0
9	57	25.0
9	58	20.0
9	59	37.0
9	60	19.0
9	61	22.0
9	62	18.0
9	63	13.0
9	64	18.0
9	65	15.0
9	66	10.0
9	67	30.0
9	68	20.0
9	69	32.0
9	70	25.0
9	71	20.0
9	72	29.0
9	73	23.0
9	74	28.0
9	75	21.0
9	76	28.0
9	77	20.0
9	78	32.0
9	79	20.0
9	80	25.0
9	81	18.0
9	82	22.0
9	83	16.0
9	84	23.0
9	85	28.0
9	86	15.0
9	87	18.0
9	88	15.0
9	89	21.0
9	90	15.0
9	91	21.0
9	92	16.0
9	93	19.0
9	94	13.0
9	95	22.0
9	96	19.0
9	97	12.0
9	98	26.0
9	99	21.0
9	100	26.0
9	101	25.0
9	102	25.0
9	103	20.0
9	104	23.0
9	105	20.0
9	106	23.0
9	107	24.0
9	108	24.0
9	109	21.0
9	110	35.0
9	111	18.0
9	112	28.0
9	113	29.0
9	114	28.0
9	115	27.0
9	116	31.0
9	117	32.0
9	118	33.0
9	119	33.0
9	120	44.0
9	121	35.0
9	122	46.0
10	11	226.0
10	12	95.0
10	13	46.0
10	14	59.0
10	15	45.0
10	16	48.0
10	17	50.0
10	18	52.0
10	19	48.0
10	20	38.0
10	21	25.0
10	22	22.0
10	23	18.0
10	24	21.0
10	25	22.0
10	26	23.0
10	27	19.0
10	28	17.0
10	29	12.0
10	30	9.0
10	31	12.0
10	32	18.0
10	33	10.0
10	34	13.0
10	35	8.0
10	36	5.0
10	37	7.0
10	38	10.0
10	39	9.0
10	40	19.0
10	41	22.0
10	42	9.0
10	43	14.0
10	44	11.0
10	45	10.0
10	46	15.0
10	47	14.0
10	48	15.0
10	49	22.0
10	50	21.0
10	51	17.0
10	52	30.0
10	53	27.0
10	54	18.0
10	55	21.0
10	56	24.0
10	57	23.0
10	58	24.0
10	59	27.0
10	60	33.0
10	61	20.0
10	62	15.0
10	63	10.0
10	64	19.0
10	65	16.0
10	66	19.0
10	67	24.0
10	68	16.0
10	69	15.0
10	70	20.0
10	71	22.0
10	72	26.0
10	73	22.0
10	74	19.0
10	75	25.0
10	76	34.0
10	77	33.0
10	78	26.0
10	79	20.0
10	80	22.0
10	81	24.0
10	82	32.0
10	83	21.0
10	84	29.0
10	85	21.0
10	86	22.0
10	87	10.0
10	88	17.0
10	89	9.0
10	90	14.0
10	91	22.0
10	92	14.0
10	93	19.0
10	94	19.0
10	95	15.0
10	96	14.0
10	97	15.0
10	98	25.0
10	99	17.0
10	100	20.0
10	101	15.0
10	102	13.0
10	103	20.0
10	104	17.0
10	105	25.0
10	106	22.0
10	107	22.0
10	108	36.0
10	109	25.0
10	110	27.0
10	111	28.0
10	112	17.0
10	113	34.0
10	114	22.0
10	115	32.0
10	116	32.0
10	117	26.0
10	118	34.0
10	119	39.0
10	120	35.0
10	121	32.0
10	122	41.0
11	12	69.0
11	13	54.0
11	14	63.0
11	15	37.0
11	16	58.0
11	17	46.0
11	18	64.0
11	19	51.0
11	20	34.0
11	21	30.0
11	22	34.0
11	23	41.0
11	24	34.0
11	25	28.0
11	26	23.0
11	27	15.0
11	28	20.0
11	29	19.0
11	30	16.0
11	31	11.0
11	32	13.0
11	33	13.0
11	34	8.0
11	35	8.0
11	36	10.0
11	37	8.0
11	38	12.0
11	39	14.0
11	40	18.0
11	41	17.0
11	42	10.0
11	43	20.0
11	44	9.0
11	45	16.0
11	46	9.0
11	47	15.0
11	48	21.0
11	49	33.0
11	50	31.0
11	51	26.0
11	52	22.0
11	53	24.0
11	54	23.0
11	55	25.0
11	56	18.0
11	57	22.0
11	58	21.0
11	59	25.0
11	60	26.0
11	61	19.0
11	62	24.0
11	63	17.0
11	64	14.0
11	65	10.0
11	66	19.0
11	67	24.0
11	68	24.0
11	69	21.0
11	70	24.0
11	71	27.0
11	72	29.0
11	73	21.0
11	74	29.0
11	75	25.0
11	76	23.0
11	77	26.0
11	78	25.0
11	79	24.0
11	80	27.0
11	81	23.0
11	82	17.0
11	83	15.0
11	84	24.0
11	85	19.0
11	86	10.0
11	87	12.0
11	88	26.0
11	89	15.0
11	90	13.0
11	91	22.0
11	92	19.0
11	93	14.0
11	94	17.0
11	95	19.0
11	96	19.0
11	97	19.0
11	98	18.0
11	99	18.0
11	100	16.0
11	101	25.0
11	102	17.0
11	103	14.0
11	104	23.0
11	105	11.0
11	106	19.0
11	107	19.0
11	108	23.0
11	109	27.0
11	110	22.0
11	111	19.0
11	112	15.0
11	113	31.0
11	114	27.0
11	115	19.0
11	116	28.0
11	117	27.0
11	118	30.0
11	119	20.0
11	120	28.0
11	121	25.0
11	122	36.0
12	13	85.0
12	14	115.0
12	15	78.0
12	16	70.0
12	17	53.0
12	18	56.0
12	19	61.0
12	20	37.0
12	21	30.0
12	22	29.0
12	23	33.0
12	24	25.0
12	25	31.0
12	26	17.0
12	27	19.0
12	28	16.0
12	29	16.0
12	30	22.0
12	31	12.0
12	32	16.0
12	33	15.0
12	34	7.0
12	35	8.0
12	36	6.0
12	37	12.0
12	38	4.0
12	39	14.0
12	40	8.0
12	41	11.0
12	42	7.0
12	43	9.0
12	44	7.0
12	45	6.0
12	46	10.0
12	47	18.0
12	48	24.0
12	49	33.0
12	50	25.0
12	51	19.0
12	52	20.0
12	53	26.0
12	54	23.0
12	55	22.0
12	56	15.0
12	57	22.0
12	58	24.0
12	59	29.0
12	60	21.0
12	61	17.0
12	62	30.0
12	63	13.0
12	64	17.0
12	65	16.0
12	66	11.0
12	67	23.0
12	68	18.0
12	69	22.0
12	70	18.0
12	71	19.0
12	72	24.0
12	73	26.0
12	74	22.0
12	75	11.0
12	76	20.0
12	77	21.0
12	78	24.0
12	79	21.0
12	80	18.0
12	81	25.0
12	82	19.0
12	83	16.0
12	84	22.0
12	85	21.0
12	86	10.0
12	87	7.0
12	88	11.0
12	89	13.0
12	90	16.0
12	91	17.0
12	92	19.0
12	93	14.0
12	94	22.0
12	95	21.0
12	96	13.0
12	97	13.0
12	98	11.0
12	99	17.0
12	100	18.0
12	101	21.0
12	102	19.0
12	103	13.0
12	104	17.0
12	105	24.0
12	106	17.0
12	107	19.0
12	108	23.0
12	109	18.0
12	110	13.0
12	111	19.0
12	112	18.0
12	113	22.0
12	114	18.0
12	115	14.0
12	116	16.0
12	117	15.0
12	118	29.0
12	119	19.0
12	120	23.0
12	121	36.0
12	122	35.0
13	14	253.0
13	15	95.0
13	16	53.0
13	17	58.0
13	18	60.0
13	19	60.0
13	20	32.0
13	21	46.0
13	22	27.0
13	23	27.0
13	24	29.0
13	25	20.0
13	26	16.0
13	27	27.0
13	28	17.0
13	29	14.0
13	30	16.0
13	31	12.0
13	32	7.0
13	33	17.0
13	34	11.0
13	35	7.0
13	36	7.0
13	37	5.0
13	38	11.0
13	39	17.0
13	40	17.0
13	41	18.0
13	42	15.0
13	43	8.0
13	44	8.0
13	45	12.0
13	46	15.0
13	47	12.0
13	48	17.0
13	49	21.0
13	50	31.0
13	51	16.0
13	52	22.0
13	53	14.0
13	54	15.0
13	55	10.0
13	56	18.0
13	57	17.0
13	58	14.0
13	59	23.0
13	60	19.0
13	61	20.0
13	62	22.0
13	63	8.0
13	64	9.0
13	65	13.0
13	66	11.0
13	67	14.0
13	68	14.0
13	69	17.0
13	70	18.0
13	71	22.0
13	72	23.0
13	73	26.0
13	74	19.0
13	75	19.0
13	76	13.0
13	77	20.0
13	78	18.0
13	79	14.0
13	80	16.0
13	81	19.0
13	82	27.0
13	83	19.0
13	84	8.0
13	85	19.0
13	86	12.0
13	87	8.0
13	88	5.0
13	89	11.0
13	90	19.0
13	91	18.0
13	92	12.0
13	93	15.0
13	94	17.0
13	95	19.0
13	96	11.0
13	97	11.0
13	98	15.0
13	99	16.0
13	100	14.0
13	101	18.0
13	102	13.0
13	103	20.0
13	104	17.0
13	105	13.0
13	106	10.0
13	107	6.0
13	108	10.0
13	109	24.0
13	110	14.0
13	111	18.0
13	112	15.0
13	113	11.0
13	114	18.0
13	115	12.0
13	116	14.0
13	117	16.0
13	118	21.0
13	119	29.0
13	120	23.0
13	121	31.0
13	122	17.0
14	15	148.0
14	16	85.0
14	17	70.0
14	18	63.0
14	19	72.0
14	20	53.0
14	21	44.0
14	22	29.0
14	23	38.0
14	24	31.0
14	25	28.0
14	26	14.0
14	27	21.0
14	28	12.0
14	29	20.0
14	30	17.0
14	31	16.0
14	32	13.0
14	33	3.0
14	34	12.0
14	35	6.0
14	36	9.0
14	37	9.0
14	38	8.0
14	39	16.0
14	40	13.0
14	41	8.0
14	42	9.0
14	43	10.0
14	44	19.0
14	45	13.0
14	46	17.0
14	47	17.0
14	48	19.0
14	49	31.0
14	50	22.0
14	51	16.0
14	52	25.0
14	53	28.0
14	54	18.0
14	55	19.0
14	56	18.0
14	57	13.0
14	58	16.0
14	59	21.0
14	60	26.0
14	61	20.0
14	62	19.0
14	63	11.0
14	64	13.0
14	65	12.0
14	66	12.0
14	67	13.0
14	68	14.0
14	69	23.0
14	70	11.0
14	71	19.0
14	72	20.0
14	73	15.0
14	74	20.0
14	75	15.0
14	76	14.0
14	77	22.0
14	78	12.0
14	79	13.0
14	80	23.0
14	81	15.0
14	82	24.0
14	83	4.0
14	84	13.0
14	85	14.0
14	86	14.0
14	87	13.0
14	88	12.0
14	89	16.0
14	90	16.0
14	91	16.0
14	92	11.0
14	93	11.0
14	94	19.0
14	95	17.0
14	96	18.0
14	97	12.0
14	98	10.0
14	99	9.0
14	100	19.0
14	101	18.0
14	102	16.0
14	103	14.0
14	104	12.0
14	105	15.0
14	106	15.0
14	107	20.0
14	108	15.0
14	109	15.0
14	110	19.0
14	111	26.0
14	112	15.0
14	113	18.0
14	114	18.0
14	115	18.0
14	116	15.0
14	117	15.0
14	118	23.0
14	119	19.0
14	120	31.0
14	121	18.0
14	122	27.0
15	16	85.0
15	17	73.0
15	18	50.0
15	19	88.0
15	20	56.0
15	21	38.0
15	22	35.0
15	23	31.0
15	24	25.0
15	25	26.0
15	26	28.0
15	27	24.0
15	28	15.0
15	29	15.0
15	30	21.0
15	31	17.0
15	32	14.0
15	33	4.0
15	34	6.0
15	35	9.0
15	36	9.0
15	37	8.0
15	38	4.0
15	39	15.0
15	40	7.0
15	41	10.0
15	42	15.0
15	43	13.0
15	44	10.0
15	45	8.0
15	46	13.0
15	47	23.0
15	48	18.0
15	49	23.0
15	50	22.0
15	51	21.0
15	52	19.0
15	53	14.0
15	54	20.0
15	55	22.0
15	56	20.0
15	57	16.0
15	58	20.0
15	59	19.0
15	60	24.0
15	61	20.0
15	62	16.0
15	63	14.0
15	64	9.0
15	65	14.0
15	66	14.0
15	67	13.0
15	68	17.0
15	69	25.0
15	70	20.0
15	71	27.0
15	72	15.0
15	73	28.0
15	74	10.0
15	75	19.0
15	76	13.0
15	77	21.0
15	78	15.0
15	79	12.0
15	80	22.0
15	81	16.0
15	82	21.0
15	83	10.0
15	84	14.0
15	85	13.0
15	86	16.0
15	87	10.0
15	88	10.0
15	89	11.0
15	90	16.0
15	91	23.0
15	92	12.0
15	93	11.0
15	94	14.0
15	95	21.0
15	96	16.0
15	97	12.0
15	98	11.0
15	99	18.0
15	100	19.0
15	101	8.0
15	102	14.0
15	103	13.0
15	104	14.0
15	105	16.0
15	106	14.0
15	107	14.0
15	108	13.0
15	109	17.0
15	110	15.0
15	111	18.0
15	112	16.0
15	113	20.0
15	114	19.0
15	115	14.0
15	116	17.0
15	117	15.0
15	118	17.0
15	119	26.0
15	120	18.0
15	121	14.0
15	122	23.0
16	17	356.0
16	18	203.0
16	19	244.0
16	20	91.0
16	21	55.0
16	22	56.0
16	23	64.0
16	24	44.0
16	25	47.0
16	26	33.0
16	27	19.0
16	28	15.0
16	29	17.0
16	30	14.0
16	31	18.0
16	32	21.0
16	33	10.0
16	34	4.0
16	35	8.0
16	36	14.0
16	37	11.0
16	38	13.0
16	39	14.0
16	40	14.0
16	41	22.0
16	42	12.0
16	43	14.0
16	44	11.0
16	45	12.0
16	46	9.0
16	47	21.0
16	48	21.0
16	49	31.0
16	50	21.0
16	51	29.0
16	52	43.0
16	53	41.0
16	54	18.0
16	55	31.0
16	56	17.0
16	57	26.0
16	58	17.0
16	59	19.0
16	60	18.0
16	61	27.0
16	62	18.0
16	63	9.0
16	64	22.0
16	65	18.0
16	66	21.0
16	67	23.0
16	68	17.0
16	69	21.0
16	70	19.0
16	71	21.0
16	72	18.0
16	73	24.0
16	74	20.0
16	75	19.0
16	76	18.0
16	77	26.0
16	78	20.0
16	79	11.0
16	80	21.0
16	81	10.0
16	82	18.0
16	83	22.0
16	84	13.0
16	85	20.0
16	86	19.0
16	87	14.0
16	88	12.0
16	89	14.0
16	90	14.0
16	91	16.0
16	92	14.0
16	93	14.0
16	94	15.0
16	95	13.0
16	96	11.0
16	97	7.0
16	98	12.0
16	99	21.0
16	100	15.0
16	101	15.0
16	102	12.0
16	103	14.0
16	104	10.0
16	105	18.0
16	106	15.0
16	107	17.0
16	108	19.0
16	109	20.0
16	110	11.0
16	111	19.0
16	112	13.0
16	113	16.0
16	114	16.0
16	115	13.0
16	116	17.0
16	117	29.0
16	118	18.0
16	119	11.0
16	120	26.0
16	121	23.0
16	122	20.0
17	18	254.0
17	19	292.0
17	20	121.0
17	21	66.0
17	22	71.0
17	23	62.0
17	24	51.0
17	25	25.0
17	26	28.0
17	27	25.0
17	28	30.0
17	29	29.0
17	30	24.0
17	31	21.0
17	32	13.0
17	33	14.0
17	34	9.0
17	35	16.0
17	36	6.0
17	37	9.0
17	38	19.0
17	39	10.0
17	40	18.0
17	41	12.0
17	42	18.0
17	43	11.0
17	44	14.0
17	45	12.0
17	46	13.0
17	47	21.0
17	48	29.0
17	49	29.0
17	50	34.0
17	51	30.0
17	52	37.0
17	53	36.0
17	54	30.0
17	55	24.0
17	56	28.0
17	57	27.0
17	58	24.0
17	59	27.0
17	60	27.0
17	61	18.0
17	62	14.0
17	63	15.0
17	64	17.0
17	65	16.0
17	66	13.0
17	67	20.0
17	68	19.0
17	69	15.0
17	70	21.0
17	71	27.0
17	72	24.0
17	73	21.0
17	74	24.0
17	75	20.0
17	76	19.0
17	77	25.0
17	78	15.0
17	79	19.0
17	80	14.0
17	81	13.0
17	82	17.0
17	83	18.0
17	84	15.0
17	85	11.0
17	86	14.0
17	87	14.0
17	88	11.0
17	89	8.0
17	90	15.0
17	91	14.0
17	92	7.0
17	93	9.0
17	94	16.0
17	95	12.0
17	96	9.0
17	97	7.0
17	98	17.0
17	99	12.0
17	100	5.0
17	101	19.0
17	102	10.0
17	103	8.0
17	104	15.0
17	105	11.0
17	106	21.0
17	107	16.0
17	108	19.0
17	109	14.0
17	110	19.0
17	111	18.0
17	112	18.0
17	113	16.0
17	114	16.0
17	115	21.0
17	116	7.0
17	117	15.0
17	118	18.0
17	119	13.0
17	120	17.0
17	121	32.0
17	122	19.0
18	19	132.0
18	20	98.0
18	21	60.0
18	22	60.0
18	23	48.0
18	24	47.0
18	25	29.0
18	26	22.0
18	27	23.0
18	28	22.0
18	29	27.0
18	30	23.0
18	31	23.0
18	32	18.0
18	33	9.0
18	34	12.0
18	35	8.0
18	36	12.0
18	37	6.0
18	38	12.0
18	39	14.0
18	40	18.0
18	41	11.0
18	42	15.0
18	43	11.0
18	44	16.0
18	45	12.0
18	46	16.0
18	47	25.0
18	48	26.0
18	49	28.0
18	50	34.0
18	51	32.0
18	52	34.0
18	53	37.0
18	54	27.0
18	55	17.0
18	56	18.0
18	57	21.0
18	58	34.0
18	59	22.0
18	60	34.0
18	61	20.0
18	62	25.0
18	63	18.0
18	64	16.0
18	65	15.0
18	66	16.0
18	67	21.0
18	68	19.0
18	69	27.0
18	70	18.0
18	71	22.0
18	72	23.0
18	73	26.0
18	74	20.0
18	75	16.0
18	76	32.0
18	77	17.0
18	78	11.0
18	79	17.0
18	80	17.0
18	81	18.0
18	82	20.0
18	83	15.0
18	84	13.0
18	85	15.0
18	86	5.0
18	87	17.0
18	88	13.0
18	89	14.0
18	90	16.0
18	91	14.0
18	92	11.0
18	93	13.0
18	94	11.0
18	95	13.0
18	96	14.0
18	97	17.0
18	98	9.0
18	99	9.0
18	100	14.0
18	101	23.0
18	102	12.0
18	103	15.0
18	104	15.0
18	105	16.0
18	106	17.0
18	107	22.0
18	108	15.0
18	109	15.0
18	110	13.0
18	111	15.0
18	112	22.0
18	113	14.0
18	114	12.0
18	115	14.0
18	116	36.0
18	117	16.0
18	118	27.0
18	119	25.0
18	120	21.0
18	121	27.0
18	122	25.0
19	20	129.0
19	21	74.0
19	22	61.0
19	23	58.0
19	24	55.0
19	25	35.0
19	26	30.0
19	27	30.0
19	28	21.0
19	29	21.0
19	30	20.0
19	31	16.0
19	32	21.0
19	33	5.0
19	34	12.0
19	35	14.0
19	36	8.0
19	37	12.0
19	38	21.0
19	39	14.0
19	40	20.0
19	41	20.0
19	42	9.0
19	43	6.0
19	44	12.0
19	45	16.0
19	46	13.0
19	47	18.0
19	48	26.0
19	49	24.0
19	50	35.0
19	51	32.0
19	52	38.0
19	53	27.0
19	54	26.0
19	55	16.0
19	56	29.0
19	57	38.0
19	58	37.0
19	59	28.0
19	60	24.0
19	61	26.0
19	62	15.0
19	63	14.0
19	64	13.0
19	65	13.0
19	66	14.0
19	67	12.0
19	68	16.0
19	69	18.0
19	70	18.0
19	71	21.0
19	72	22.0
19	73	18.0
19	74	17.0
19	75	16.0
19	76	16.0
19	77	22.0
19	78	20.0
19	79	18.0
19	80	15.0
19	81	14.0
19	82	21.0
19	83	21.0
19	84	10.0
19	85	15.0
19	86	24.0
19	87	15.0
19	88	13.0
19	89	14.0
19	90	21.0
19	91	10.0
19	92	5.0
19	93	13.0
19	94	17.0
19	95	12.0
19	96	17.0
19	97	10.0
19	98	11.0
19	99	15.0
19	100	10.0
19	101	11.0
19	102	17.0
19	103	7.0
19	104	9.0
19	105	15.0
19	106	15.0
19	107	18.0
19	108	15.0
19	109	15.0
19	110	14.0
19	111	8.0
19	112	12.0
19	113	11.0
19	114	16.0
19	115	15.0
19	116	21.0
19	117	17.0
19	118	18.0
19	119	18.0
19	120	20.0
19	121	12.0
19	122	18.0
20	21	142.0
20	22	113.0
20	23	74.0
20	24	69.0
20	25	52.0
20	26	38.0
20	27	27.0
20	28	24.0
20	29	34.0
20	30	29.0
20	31	24.0
20	32	13.0
20	33	10.0
20	34	8.0
20	35	5.0
20	36	10.0
20	37	11.0
20	38	9.0
20	39	11.0
20	40	16.0
20	41	21.0
20	42	16.0
20	43	19.0
20	44	9.0
20	45	20.0
20	46	24.0
20	47	23.0
20	48	32.0
20	49	28.0
20	50	30.0
20	51	42.0
20	52	44.0
20	53	36.0
20	54	41.0
20	55	21.0
20	56	25.0
20	57	27.0
20	58	18.0
20	59	30.0
20	60	33.0
20	61	24.0
20	62	22.0
20	63	14.0
20	64	15.0
20	65	21.0
20	66	22.0
20	67	24.0
20	68	19.0
20	69	17.0
20	70	20.0
20	71	15.0
20	72	25.0
20	73	26.0
20	74	20.0
20	75	25.0
20	76	17.0
20	77	31.0
20	78	9.0
20	79	17.0
20	80	17.0
20	81	9.0
20	82	17.0
20	83	13.0
20	84	13.0
20	85	14.0
20	86	13.0
20	87	19.0
20	88	7.0
20	89	15.0
20	90	12.0
20	91	12.0
20	92	13.0
20	93	11.0
20	94	15.0
20	95	14.0
20	96	12.0
20	97	11.0
20	98	13.0
20	99	17.0
20	100	9.0
20	101	9.0
20	102	8.0
20	103	11.0
20	104	10.0
20	105	12.0
20	106	14.0
20	107	19.0
20	108	14.0
20	109	21.0
20	110	21.0
20	111	14.0
20	112	20.0
20	113	12.0
20	114	17.0
20	115	15.0
20	116	15.0
20	117	13.0
20	118	9.0
20	119	20.0
20	120	15.0
20	121	12.0
20	122	12.0
21	22	128.0
21	23	92.0
21	24	72.0
21	25	48.0
21	26	50.0
21	27	28.0
21	28	31.0
21	29	31.0
21	30	29.0
21	31	19.0
21	32	19.0
21	33	13.0
21	34	11.0
21	35	12.0
21	36	12.0
21	37	10.0
21	38	10.0
21	39	13.0
21	40	20.0
21	41	10.0
21	42	21.0
21	43	10.0
21	44	21.0
21	45	16.0
21	46	26.0
21	47	27.0
21	48	37.0
21	49	39.0
21	50	32.0
21	51	36.0
21	52	47.0
21	53	53.0
21	54	41.0
21	55	38.0
21	56	34.0
21	57	25.0
21	58	25.0
21	59	25.0
21	60	31.0
21	61	22.0
21	62	25.0
21	63	19.0
21	64	24.0
21	65	7.0
21	66	20.0
21	67	23.0
21	68	34.0
21	69	16.0
21	70	17.0
21	71	14.0
21	72	22.0
21	73	18.0
21	74	21.0
21	75	12.0
21	76	12.0
21	77	18.0
21	78	18.0
21	79	22.0
21	80	15.0
21	81	11.0
21	82	17.0
21	83	17.0
21	84	16.0
21	85	14.0
21	86	14.0
21	87	7.0
21	88	9.0
21	89	7.0
21	90	11.0
21	91	17.0
21	92	10.0
21	93	12.0
21	94	14.0
21	95	7.0
21	96	13.0
21	97	11.0
21	98	11.0
21	99	12.0
21	100	6.0
21	101	11.0
21	102	19.0
21	103	6.0
21	104	14.0
21	105	9.0
21	106	12.0
21	107	20.0
21	108	15.0
21	109	9.0
21	110	6.0
21	111	10.0
21	112	8.0
21	113	16.0
21	114	9.0
21	115	21.0
21	116	18.0
21	117	13.0
21	118	12.0
21	119	23.0
21	120	19.0
21	121	10.0
21	122	17.0
22	23	217.0
22	24	180.0
22	25	65.0
22	26	52.0
22	27	41.0
22	28	28.0
22	29	32.0
22	30	31.0
22	31	26.0
22	32	22.0
22	33	15.0
22	34	7.0
22	35	15.0
22	36	8.0
22	37	19.0
22	38	10.0
22	39	14.0
22	40	19.0
22	41	16.0
22	42	23.0
22	43	15.0
22	44	21.0
22	45	17.0
22	46	27.0
22	47	27.0
22	48	31.0
22	49	31.0
22	50	44.0
22	51	35.0
22	52	47.0
22	53	50.0
22	54	30.0
22	55	26.0
22	56	25.0
22	57	22.0
22	58	22.0
22	59	27.0
22	60	31.0
22	61	30.0
22	62	22.0
22	63	11.0
22	64	17.0
22	65	23.0
22	66	17.0
22	67	16.0
22	68	18.0
22	69	15.0
22	70	21.0
22	71	12.0
22	72	22.0
22	73	18.0
22	74	18.0
22	75	15.0
22	76	17.0
22	77	10.0
22	78	10.0
22	79	10.0
22	80	11.0
22	81	13.0
22	82	13.0
22	83	13.0
22	84	15.0
22	85	10.0
22	86	22.0
22	87	10.0
22	88	15.0
22	89	9.0
22	90	8.0
22	91	8.0
22	92	12.0
22	93	9.0
22	94	11.0
22	95	14.0
22	96	8.0
22	97	7.0
22	98	10.0
22	99	13.0
22	100	12.0
22	101	10.0
22	102	10.0
22	103	7.0
22	104	8.0
22	105	14.0
22	106	15.0
22	107	16.0
22	108	14.0
22	109	11.0
22	110	18.0
22	111	12.0
22	112	14.0
22	113	17.0
22	114	18.0
22	115	14.0
22	116	18.0
22	117	11.0
22	118	12.0
22	119	18.0
22	120	19.0
22	121	10.0
22	122	12.0
23	24	148.0
23	25	51.0
23	26	33.0
23	27	38.0
23	28	40.0
23	29	38.0
23	30	34.0
23	31	13.0
23	32	22.0
23	33	23.0
23	34	3.0
23	35	8.0
23	36	11.0
23	37	12.0
23	38	14.0
23	39	14.0
23	40	21.0
23	41	25.0
23	42	19.0
23	43	13.0
23	44	18.0
23	45	11.0
23	46	24.0
23	47	24.0
23	48	31.0
23	49	40.0
23	50	35.0
23	51	34.0
23	52	44.0
23	53	28.0
23	54	36.0
23	55	25.0
23	56	21.0
23	57	23.0
23	58	20.0
23	59	25.0
23	60	17.0
23	61	14.0
23	62	15.0
23	63	14.0
23	64	13.0
23	65	17.0
23	66	9.0
23	67	14.0
23	68	15.0
23	69	18.0
23	70	23.0
23	71	22.0
23	72	14.0
23	73	12.0
23	74	10.0
23	75	12.0
23	76	14.0
23	77	17.0
23	78	15.0
23	79	9.0
23	80	10.0
23	81	24.0
23	82	17.0
23	83	15.0
23	84	18.0
23	85	21.0
23	86	21.0
23	87	12.0
23	88	11.0
23	89	13.0
23	90	13.0
23	91	16.0
23	92	16.0
23	93	13.0
23	94	11.0
23	95	12.0
23	96	9.0
23	97	11.0
23	98	6.0
23	99	11.0
23	100	7.0
23	101	7.0
23	102	8.0
23	103	7.0
23	104	9.0
23	105	18.0
23	106	13.0
23	107	14.0
23	108	11.0
23	109	17.0
23	110	23.0
23	111	11.0
23	112	14.0
23	113	19.0
23	114	8.0
23	115	19.0
23	116	22.0
23	117	15.0
23	118	10.0
23	119	12.0
23	120	22.0
23	121	17.0
23	122	19.0
24	25	98.0
24	26	54.0
24	27	40.0
24	28	38.0
24	29	35.0
24	30	37.0
24	31	20.0
24	32	20.0
24	33	18.0
24	34	14.0
24	35	11.0
24	36	7.0
24	37	17.0
24	38	18.0
24	39	15.0
24	40	22.0
24	41	23.0
24	42	23.0
24	43	13.0
24	44	20.0
24	45	20.0
24	46	18.0
24	47	27.0
24	48	41.0
24	49	31.0
24	50	43.0
24	51	38.0
24	52	33.0
24	53	27.0
24	54	27.0
24	55	22.0
24	56	22.0
24	57	19.0
24	58	22.0
24	59	23.0
24	60	22.0
24	61	21.0
24	62	12.0
24	63	16.0
24	64	17.0
24	65	16.0
24	66	12.0
24	67	13.0
24	68	12.0
24	69	24.0
24	70	17.0
24	71	12.0
24	72	10.0
24	73	19.0
24	74	20.0
24	75	19.0
24	76	19.0
24	77	18.0
24	78	7.0
24	79	11.0
24	80	14.0
24	81	13.0
24	82	11.0
24	83	8.0
24	84	16.0
24	85	13.0
24	86	14.0
24	87	10.0
24	88	16.0
24	89	24.0
24	90	14.0
24	91	14.0
24	92	12.0
24	93	12.0
24	94	11.0
24	95	16.0
24	96	11.0
24	97	7.0
24	98	7.0
24	99	15.0
24	100	8.0
24	101	10.0
24	102	9.0
24	103	10.0
24	104	16.0
24	105	7.0
24	106	9.0
24	107	10.0
24	108	11.0
24	109	9.0
24	110	9.0
24	111	16.0
24	112	6.0
24	113	8.0
24	114	16.0
24	115	9.0
24	116	22.0
24	117	12.0
24	118	9.0
24	119	12.0
24	120	18.0
24	121	18.0
24	122	12.0
25	26	99.0
25	27	60.0
25	28	74.0
25	29	69.0
25	30	52.0
25	31	29.0
25	32	22.0
25	33	17.0
25	34	21.0
25	35	11.0
25	36	11.0
25	37	8.0
25	38	8.0
25	39	18.0
25	40	30.0
25	41	35.0
25	42	30.0
25	43	18.0
25	44	24.0
25	45	23.0
25	46	17.0
25	47	28.0
25	48	52.0
25	49	50.0
25	50	34.0
25	51	62.0
25	52	38.0
25	53	47.0
25	54	35.0
25	55	30.0
25	56	17.0
25	57	23.0
25	58	24.0
25	59	33.0
25	60	26.0
25	61	18.0
25	62	25.0
25	63	27.0
25	64	13.0
25	65	21.0
25	66	22.0
25	67	16.0
25	68	21.0
25	69	14.0
25	70	15.0
25	71	21.0
25	72	10.0
25	73	12.0
25	74	11.0
25	75	12.0
25	76	19.0
25	77	13.0
25	78	11.0
25	79	10.0
25	80	16.0
25	81	17.0
25	82	13.0
25	83	7.0
25	84	12.0
25	85	14.0
25	86	9.0
25	87	12.0
25	88	9.0
25	89	16.0
25	90	15.0
25	91	10.0
25	92	8.0
25	93	13.0
25	94	12.0
25	95	14.0
25	96	10.0
25	97	10.0
25	98	8.0
25	99	12.0
25	100	8.0
25	101	7.0
25	102	12.0
25	103	9.0
25	104	7.0
25	105	18.0
25	106	8.0
25	107	13.0
25	108	16.0
25	109	9.0
25	110	12.0
25	111	13.0
25	112	8.0
25	113	7.0
25	114	7.0
25	115	13.0
25	116	15.0
25	117	14.0
25	118	7.0
25	119	12.0
25	120	18.0
25	121	17.0
25	122	18.0
26	27	112.0
26	28	71.0
26	29	64.0
26	30	35.0
26	31	21.0
26	32	24.0
26	33	14.0
26	34	18.0
26	35	14.0
26	36	11.0
26	37	14.0
26	38	8.0
26	39	18.0
26	40	30.0
26	41	25.0
26	42	16.0
26	43	19.0
26	44	22.0
26	45	19.0
26	46	43.0
26	47	57.0
26	48	95.0
26	49	51.0
26	50	42.0
26	51	69.0
26	52	58.0
26	53	40.0
26	54	33.0
26	55	36.0
26	56	30.0
26	57	25.0
26	58	27.0
26	59	21.0
26	60	27.0
26	61	16.0
26	62	27.0
26	63	13.0
26	64	24.0
26	65	14.0
26	66	12.0
26	67	19.0
26	68	16.0
26	69	24.0
26	70	12.0
26	71	21.0
26	72	22.0
26	73	19.0
26	74	15.0
26	75	12.0
26	76	17.0
26	77	25.0
26	78	11.0
26	79	16.0
26	80	14.0
26	81	13.0
26	82	18.0
26	83	15.0
26	84	18.0
26	85	12.0
26	86	11.0
26	87	11.0
26	88	14.0
26	89	15.0
26	90	12.0
26	91	16.0
26	92	10.0
26	93	7.0
26	94	11.0
26	95	8.0
26	96	10.0
26	97	4.0
26	98	6.0
26	99	8.0
26	100	8.0
26	101	12.0
26	102	11.0
26	103	7.0
26	104	11.0
26	105	11.0
26	106	15.0
26	107	8.0
26	108	12.0
26	109	17.0
26	110	13.0
26	111	14.0
26	112	10.0
26	113	13.0
26	114	12.0
26	115	11.0
26	116	18.0
26	117	13.0
26	118	7.0
26	119	12.0
26	120	10.0
26	121	11.0
26	122	9.0
27	28	77.0
27	29	56.0
27	30	56.0
27	31	24.0
27	32	24.0
27	33	13.0
27	34	21.0
27	35	10.0
27	36	8.0
27	37	12.0
27	38	16.0
27	39	10.0
27	40	28.0
27	41	41.0
27	42	24.0
27	43	34.0
27	44	30.0
27	45	48.0
27	46	30.0
27	47	47.0
27	48	75.0
27	49	68.0
27	50	32.0
27	51	64.0
27	52	32.0
27	53	25.0
27	54	21.0
27	55	28.0
27	56	37.0
27	57	32.0
27	58	21.0
27	59	15.0
27	60	27.0
27	61	19.0
27	62	22.0
27	63	25.0
27	64	23.0
27	65	14.0
27	66	14.0
27	67	12.0
27	68	20.0
27	69	21.0
27	70	7.0
27	71	10.0
27	72	17.0
27	73	14.0
27	74	18.0
27	75	22.0
27	76	13.0
27	77	19.0
27	78	11.0
27	79	12.0
27	80	16.0
27	81	12.0
27	82	15.0
27	83	9.0
27	84	14.0
27	85	11.0
27	86	12.0
27	87	10.0
27	88	13.0
27	89	9.0
27	90	8.0
27	91	10.0
27	92	5.0
27	93	9.0
27	94	5.0
27	95	13.0
27	96	15.0
27	97	10.0
27	98	11.0
27	99	15.0
27	100	11.0
27	101	10.0
27	102	10.0
27	103	7.0
27	104	8.0
27	105	15.0
27	106	12.0
27	107	5.0
27	108	7.0
27	109	15.0
27	110	11.0
27	111	14.0
27	112	10.0
27	113	14.0
27	114	13.0
27	115	15.0
27	116	15.0
27	117	13.0
27	118	11.0
27	119	20.0
27	120	11.0
27	121	9.0
27	122	11.0
28	29	117.0
28	30	87.0
28	31	38.0
28	32	34.0
28	33	16.0
28	34	10.0
28	35	14.0
28	36	12.0
28	37	14.0
28	38	18.0
28	39	21.0
28	40	37.0
28	41	59.0
28	42	46.0
28	43	28.0
28	44	26.0
28	45	28.0
28	46	28.0
28	47	33.0
28	48	37.0
28	49	34.0
28	50	33.0
28	51	40.0
28	52	29.0
28	53	36.0
28	54	20.0
28	55	18.0
28	56	22.0
28	57	20.0
28	58	25.0
28	59	16.0
28	60	25.0
28	61	15.0
28	62	15.0
28	63	12.0
28	64	12.0
28	65	18.0
28	66	15.0
28	67	21.0
28	68	17.0
28	69	21.0
28	70	15.0
28	71	13.0
28	72	13.0
28	73	19.0
28	74	10.0
28	75	16.0
28	76	11.0
28	77	6.0
28	78	9.0
28	79	8.0
28	80	11.0
28	81	13.0
28	82	8.0
28	83	14.0
28	84	16.0
28	85	8.0
28	86	12.0
28	87	9.0
28	88	12.0
28	89	10.0
28	90	12.0
28	91	9.0
28	92	16.0
28	93	10.0
28	94	15.0
28	95	10.0
28	96	10.0
28	97	8.0
28	98	11.0
28	99	10.0
28	100	17.0
28	101	7.0
28	102	8.0
28	103	9.0
28	104	13.0
28	105	11.0
28	106	12.0
28	107	16.0
28	108	9.0
28	109	8.0
28	110	7.0
28	111	22.0
28	112	11.0
28	113	3.0
28	114	13.0
28	115	8.0
28	116	15.0
28	117	10.0
28	118	13.0
28	119	9.0
28	120	9.0
28	121	19.0
28	122	18.0
29	30	131.0
29	31	46.0
29	32	30.0
29	33	19.0
29	34	23.0
29	35	4.0
29	36	20.0
29	37	15.0
29	38	23.0
29	39	27.0
29	40	36.0
29	41	43.0
29	42	28.0
29	43	30.0
29	44	29.0
29	45	25.0
29	46	19.0
29	47	31.0
29	48	33.0
29	49	28.0
29	50	27.0
29	51	36.0
29	52	26.0
29	53	20.0
29	54	17.0
29	55	18.0
29	56	16.0
29	57	17.0
29	58	19.0
29	59	15.0
29	60	19.0
29	61	14.0
29	62	18.0
29	63	19.0
29	64	14.0
29	65	13.0
29	66	15.0
29	67	14.0
29	68	12.0
29	69	13.0
29	70	17.0
29	71	15.0
29	72	23.0
29	73	21.0
29	74	12.0
29	75	11.0
29	76	15.0
29	77	19.0
29	78	10.0
29	79	8.0
29	80	10.0
29	81	18.0
29	82	7.0
29	83	13.0
29	84	6.0
29	85	12.0
29	86	17.0
29	87	11.0
29	88	15.0
29	89	7.0
29	90	9.0
29	91	15.0
29	92	9.0
29	93	17.0
29	94	10.0
29	95	8.0
29	96	8.0
29	97	13.0
29	98	10.0
29	99	12.0
29	100	11.0
29	101	5.0
29	102	7.0
29	103	14.0
29	104	4.0
29	105	14.0
29	106	11.0
29	107	10.0
29	108	6.0
29	109	11.0
29	110	8.0
29	111	8.0
29	112	12.0
29	113	5.0
29	114	9.0
29	115	10.0
29	116	11.0
29	117	11.0
29	118	17.0
29	119	7.0
29	120	8.0
29	121	5.0
29	122	11.0
30	31	76.0
30	32	27.0
30	33	22.0
30	34	20.0
30	35	6.0
30	36	20.0
30	37	18.0
30	38	18.0
30	39	32.0
30	40	41.0
30	41	65.0
30	42	45.0
30	43	36.0
30	44	21.0
30	45	20.0
30	46	18.0
30	47	35.0
30	48	22.0
30	49	28.0
30	50	25.0
30	51	24.0
30	52	19.0
30	53	22.0
30	54	24.0
30	55	18.0
30	56	19.0
30	57	14.0
30	58	12.0
30	59	21.0
30	60	19.0
30	61	19.0
30	62	17.0
30	63	11.0
30	64	12.0
30	65	13.0
30	66	10.0
30	67	9.0
30	68	16.0
30	69	8.0
30	70	10.0
30	71	13.0
30	72	14.0
30	73	15.0
30	74	10.0
30	75	12.0
30	76	7.0
30	77	9.0
30	78	9.0
30	79	11.0
30	80	13.0
30	81	16.0
30	82	14.0
30	83	5.0
30	84	14.0
30	85	12.0
30	86	4.0
30	87	12.0
30	88	9.0
30	89	11.0
30	90	9.0
30	91	7.0
30	92	4.0
30	93	6.0
30	94	12.0
30	95	9.0
30	96	6.0
30	97	10.0
30	98	12.0
30	99	9.0
30	100	6.0
30	101	7.0
30	102	8.0
30	103	4.0
30	104	13.0
30	105	9.0
30	106	13.0
30	107	11.0
30	108	6.0
30	109	7.0
30	110	11.0
30	111	9.0
30	112	12.0
30	113	17.0
30	114	17.0
30	115	10.0
30	116	15.0
30	117	10.0
30	118	12.0
30	119	9.0
30	120	7.0
30	121	13.0
30	122	16.0
31	32	64.0
31	33	33.0
31	34	23.0
31	35	23.0
31	36	21.0
31	37	33.0
31	38	50.0
31	39	42.0
31	40	85.0
31	41	59.0
31	42	53.0
31	43	22.0
31	44	14.0
31	45	19.0
31	46	16.0
31	47	20.0
31	48	24.0
31	49	20.0
31	50	30.0
31	51	26.0
31	52	18.0
31	53	21.0
31	54	8.0
31	55	15.0
31	56	18.0
31	57	14.0
31	58	9.0
31	59	11.0
31	60	19.0
31	61	11.0
31	62	12.0
31	63	12.0
31	64	14.0
31	65	11.0
31	66	7.0
31	67	16.0
31	68	11.0
31	69	13.0
31	70	9.0
31	71	10.0
31	72	15.0
31	73	9.0
31	74	8.0
31	75	11.0
31	76	10.0
31	77	18.0
31	78	11.0
31	79	8.0
31	80	12.0
31	81	5.0
31	82	8.0
31	83	9.0
31	84	11.0
31	85	10.0
31	86	4.0
31	87	8.0
31	88	5.0
31	89	5.0
31	90	6.0
31	91	10.0
31	92	9.0
31	93	8.0
31	94	7.0
31	95	8.0
31	96	8.0
31	97	7.0
31	98	15.0
31	99	14.0
31	100	10.0
31	101	15.0
31	102	5.0
31	103	5.0
31	104	12.0
31	105	11.0
31	106	7.0
31	107	7.0
31	108	8.0
31	109	10.0
31	110	11.0
31	111	8.0
31	112	4.0
31	113	9.0
31	114	9.0
31	115	9.0
31	116	10.0
31	117	8.0
31	118	13.0
31	119	5.0
31	120	14.0
31	121	10.0
31	122	15.0
32	33	67.0
32	34	36.0
32	35	25.0
32	36	21.0
32	37	52.0
32	38	58.0
32	39	117.0
32	40	77.0
32	41	49.0
32	42	40.0
32	43	29.0
32	44	14.0
32	45	24.0
32	46	17.0
32	47	14.0
32	48	15.0
32	49	17.0
32	50	21.0
32	51	12.0
32	52	16.0
32	53	5.0
32	54	13.0
32	55	14.0
32	56	14.0
32	57	16.0
32	58	11.0
32	59	15.0
32	60	16.0
32	61	13.0
32	62	8.0
32	63	5.0
32	64	5.0
32	65	17.0
32	66	8.0
32	67	7.0
32	68	16.0
32	69	4.0
32	70	12.0
32	71	10.0
32	72	8.0
32	73	14.0
32	74	10.0
32	75	9.0
32	76	14.0
32	77	12.0
32	78	9.0
32	79	8.0
32	80	10.0
32	81	11.0
32	82	8.0
32	83	5.0
32	84	11.0
32	85	12.0
32	86	12.0
32	87	9.0
32	88	8.0
32	89	6.0
32	90	13.0
32	91	11.0
32	92	9.0
32	93	5.0
32	94	7.0
32	95	9.0
32	96	4.0
32	97	11.0
32	98	8.0
32	99	13.0
32	100	2.0
32	101	11.0
32	102	7.0
32	103	10.0
32	104	7.0
32	105	12.0
32	106	9.0
32	107	4.0
32	108	8.0
32	109	6.0
32	110	9.0
32	111	8.0
32	112	8.0
32	113	7.0
32	114	4.0
32	115	11.0
32	116	9.0
32	117	11.0
32	118	9.0
32	119	8.0
32	120	8.0
32	121	9.0
32	122	7.0
33	34	79.0
33	35	37.0
33	36	48.0
33	37	70.0
33	38	327.0
33	39	98.0
33	40	46.0
33	41	24.0
33	42	24.0
33	43	26.0
33	44	15.0
33	45	11.0
33	46	16.0
33	47	12.0
33	48	23.0
33	49	16.0
33	50	15.0
33	51	7.0
33	52	26.0
33	53	15.0
33	54	16.0
33	55	9.0
33	56	7.0
33	57	15.0
33	58	11.0
33	59	9.0
33	60	4.0
33	61	8.0
33	62	5.0
33	63	19.0
33	64	14.0
33	65	18.0
33	66	11.0
33	67	9.0
33	68	7.0
33	69	12.0
33	70	10.0
33	71	10.0
33	72	8.0
33	73	9.0
33	74	5.0
33	75	11.0
33	76	9.0
33	77	9.0
33	78	11.0
33	79	6.0
33	80	12.0
33	81	9.0
33	82	5.0
33	83	11.0
33	84	4.0
33	85	13.0
33	86	10.0
33	87	12.0
33	88	13.0
33	89	10.0
33	90	2.0
33	91	7.0
33	92	9.0
33	93	10.0
33	94	9.0
33	95	11.0
33	96	6.0
33	97	7.0
33	98	5.0
33	99	6.0
33	100	10.0
33	101	5.0
33	102	5.0
33	103	8.0
33	104	8.0
33	105	7.0
33	106	6.0
33	107	9.0
33	108	11.0
33	109	3.0
33	110	7.0
33	111	6.0
33	112	13.0
33	113	10.0
33	114	12.0
33	115	9.0
33	116	11.0
33	117	10.0
33	118	9.0
33	119	8.0
33	120	10.0
33	121	8.0
33	122	9.0
34	35	67.0
34	36	99.0
34	37	470.0
34	38	94.0
34	39	52.0
34	40	17.0
34	41	20.0
34	42	26.0
34	43	24.0
34	44	21.0
34	45	12.0
34	46	19.0
34	47	10.0
34	48	10.0
34	49	12.0
34	50	13.0
34	51	11.0
34	52	7.0
34	53	15.0
34	54	8.0
34	55	7.0
34	56	7.0
34	57	11.0
34	58	8.0
34	59	9.0
34	60	12.0
34	61	6.0
34	62	11.0
34	63	13.0
34	64	9.0
34	65	15.0
34	66	8.0
34	67	7.0
34	68	7.0
34	69	8.0
34	70	11.0
34	71	8.0
34	72	10.0
34	73	8.0
34	74	4.0
34	75	8.0
34	76	10.0
34	77	8.0
34	78	3.0
34	79	9.0
34	80	7.0
34	81	10.0
34	82	11.0
34	83	10.0
34	84	7.0
34	85	9.0
34	86	7.0
34	87	9.0
34	88	5.0
34	89	3.0
34	90	9.0
34	91	3.0
34	92	8.0
34	93	7.0
34	94	7.0
34	95	12.0
34	96	4.0
34	97	7.0
34	98	12.0
34	99	5.0
34	100	6.0
34	101	4.0
34	102	10.0
34	103	6.0
34	104	8.0
34	105	5.0
34	106	8.0
34	107	7.0
34	108	8.0
34	109	7.0
34	110	5.0
34	111	4.0
34	112	10.0
34	113	6.0
34	114	6.0
34	115	9.0
34	116	6.0
34	117	4.0
34	118	8.0
34	119	7.0
34	120	13.0
34	121	8.0
34	122	7.0
35	36	502.0
35	37	105.0
35	38	38.0
35	39	28.0
35	40	16.0
35	41	20.0
35	42	23.0
35	43	17.0
35	44	13.0
35	45	10.0
35	46	17.0
35	47	12.0
35	48	8.0
35	49	12.0
35	50	14.0
35	51	14.0
35	52	8.0
35	53	13.0
35	54	12.0
35	55	8.0
35	56	6.0
35	57	11.0
35	58	9.0
35	59	4.0
35	60	8.0
35	61	11.0
35	62	8.0
35	63	10.0
35	64	10.0
35	65	6.0
35	66	13.0
35	67	7.0
35	68	3.0
35	69	12.0
35	70	7.0
35	71	5.0
35	72	4.0
35	73	3.0
35	74	6.0
35	75	6.0
35	76	8.0
35	77	8.0
35	78	5.0
35	79	5.0
35	80	7.0
35	81	5.0
35	82	5.0
35	83	12.0
35	84	7.0
35	85	9.0
35	86	3.0
35	87	7.0
35	88	5.0
35	89	1.0
35	90	6.0
35	91	4.0
35	92	9.0
35	93	8.0
35	94	10.0
35	95	6.0
35	96	4.0
35	97	2.0
35	98	3.0
35	99	1.0
35	100	9.0
35	101	4.0
35	102	7.0
35	103	7.0
35	104	8.0
35	105	2.0
35	106	7.0
35	107	8.0
35	108	5.0
35	109	2.0
35	110	10.0
35	111	6.0
35	112	6.0
35	113	5.0
35	114	10.0
35	115	11.0
35	116	10.0
35	117	11.0
35	118	9.0
35	119	7.0
35	120	9.0
35	121	3.0
35	122	6.0
36	37	73.0
36	38	52.0
36	39	29.0
36	40	14.0
36	41	17.0
36	42	20.0
36	43	20.0
36	44	17.0
36	45	8.0
36	46	8.0
36	47	12.0
36	48	10.0
36	49	13.0
36	50	8.0
36	51	16.0
36	52	5.0
36	53	10.0
36	54	6.0
36	55	7.0
36	56	6.0
36	57	7.0
36	58	11.0
36	59	13.0
36	60	9.0
36	61	7.0
36	62	6.0
36	63	9.0
36	64	8.0
36	65	6.0
36	66	7.0
36	67	10.0
36	68	9.0
36	69	8.0
36	70	7.0
36	71	6.0
36	72	10.0
36	73	7.0
36	74	5.0
36	75	5.0
36	76	8.0
36	77	7.0
36	78	4.0
36	79	6.0
36	80	6.0
36	81	11.0
36	82	12.0
36	83	4.0
36	84	6.0
36	85	9.0
36	86	6.0
36	87	5.0
36	88	4.0
36	89	3.0
36	90	6.0
36	91	5.0
36	92	2.0
36	93	9.0
36	94	3.0
36	95	4.0
36	96	8.0
36	97	9.0
36	98	13.0
36	99	3.0
36	100	6.0
36	101	9.0
36	102	8.0
36	103	3.0
36	104	13.0
36	105	10.0
36	106	10.0
36	107	8.0
36	108	8.0
36	109	10.0
36	110	6.0
36	111	5.0
36	112	8.0
36	113	7.0
36	114	8.0
36	115	6.0
36	116	5.0
36	117	3.0
36	118	9.0
36	119	9.0
36	120	7.0
36	121	7.0
36	122	9.0
37	38	79.0
37	39	40.0
37	40	22.0
37	41	29.0
37	42	30.0
37	43	26.0
37	44	14.0
37	45	14.0
37	46	10.0
37	47	10.0
37	48	11.0
37	49	16.0
37	50	12.0
37	51	9.0
37	52	13.0
37	53	11.0
37	54	18.0
37	55	9.0
37	56	10.0
37	57	10.0
37	58	7.0
37	59	8.0
37	60	11.0
37	61	5.0
37	62	11.0
37	63	6.0
37	64	9.0
37	65	10.0
37	66	5.0
37	67	7.0
37	68	14.0
37	69	11.0
37	70	11.0
37	71	9.0
37	72	6.0
37	73	9.0
37	74	10.0
37	75	8.0
37	76	5.0
37	77	6.0
37	78	6.0
37	79	7.0
37	80	6.0
37	81	9.0
37	82	11.0
37	83	7.0
37	84	11.0
37	85	7.0
37	86	5.0
37	87	8.0
37	88	10.0
37	89	5.0
37	90	6.0
37	91	9.0
37	92	8.0
37	93	7.0
37	94	4.0
37	95	8.0
37	96	3.0
37	97	5.0
37	98	10.0
37	99	11.0
37	100	2.0
37	101	11.0
37	102	7.0
37	103	2.0
37	104	12.0
37	105	11.0
37	106	4.0
37	107	9.0
37	108	6.0
37	109	6.0
37	110	2.0
37	111	5.0
37	112	6.0
37	113	6.0
37	114	7.0
37	115	4.0
37	116	3.0
37	117	9.0
37	118	7.0
37	119	11.0
37	120	6.0
37	121	6.0
37	122	8.0
38	39	86.0
38	40	30.0
38	41	27.0
38	42	33.0
38	43	22.0
38	44	22.0
38	45	19.0
38	46	14.0
38	47	12.0
38	48	17.0
38	49	11.0
38	50	18.0
38	51	13.0
38	52	6.0
38	53	6.0
38	54	11.0
38	55	11.0
38	56	7.0
38	57	15.0
38	58	7.0
38	59	14.0
38	60	13.0
38	61	12.0
38	62	1.0
38	63	12.0
38	64	5.0
38	65	10.0
38	66	8.0
38	67	4.0
38	68	7.0
38	69	7.0
38	70	8.0
38	71	15.0
38	72	11.0
38	73	10.0
38	74	6.0
38	75	6.0
38	76	2.0
38	77	11.0
38	78	6.0
38	79	5.0
38	80	9.0
38	81	8.0
38	82	9.0
38	83	6.0
38	84	4.0
38	85	11.0
38	86	5.0
38	87	10.0
38	88	7.0
38	89	6.0
38	90	10.0
38	91	7.0
38	92	6.0
38	93	11.0
38	94	4.0
38	95	6.0
38	96	8.0
38	97	5.0
38	98	14.0
38	99	8.0
38	100	4.0
38	101	9.0
38	102	6.0
38	103	13.0
38	104	6.0
38	105	3.0
38	106	3.0
38	107	10.0
38	108	8.0
38	109	6.0
38	110	6.0
38	111	12.0
38	112	11.0
38	113	11.0
38	114	5.0
38	115	5.0
38	116	8.0
38	117	8.0
38	118	8.0
38	119	5.0
38	120	7.0
38	121	8.0
38	122	6.0
39	40	86.0
39	41	37.0
39	42	36.0
39	43	27.0
39	44	10.0
39	45	16.0
39	46	21.0
39	47	10.0
39	48	22.0
39	49	13.0
39	50	25.0
39	51	22.0
39	52	14.0
39	53	10.0
39	54	23.0
39	55	14.0
39	56	10.0
39	57	9.0
39	58	7.0
39	59	7.0
39	60	13.0
39	61	22.0
39	62	8.0
39	63	11.0
39	64	10.0
39	65	13.0
39	66	10.0
39	67	8.0
39	68	9.0
39	69	7.0
39	70	12.0
39	71	11.0
39	72	8.0
39	73	10.0
39	74	10.0
39	75	7.0
39	76	8.0
39	77	9.0
39	78	4.0
39	79	9.0
39	80	9.0
39	81	8.0
39	82	13.0
39	83	8.0
39	84	5.0
39	85	13.0
39	86	5.0
39	87	2.0
39	88	6.0
39	89	5.0
39	90	10.0
39	91	13.0
39	92	4.0
39	93	3.0
39	94	6.0
39	95	13.0
39	96	8.0
39	97	3.0
39	98	10.0
39	99	9.0
39	100	12.0
39	101	3.0
39	102	8.0
39	103	4.0
39	104	3.0
39	105	8.0
39	106	9.0
39	107	12.0
39	108	7.0
39	109	6.0
39	110	7.0
39	111	11.0
39	112	7.0
39	113	6.0
39	114	8.0
39	115	8.0
39	116	14.0
39	117	11.0
39	118	4.0
39	119	10.0
39	120	11.0
39	121	10.0
39	122	12.0
40	41	96.0
40	42	52.0
40	43	27.0
40	44	24.0
40	45	23.0
40	46	21.0
40	47	17.0
40	48	18.0
40	49	21.0
40	50	21.0
40	51	19.0
40	52	17.0
40	53	15.0
40	54	16.0
40	55	22.0
40	56	15.0
40	57	5.0
40	58	23.0
40	59	7.0
40	60	10.0
40	61	8.0
40	62	12.0
40	63	8.0
40	64	13.0
40	65	14.0
40	66	17.0
40	67	10.0
40	68	14.0
40	69	7.0
40	70	12.0
40	71	18.0
40	72	16.0
40	73	17.0
40	74	14.0
40	75	3.0
40	76	11.0
40	77	12.0
40	78	9.0
40	79	6.0
40	80	10.0
40	81	11.0
40	82	9.0
40	83	12.0
40	84	9.0
40	85	7.0
40	86	4.0
40	87	3.0
40	88	8.0
40	89	13.0
40	90	8.0
40	91	7.0
40	92	8.0
40	93	10.0
40	94	13.0
40	95	13.0
40	96	4.0
40	97	9.0
40	98	9.0
40	99	9.0
40	100	12.0
40	101	8.0
40	102	9.0
40	103	9.0
40	104	7.0
40	105	5.0
40	106	4.0
40	107	16.0
40	108	17.0
40	109	7.0
40	110	11.0
40	111	6.0
40	112	9.0
40	113	10.0
40	114	6.0
40	115	11.0
40	116	12.0
40	117	16.0
40	118	9.0
40	119	11.0
40	120	9.0
40	121	15.0
40	122	7.0
41	42	67.0
41	43	37.0
41	44	27.0
41	45	21.0
41	46	15.0
41	47	23.0
41	48	30.0
41	49	27.0
41	50	30.0
41	51	26.0
41	52	21.0
41	53	15.0
41	54	17.0
41	55	18.0
41	56	16.0
41	57	19.0
41	58	11.0
41	59	18.0
41	60	13.0
41	61	12.0
41	62	17.0
41	63	17.0
41	64	17.0
41	65	14.0
41	66	18.0
41	67	13.0
41	68	9.0
41	69	12.0
41	70	11.0
41	71	18.0
41	72	16.0
41	73	17.0
41	74	15.0
41	75	10.0
41	76	8.0
41	77	7.0
41	78	11.0
41	79	13.0
41	80	7.0
41	81	15.0
41	82	11.0
41	83	12.0
41	84	6.0
41	85	7.0
41	86	14.0
41	87	12.0
41	88	4.0
41	89	9.0
41	90	7.0
41	91	5.0
41	92	10.0
41	93	5.0
41	94	13.0
41	95	5.0
41	96	11.0
41	97	7.0
41	98	8.0
41	99	6.0
41	100	8.0
41	101	14.0
41	102	9.0
41	103	6.0
41	104	10.0
41	105	10.0
41	106	11.0
41	107	10.0
41	108	7.0
41	109	11.0
41	110	9.0
41	111	10.0
41	112	9.0
41	113	18.0
41	114	12.0
41	115	12.0
41	116	7.0
41	117	8.0
41	118	8.0
41	119	5.0
41	120	12.0
41	121	9.0
41	122	7.0
42	43	66.0
42	44	45.0
42	45	28.0
42	46	25.0
42	47	19.0
42	48	35.0
42	49	15.0
42	50	15.0
42	51	17.0
42	52	18.0
42	53	16.0
42	54	19.0
42	55	14.0
42	56	21.0
42	57	12.0
42	58	19.0
42	59	17.0
42	60	16.0
42	61	18.0
42	62	11.0
42	63	14.0
42	64	11.0
42	65	12.0
42	66	12.0
42	67	9.0
42	68	14.0
42	69	10.0
42	70	9.0
42	71	16.0
42	72	19.0
42	73	11.0
42	74	17.0
42	75	10.0
42	76	8.0
42	77	13.0
42	78	7.0
42	79	14.0
42	80	13.0
42	81	8.0
42	82	17.0
42	83	13.0
42	84	12.0
42	85	10.0
42	86	11.0
42	87	15.0
42	88	13.0
42	89	12.0
42	90	9.0
42	91	7.0
42	92	7.0
42	93	6.0
42	94	9.0
42	95	7.0
42	96	5.0
42	97	3.0
42	98	12.0
42	99	7.0
42	100	8.0
42	101	9.0
42	102	8.0
42	103	6.0
42	104	8.0
42	105	6.0
42	106	8.0
42	107	8.0
42	108	12.0
42	109	11.0
42	110	10.0
42	111	6.0
42	112	7.0
42	113	13.0
42	114	7.0
42	115	8.0
42	116	12.0
42	117	10.0
42	118	8.0
42	119	16.0
42	120	10.0
42	121	8.0
42	122	8.0
43	44	68.0
43	45	51.0
43	46	31.0
43	47	28.0
43	48	22.0
43	49	23.0
43	50	14.0
43	51	28.0
43	52	19.0
43	53	18.0
43	54	15.0
43	55	18.0
43	56	25.0
43	57	16.0
43	58	13.0
43	59	15.0
43	60	29.0
43	61	15.0
43	62	16.0
43	63	11.0
43	64	11.0
43	65	10.0
43	66	15.0
43	67	9.0
43	68	15.0
43	69	16.0
43	70	14.0
43	71	10.0
43	72	10.0
43	73	8.0
43	74	4.0
43	75	10.0
43	76	14.0
43	77	14.0
43	78	10.0
43	79	7.0
43	80	13.0
43	81	8.0
43	82	10.0
43	83	12.0
43	84	6.0
43	85	8.0
43	86	9.0
43	87	10.0
43	88	7.0
43	89	10.0
43	90	10.0
43	91	11.0
43	92	5.0
43	93	11.0
43	94	10.0
43	95	8.0
43	96	5.0
43	97	5.0
43	98	5.0
43	99	7.0
43	100	12.0
43	101	11.0
43	102	4.0
43	103	9.0
43	104	11.0
43	105	12.0
43	106	5.0
43	107	14.0
43	108	7.0
43	109	11.0
43	110	9.0
43	111	17.0
43	112	3.0
43	113	8.0
43	114	12.0
43	115	15.0
43	116	10.0
43	117	10.0
43	118	7.0
43	119	8.0
43	120	9.0
43	121	12.0
43	122	9.0
44	45	78.0
44	46	34.0
44	47	21.0
44	48	22.0
44	49	13.0
44	50	16.0
44	51	20.0
44	52	13.0
44	53	22.0
44	54	11.0
44	55	23.0
44	56	26.0
44	57	17.0
44	58	18.0
44	59	22.0
44	60	17.0
44	61	15.0
44	62	10.0
44	63	20.0
44	64	6.0
44	65	11.0
44	66	9.0
44	67	12.0
44	68	7.0
44	69	17.0
44	70	18.0
44	71	17.0
44	72	11.0
44	73	8.0
44	74	19.0
44	75	17.0
44	76	14.0
44	77	12.0
44	78	13.0
44	79	6.0
44	80	8.0
44	81	12.0
44	82	16.0
44	83	16.0
44	84	15.0
44	85	16.0
44	86	12.0
44	87	7.0
44	88	10.0
44	89	10.0
44	90	9.0
44	91	11.0
44	92	7.0
44	93	10.0
44	94	10.0
44	95	3.0
44	96	6.0
44	97	6.0
44	98	6.0
44	99	10.0
44	100	11.0
44	101	6.0
44	102	8.0
44	103	10.0
44	104	9.0
44	105	7.0
44	106	5.0
44	107	9.0
44	108	12.0
44	109	14.0
44	110	10.0
44	111	6.0
44	112	15.0
44	113	14.0
44	114	13.0
44	115	12.0
44	116	9.0
44	117	15.0
44	118	6.0
44	119	4.0
44	120	8.0
44	121	11.0
44	122	8.0
45	46	96.0
45	47	36.0
45	48	48.0
45	49	28.0
45	50	25.0
45	51	29.0
45	52	26.0
45	53	26.0
45	54	18.0
45	55	15.0
45	56	31.0
45	57	21.0
45	58	25.0
45	59	17.0
45	60	14.0
45	61	28.0
45	62	18.0
45	63	26.0
45	64	20.0
45	65	24.0
45	66	15.0
45	67	7.0
45	68	24.0
45	69	10.0
45	70	15.0
45	71	13.0
45	72	6.0
45	73	5.0
45	74	9.0
45	75	16.0
45	76	9.0
45	77	15.0
45	78	6.0
45	79	15.0
45	80	13.0
45	81	17.0
45	82	16.0
45	83	6.0
45	84	8.0
45	85	13.0
45	86	16.0
45	87	9.0
45	88	18.0
45	89	8.0
45	90	6.0
45	91	10.0
45	92	7.0
45	93	12.0
45	94	7.0
45	95	6.0
45	96	16.0
45	97	6.0
45	98	19.0
45	99	10.0
45	100	10.0
45	101	5.0
45	102	2.0
45	103	4.0
45	104	8.0
45	105	6.0
45	106	9.0
45	107	10.0
45	108	11.0
45	109	8.0
45	110	10.0
45	111	6.0
45	112	9.0
45	113	10.0
45	114	7.0
45	115	9.0
45	116	11.0
45	117	6.0
45	118	11.0
45	119	8.0
45	120	14.0
45	121	11.0
45	122	7.0
46	47	108.0
46	48	50.0
46	49	31.0
46	50	23.0
46	51	36.0
46	52	41.0
46	53	37.0
46	54	31.0
46	55	39.0
46	56	31.0
46	57	32.0
46	58	27.0
46	59	22.0
46	60	27.0
46	61	13.0
46	62	19.0
46	63	26.0
46	64	27.0
46	65	23.0
46	66	19.0
46	67	14.0
46	68	24.0
46	69	22.0
46	70	18.0
46	71	20.0
46	72	11.0
46	73	15.0
46	74	22.0
46	75	15.0
46	76	9.0
46	77	11.0
46	78	10.0
46	79	16.0
46	80	14.0
46	81	8.0
46	82	16.0
46	83	8.0
46	84	12.0
46	85	14.0
46	86	19.0
46	87	9.0
46	88	15.0
46	89	12.0
46	90	10.0
46	91	16.0
46	92	8.0
46	93	8.0
46	94	13.0
46	95	5.0
46	96	6.0
46	97	10.0
46	98	13.0
46	99	7.0
46	100	7.0
46	101	6.0
46	102	5.0
46	103	6.0
46	104	11.0
46	105	13.0
46	106	9.0
46	107	15.0
46	108	14.0
46	109	12.0
46	110	12.0
46	111	8.0
46	112	9.0
46	113	8.0
46	114	12.0
46	115	6.0
46	116	21.0
46	117	9.0
46	118	8.0
46	119	15.0
46	120	10.0
46	121	10.0
46	122	13.0
47	48	65.0
47	49	34.0
47	50	36.0
47	51	50.0
47	52	40.0
47	53	46.0
47	54	54.0
47	55	34.0
47	56	60.0
47	57	36.0
47	58	31.0
47	59	20.0
47	60	26.0
47	61	28.0
47	62	28.0
47	63	26.0
47	64	25.0
47	65	23.0
47	66	23.0
47	67	18.0
47	68	20.0
47	69	24.0
47	70	20.0
47	71	19.0
47	72	23.0
47	73	23.0
47	74	18.0
47	75	23.0
47	76	14.0
47	77	14.0
47	78	14.0
47	79	14.0
47	80	14.0
47	81	11.0
47	82	15.0
47	83	8.0
47	84	14.0
47	85	19.0
47	86	14.0
47	87	13.0
47	88	17.0
47	89	15.0
47	90	11.0
47	91	12.0
47	92	8.0
47	93	9.0
47	94	8.0
47	95	14.0
47	96	10.0
47	97	7.0
47	98	13.0
47	99	15.0
47	100	13.0
47	101	11.0
47	102	13.0
47	103	10.0
47	104	11.0
47	105	9.0
47	106	7.0
47	107	9.0
47	108	9.0
47	109	18.0
47	110	11.0
47	111	9.0
47	112	7.0
47	113	16.0
47	114	6.0
47	115	8.0
47	116	12.0
47	117	13.0
47	118	18.0
47	119	16.0
47	120	5.0
47	121	11.0
47	122	12.0
48	49	58.0
48	50	50.0
48	51	79.0
48	52	88.0
48	53	68.0
48	54	41.0
48	55	37.0
48	56	63.0
48	57	50.0
48	58	41.0
48	59	29.0
48	60	32.0
48	61	30.0
48	62	32.0
48	63	23.0
48	64	33.0
48	65	30.0
48	66	18.0
48	67	20.0
48	68	22.0
48	69	26.0
48	70	25.0
48	71	19.0
48	72	19.0
48	73	20.0
48	74	29.0
48	75	18.0
48	76	21.0
48	77	19.0
48	78	19.0
48	79	17.0
48	80	12.0
48	81	13.0
48	82	11.0
48	83	11.0
48	84	17.0
48	85	17.0
48	86	10.0
48	87	13.0
48	88	13.0
48	89	10.0
48	90	13.0
48	91	16.0
48	92	14.0
48	93	11.0
48	94	11.0
48	95	18.0
48	96	16.0
48	97	11.0
48	98	6.0
48	99	10.0
48	100	10.0
48	101	7.0
48	102	13.0
48	103	15.0
48	104	19.0
48	105	10.0
48	106	8.0
48	107	20.0
48	108	12.0
48	109	11.0
48	110	14.0
48	111	7.0
48	112	9.0
48	113	8.0
48	114	15.0
48	115	9.0
48	116	18.0
48	117	16.0
48	118	10.0
48	119	14.0
48	120	18.0
48	121	22.0
48	122	13.0
49	50	116.0
49	51	200.0
49	52	87.0
49	53	45.0
49	54	58.0
49	55	23.0
49	56	56.0
49	57	49.0
49	58	55.0
49	59	44.0
49	60	53.0
49	61	36.0
49	62	24.0
49	63	24.0
49	64	30.0
49	65	26.0
49	66	24.0
49	67	17.0
49	68	15.0
49	69	25.0
49	70	26.0
49	71	33.0
49	72	26.0
49	73	18.0
49	74	21.0
49	75	23.0
49	76	23.0
49	77	31.0
49	78	15.0
49	79	25.0
49	80	20.0
49	81	20.0
49	82	27.0
49	83	20.0
49	84	13.0
49	85	21.0
49	86	12.0
49	87	12.0
49	88	16.0
49	89	14.0
49	90	11.0
49	91	8.0
49	92	9.0
49	93	7.0
49	94	15.0
49	95	10.0
49	96	11.0
49	97	14.0
49	98	15.0
49	99	16.0
49	100	15.0
49	101	11.0
49	102	10.0
49	103	19.0
49	104	9.0
49	105	8.0
49	106	10.0
49	107	24.0
49	108	22.0
49	109	20.0
49	110	15.0
49	111	15.0
49	112	10.0
49	113	14.0
49	114	15.0
49	115	13.0
49	116	17.0
49	117	14.0
49	118	13.0
49	119	11.0
49	120	12.0
49	121	11.0
49	122	14.0
50	51	90.0
50	52	63.0
50	53	51.0
50	54	39.0
50	55	43.0
50	56	33.0
50	57	44.0
50	58	35.0
50	59	39.0
50	60	37.0
50	61	30.0
50	62	24.0
50	63	28.0
50	64	24.0
50	65	14.0
50	66	28.0
50	67	16.0
50	68	20.0
50	69	27.0
50	70	23.0
50	71	23.0
50	72	17.0
50	73	27.0
50	74	27.0
50	75	20.0
50	76	12.0
50	77	29.0
50	78	18.0
50	79	12.0
50	80	23.0
50	81	20.0
50	82	17.0
50	83	15.0
50	84	23.0
50	85	14.0
50	86	14.0
50	87	12.0
50	88	16.0
50	89	18.0
50	90	18.0
50	91	14.0
50	92	13.0
50	93	26.0
50	94	12.0
50	95	17.0
50	96	12.0
50	97	13.0
50	98	16.0
50	99	12.0
50	100	14.0
50	101	15.0
50	102	10.0
50	103	12.0
50	104	16.0
50	105	10.0
50	106	14.0
50	107	18.0
50	108	17.0
50	109	9.0
50	110	13.0
50	111	13.0
50	112	12.0
50	113	4.0
50	114	18.0
50	115	15.0
50	116	28.0
50	117	21.0
50	118	8.0
50	119	20.0
50	120	19.0
50	121	15.0
50	122	11.0
51	52	105.0
51	53	47.0
51	54	41.0
51	55	35.0
51	56	50.0
51	57	62.0
51	58	26.0
51	59	46.0
51	60	29.0
51	61	40.0
51	62	25.0
51	63	25.0
51	64	22.0
51	65	25.0
51	66	29.0
51	67	25.0
51	68	26.0
51	69	23.0
51	70	29.0
51	71	22.0
51	72	23.0
51	73	12.0
51	74	19.0
51	75	20.0
51	76	19.0
51	77	21.0
51	78	20.0
51	79	17.0
51	80	11.0
51	81	19.0
51	82	18.0
51	83	17.0
51	84	15.0
51	85	18.0
51	86	20.0
51	87	13.0
51	88	15.0
51	89	12.0
51	90	11.0
51	91	17.0
51	92	18.0
51	93	9.0
51	94	15.0
51	95	10.0
51	96	13.0
51	97	7.0
51	98	13.0
51	99	10.0
51	100	10.0
51	101	12.0
51	102	9.0
51	103	7.0
51	104	5.0
51	105	19.0
51	106	10.0
51	107	16.0
51	108	10.0
51	109	10.0
51	110	10.0
51	111	15.0
51	112	8.0
51	113	11.0
51	114	11.0
51	115	16.0
51	116	17.0
51	117	20.0
51	118	13.0
51	119	18.0
51	120	12.0
51	121	19.0
51	122	21.0
52	53	124.0
52	54	98.0
52	55	57.0
52	56	49.0
52	57	65.0
52	58	41.0
52	59	45.0
52	60	39.0
52	61	38.0
52	62	29.0
52	63	33.0
52	64	23.0
52	65	30.0
52	66	35.0
52	67	26.0
52	68	27.0
52	69	23.0
52	70	20.0
52	71	26.0
52	72	24.0
52	73	19.0
52	74	25.0
52	75	20.0
52	76	20.0
52	77	20.0
52	78	23.0
52	79	16.0
52	80	24.0
52	81	15.0
52	82	16.0
52	83	26.0
52	84	17.0
52	85	15.0
52	86	15.0
52	87	9.0
52	88	16.0
52	89	16.0
52	90	17.0
52	91	25.0
52	92	13.0
52	93	8.0
52	94	12.0
52	95	14.0
52	96	11.0
52	97	10.0
52	98	11.0
52	99	12.0
52	100	7.0
52	101	9.0
52	102	14.0
52	103	11.0
52	104	10.0
52	105	17.0
52	106	14.0
52	107	8.0
52	108	15.0
52	109	18.0
52	110	7.0
52	111	6.0
52	112	15.0
52	113	8.0
52	114	12.0
52	115	22.0
52	116	13.0
52	117	17.0
52	118	14.0
52	119	9.0
52	120	13.0
52	121	13.0
52	122	9.0
53	54	118.0
53	55	63.0
53	56	55.0
53	57	49.0
53	58	60.0
53	59	35.0
53	60	36.0
53	61	39.0
53	62	37.0
53	63	22.0
53	64	26.0
53	65	29.0
53	66	27.0
53	67	22.0
53	68	32.0
53	69	27.0
53	70	29.0
53	71	28.0
53	72	22.0
53	73	26.0
53	74	30.0
53	75	21.0
53	76	22.0
53	77	23.0
53	78	20.0
53	79	13.0
53	80	25.0
53	81	14.0
53	82	14.0
53	83	21.0
53	84	19.0
53	85	19.0
53	86	17.0
53	87	14.0
53	88	20.0
53	89	17.0
53	90	13.0
53	91	12.0
53	92	15.0
53	93	8.0
53	94	11.0
53	95	17.0
53	96	14.0
53	97	9.0
53	98	9.0
53	99	10.0
53	100	16.0
53	101	14.0
53	102	11.0
53	103	9.0
53	104	13.0
53	105	8.0
53	106	17.0
53	107	11.0
53	108	20.0
53	109	16.0
53	110	16.0
53	111	12.0
53	112	13.0
53	113	12.0
53	114	14.0
53	115	10.0
53	116	14.0
53	117	16.0
53	118	10.0
53	119	13.0
53	120	19.0
53	121	13.0
53	122	14.0
54	55	99.0
54	56	94.0
54	57	118.0
54	58	82.0
54	59	37.0
54	60	53.0
54	61	64.0
54	62	57.0
54	63	42.0
54	64	32.0
54	65	32.0
54	66	41.0
54	67	44.0
54	68	25.0
54	69	45.0
54	70	37.0
54	71	28.0
54	72	31.0
54	73	21.0
54	74	31.0
54	75	19.0
54	76	28.0
54	77	28.0
54	78	19.0
54	79	22.0
54	80	30.0
54	81	13.0
54	82	21.0
54	83	18.0
54	84	17.0
54	85	20.0
54	86	24.0
54	87	23.0
54	88	17.0
54	89	22.0
54	90	19.0
54	91	13.0
54	92	13.0
54	93	12.0
54	94	15.0
54	95	8.0
54	96	18.0
54	97	13.0
54	98	17.0
54	99	17.0
54	100	14.0
54	101	10.0
54	102	14.0
54	103	8.0
54	104	12.0
54	105	11.0
54	106	9.0
54	107	17.0
54	108	10.0
54	109	15.0
54	110	12.0
54	111	12.0
54	112	11.0
54	113	16.0
54	114	19.0
54	115	24.0
54	116	23.0
54	117	17.0
54	118	14.0
54	119	18.0
54	120	20.0
54	121	12.0
54	122	12.0
55	56	354.0
55	57	78.0
55	58	59.0
55	59	40.0
55	60	30.0
55	61	65.0
55	62	53.0
55	63	51.0
55	64	33.0
55	65	48.0
55	66	32.0
55	67	34.0
55	68	35.0
55	69	25.0
55	70	26.0
55	71	23.0
55	72	19.0
55	73	24.0
55	74	22.0
55	75	16.0
55	76	26.0
55	77	29.0
55	78	20.0
55	79	25.0
55	80	28.0
55	81	18.0
55	82	17.0
55	83	22.0
55	84	16.0
55	85	18.0
55	86	23.0
55	87	14.0
55	88	14.0
55	89	14.0
55	90	19.0
55	91	10.0
55	92	15.0
55	93	11.0
55	94	17.0
55	95	18.0
55	96	10.0
55	97	9.0
55	98	17.0
55	99	9.0
55	100	3.0
55	101	16.0
55	102	10.0
55	103	10.0
55	104	12.0
55	105	9.0
55	106	14.0
55	107	13.0
55	108	13.0
55	109	12.0
55	110	15.0
55	111	9.0
55	112	17.0
55	113	10.0
55	114	17.0
55	115	13.0
55	116	16.0
55	117	21.0
55	118	17.0
55	119	20.0
55	120	23.0
55	121	12.0
55	122	17.0
56	57	71.0
56	58	56.0
56	59	46.0
56	60	41.0
56	61	55.0
56	62	53.0
56	63	42.0
56	64	46.0
56	65	41.0
56	66	26.0
56	67	32.0
56	68	29.0
56	69	28.0
56	70	21.0
56	71	22.0
56	72	24.0
56	73	26.0
56	74	19.0
56	75	16.0
56	76	28.0
56	77	23.0
56	78	20.0
56	79	15.0
56	80	21.0
56	81	19.0
56	82	22.0
56	83	21.0
56	84	16.0
56	85	22.0
56	86	20.0
56	87	16.0
56	88	21.0
56	89	19.0
56	90	15.0
56	91	10.0
56	92	15.0
56	93	13.0
56	94	19.0
56	95	13.0
56	96	15.0
56	97	6.0
56	98	14.0
56	99	15.0
56	100	9.0
56	101	7.0
56	102	11.0
56	103	12.0
56	104	12.0
56	105	11.0
56	106	13.0
56	107	17.0
56	108	14.0
56	109	8.0
56	110	13.0
56	111	11.0
56	112	13.0
56	113	16.0
56	114	18.0
56	115	16.0
56	116	11.0
56	117	17.0
56	118	13.0
56	119	11.0
56	120	12.0
56	121	16.0
56	122	15.0
57	58	127.0
57	59	65.0
57	60	79.0
57	61	118.0
57	62	69.0
57	63	49.0
57	64	49.0
57	65	43.0
57	66	34.0
57	67	58.0
57	68	28.0
57	69	42.0
57	70	24.0
57	71	21.0
57	72	31.0
57	73	35.0
57	74	34.0
57	75	30.0
57	76	31.0
57	77	28.0
57	78	15.0
57	79	20.0
57	80	24.0
57	81	36.0
57	82	17.0
57	83	28.0
57	84	18.0
57	85	24.0
57	86	20.0
57	87	27.0
57	88	18.0
57	89	14.0
57	90	19.0
57	91	21.0
57	92	17.0
57	93	14.0
57	94	11.0
57	95	13.0
57	96	9.0
57	97	16.0
57	98	10.0
57	99	17.0
57	100	13.0
57	101	19.0
57	102	10.0
57	103	18.0
57	104	19.0
57	105	27.0
57	106	19.0
57	107	14.0
57	108	22.0
57	109	15.0
57	110	20.0
57	111	12.0
57	112	14.0
57	113	14.0
57	114	14.0
57	115	15.0
57	116	27.0
57	117	19.0
57	118	13.0
57	119	16.0
57	120	16.0
57	121	14.0
57	122	13.0
58	59	86.0
58	60	101.0
58	61	369.0
58	62	94.0
58	63	62.0
58	64	64.0
58	65	46.0
58	66	39.0
58	67	59.0
58	68	50.0
58	69	52.0
58	70	47.0
58	71	37.0
58	72	47.0
58	73	37.0
58	74	40.0
58	75	36.0
58	76	45.0
58	77	34.0
58	78	26.0
58	79	33.0
58	80	31.0
58	81	32.0
58	82	27.0
58	83	29.0
58	84	25.0
58	85	27.0
58	86	32.0
58	87	16.0
58	88	21.0
58	89	23.0
58	90	16.0
58	91	18.0
58	92	11.0
58	93	16.0
58	94	20.0
58	95	18.0
58	96	14.0
58	97	11.0
58	98	11.0
58	99	17.0
58	100	14.0
58	101	24.0
58	102	13.0
58	103	10.0
58	104	15.0
58	105	15.0
58	106	18.0
58	107	18.0
58	108	23.0
58	109	14.0
58	110	25.0
58	111	20.0
58	112	14.0
58	113	18.0
58	114	18.0
58	115	11.0
58	116	21.0
58	117	22.0
58	118	12.0
58	119	16.0
58	120	16.0
58	121	15.0
58	122	24.0
59	60	374.0
59	61	75.0
59	62	48.0
59	63	49.0
59	64	39.0
59	65	41.0
59	66	29.0
59	67	39.0
59	68	58.0
59	69	54.0
59	70	66.0
59	71	58.0
59	72	58.0
59	73	57.0
59	74	46.0
59	75	44.0
59	76	39.0
59	77	64.0
59	78	40.0
59	79	35.0
59	80	42.0
59	81	48.0
59	82	39.0
59	83	27.0
59	84	22.0
59	85	26.0
59	86	20.0
59	87	17.0
59	88	14.0
59	89	19.0
59	90	26.0
59	91	22.0
59	92	25.0
59	93	30.0
59	94	20.0
59	95	20.0
59	96	19.0
59	97	17.0
59	98	19.0
59	99	16.0
59	100	18.0
59	101	13.0
59	102	16.0
59	103	13.0
59	104	18.0
59	105	17.0
59	106	25.0
59	107	23.0
59	108	23.0
59	109	19.0
59	110	25.0
59	111	14.0
59	112	18.0
59	113	16.0
59	114	24.0
59	115	22.0
59	116	27.0
59	117	26.0
59	118	23.0
59	119	23.0
59	120	30.0
59	121	19.0
59	122	18.0
60	61	94.0
60	62	47.0
60	63	38.0
60	64	37.0
60	65	46.0
60	66	37.0
60	67	50.0
60	68	42.0
60	69	46.0
60	70	50.0
60	71	50.0
60	72	50.0
60	73	38.0
60	74	35.0
60	75	33.0
60	76	37.0
60	77	40.0
60	78	36.0
60	79	24.0
60	80	34.0
60	81	41.0
60	82	28.0
60	83	25.0
60	84	26.0
60	85	21.0
60	86	24.0
60	87	12.0
60	88	22.0
60	89	21.0
60	90	29.0
60	91	23.0
60	92	23.0
60	93	25.0
60	94	23.0
60	95	18.0
60	96	21.0
60	97	17.0
60	98	12.0
60	99	20.0
60	100	16.0
60	101	17.0
60	102	12.0
60	103	12.0
60	104	16.0
60	105	15.0
60	106	26.0
60	107	18.0
60	108	19.0
60	109	21.0
60	110	22.0
60	111	16.0
60	112	16.0
60	113	26.0
60	114	12.0
60	115	22.0
60	116	29.0
60	117	20.0
60	118	13.0
60	119	23.0
60	120	17.0
60	121	23.0
60	122	17.0
61	62	114.0
61	63	85.0
61	64	66.0
61	65	73.0
61	66	60.0
61	67	70.0
61	68	70.0
61	69	55.0
61	70	50.0
61	71	33.0
61	72	27.0
61	73	37.0
61	74	37.0
61	75	39.0
61	76	32.0
61	77	33.0
61	78	26.0
61	79	25.0
61	80	32.0
61	81	20.0
61	82	22.0
61	83	31.0
61	84	21.0
61	85	26.0
61	86	17.0
61	87	29.0
61	88	22.0
61	89	25.0
61	90	18.0
61	91	19.0
61	92	22.0
61	93	18.0
61	94	19.0
61	95	19.0
61	96	19.0
61	97	12.0
61	98	14.0
61	99	24.0
61	100	17.0
61	101	10.0
61	102	17.0
61	103	13.0
61	104	16.0
61	105	14.0
61	106	23.0
61	107	15.0
61	108	26.0
61	109	17.0
61	110	15.0
61	111	20.0
61	112	18.0
61	113	17.0
61	114	20.0
61	115	23.0
61	116	14.0
61	117	18.0
61	118	22.0
61	119	16.0
61	120	18.0
61	121	25.0
61	122	19.0
62	63	111.0
62	64	93.0
62	65	78.0
62	66	73.0
62	67	79.0
62	68	69.0
62	69	54.0
62	70	38.0
62	71	32.0
62	72	27.0
62	73	35.0
62	74	17.0
62	75	30.0
62	76	34.0
62	77	30.0
62	78	29.0
62	79	21.0
62	80	24.0
62	81	26.0
62	82	28.0
62	83	22.0
62	84	30.0
62	85	26.0
62	86	28.0
62	87	19.0
62	88	19.0
62	89	24.0
62	90	23.0
62	91	20.0
62	92	24.0
62	93	19.0
62	94	22.0
62	95	24.0
62	96	27.0
62	97	18.0
62	98	17.0
62	99	15.0
62	100	15.0
62	101	19.0
62	102	4.0
62	103	12.0
62	104	4.0
62	105	9.0
62	106	13.0
62	107	15.0
62	108	18.0
62	109	12.0
62	110	10.0
62	111	19.0
62	112	17.0
62	113	15.0
62	114	8.0
62	115	8.0
62	116	23.0
62	117	13.0
62	118	9.0
62	119	16.0
62	120	18.0
62	121	22.0
62	122	15.0
63	64	322.0
63	65	239.0
63	66	101.0
63	67	94.0
63	68	65.0
63	69	44.0
63	70	52.0
63	71	13.0
63	72	37.0
63	73	33.0
63	74	26.0
63	75	22.0
63	76	35.0
63	77	41.0
63	78	32.0
63	79	29.0
63	80	32.0
63	81	28.0
63	82	29.0
63	83	29.0
63	84	27.0
63	85	20.0
63	86	19.0
63	87	25.0
63	88	17.0
63	89	18.0
63	90	21.0
63	91	21.0
63	92	19.0
63	93	13.0
63	94	19.0
63	95	17.0
63	96	14.0
63	97	9.0
63	98	15.0
63	99	15.0
63	100	24.0
63	101	11.0
63	102	18.0
63	103	12.0
63	104	6.0
63	105	18.0
63	106	12.0
63	107	12.0
63	108	12.0
63	109	13.0
63	110	14.0
63	111	13.0
63	112	11.0
63	113	13.0
63	114	12.0
63	115	19.0
63	116	20.0
63	117	17.0
63	118	24.0
63	119	10.0
63	120	12.0
63	121	12.0
63	122	12.0
64	65	152.0
64	66	80.0
64	67	95.0
64	68	63.0
64	69	41.0
64	70	49.0
64	71	26.0
64	72	33.0
64	73	40.0
64	74	30.0
64	75	30.0
64	76	29.0
64	77	34.0
64	78	27.0
64	79	28.0
64	80	20.0
64	81	35.0
64	82	29.0
64	83	23.0
64	84	29.0
64	85	23.0
64	86	24.0
64	87	23.0
64	88	24.0
64	89	22.0
64	90	22.0
64	91	24.0
64	92	18.0
64	93	22.0
64	94	24.0
64	95	26.0
64	96	15.0
64	97	16.0
64	98	16.0
64	99	14.0
64	100	11.0
64	101	15.0
64	102	16.0
64	103	13.0
64	104	19.0
64	105	16.0
64	106	12.0
64	107	17.0
64	108	22.0
64	109	11.0
64	110	14.0
64	111	11.0
64	112	23.0
64	113	19.0
64	114	20.0
64	115	12.0
64	116	18.0
64	117	18.0
64	118	15.0
64	119	16.0
64	120	13.0
64	121	13.0
64	122	19.0
65	66	173.0
65	67	78.0
65	68	57.0
65	69	41.0
65	70	46.0
65	71	21.0
65	72	31.0
65	73	33.0
65	74	28.0
65	75	23.0
65	76	28.0
65	77	26.0
65	78	17.0
65	79	31.0
65	80	31.0
65	81	28.0
65	82	28.0
65	83	33.0
65	84	29.0
65	85	19.0
65	86	28.0
65	87	28.0
65	88	13.0
65	89	26.0
65	90	24.0
65	91	16.0
65	92	25.0
65	93	17.0
65	94	14.0
65	95	26.0
65	96	19.0
65	97	22.0
65	98	19.0
65	99	12.0
65	100	22.0
65	101	18.0
65	102	13.0
65	103	12.0
65	104	15.0
65	105	16.0
65	106	14.0
65	107	18.0
65	108	9.0
65	109	18.0
65	110	11.0
65	111	9.0
65	112	18.0
65	113	20.0
65	114	9.0
65	115	14.0
65	116	17.0
65	117	15.0
65	118	20.0
65	119	14.0
65	120	20.0
65	121	21.0
65	122	11.0
66	67	83.0
66	68	85.0
66	69	61.0
66	70	39.0
66	71	25.0
66	72	28.0
66	73	32.0
66	74	31.0
66	75	27.0
66	76	35.0
66	77	27.0
66	78	30.0
66	79	33.0
66	80	24.0
66	81	25.0
66	82	36.0
66	83	27.0
66	84	24.0
66	85	21.0
66	86	18.0
66	87	31.0
66	88	28.0
66	89	22.0
66	90	19.0
66	91	18.0
66	92	16.0
66	93	26.0
66	94	22.0
66	95	8.0
66	96	20.0
66	97	18.0
66	98	9.0
66	99	11.0
66	100	12.0
66	101	15.0
66	102	16.0
66	103	13.0
66	104	18.0
66	105	20.0
66	106	17.0
66	107	19.0
66	108	19.0
66	109	14.0
66	110	18.0
66	111	11.0
66	112	15.0
66	113	14.0
66	114	16.0
66	115	19.0
66	116	24.0
66	117	26.0
66	118	22.0
66	119	9.0
66	120	20.0
66	121	19.0
66	122	16.0
67	68	383.0
67	69	120.0
67	70	69.0
67	71	31.0
67	72	40.0
67	73	66.0
67	74	41.0
67	75	52.0
67	76	43.0
67	77	30.0
67	78	34.0
67	79	38.0
67	80	41.0
67	81	40.0
67	82	34.0
67	83	16.0
67	84	29.0
67	85	38.0
67	86	33.0
67	87	24.0
67	88	23.0
67	89	27.0
67	90	33.0
67	91	19.0
67	92	17.0
67	93	25.0
67	94	38.0
67	95	22.0
67	96	15.0
67	97	15.0
67	98	14.0
67	99	19.0
67	100	19.0
67	101	22.0
67	102	18.0
67	103	17.0
67	104	15.0
67	105	19.0
67	106	17.0
67	107	21.0
67	108	17.0
67	109	15.0
67	110	14.0
67	111	23.0
67	112	14.0
67	113	18.0
67	114	26.0
67	115	24.0
67	116	31.0
67	117	26.0
67	118	12.0
67	119	13.0
67	120	17.0
67	121	14.0
67	122	20.0
68	69	184.0
68	70	69.0
68	71	36.0
68	72	40.0
68	73	62.0
68	74	51.0
68	75	53.0
68	76	50.0
68	77	45.0
68	78	39.0
68	79	47.0
68	80	44.0
68	81	45.0
68	82	40.0
68	83	37.0
68	84	35.0
68	85	35.0
68	86	25.0
68	87	37.0
68	88	26.0
68	89	28.0
68	90	33.0
68	91	22.0
68	92	16.0
68	93	26.0
68	94	28.0
68	95	26.0
68	96	27.0
68	97	16.0
68	98	13.0
68	99	19.0
68	100	22.0
68	101	18.0
68	102	21.0
68	103	17.0
68	104	17.0
68	105	28.0
68	106	20.0
68	107	24.0
68	108	15.0
68	109	22.0
68	110	16.0
68	111	18.0
68	112	19.0
68	113	20.0
68	114	18.0
68	115	23.0
68	116	20.0
68	117	18.0
68	118	20.0
68	119	18.0
68	120	16.0
68	121	24.0
68	122	15.0
69	70	94.0
69	71	39.0
69	72	41.0
69	73	57.0
69	74	54.0
69	75	61.0
69	76	81.0
69	77	41.0
69	78	46.0
69	79	51.0
69	80	57.0
69	81	46.0
69	82	54.0
69	83	36.0
69	84	32.0
69	85	40.0
69	86	37.0
69	87	35.0
69	88	29.0
69	89	21.0
69	90	19.0
69	91	28.0
69	92	25.0
69	93	18.0
69	94	30.0
69	95	14.0
69	96	17.0
69	97	19.0
69	98	20.0
69	99	24.0
69	100	19.0
69	101	21.0
69	102	21.0
69	103	20.0
69	104	22.0
69	105	21.0
69	106	13.0
69	107	22.0
69	108	13.0
69	109	14.0
69	110	16.0
69	111	14.0
69	112	16.0
69	113	19.0
69	114	13.0
69	115	23.0
69	116	26.0
69	117	25.0
69	118	21.0
69	119	26.0
69	120	25.0
69	121	13.0
69	122	15.0
70	71	79.0
70	72	85.0
70	73	164.0
70	74	96.0
70	75	129.0
70	76	182.0
70	77	106.0
70	78	95.0
70	79	82.0
70	80	94.0
70	81	89.0
70	82	70.0
70	83	50.0
70	84	57.0
70	85	42.0
70	86	47.0
70	87	27.0
70	88	24.0
70	89	41.0
70	90	40.0
70	91	24.0
70	92	31.0
70	93	26.0
70	94	29.0
70	95	31.0
70	96	18.0
70	97	26.0
70	98	21.0
70	99	25.0
70	100	27.0
70	101	19.0
70	102	17.0
70	103	15.0
70	104	30.0
70	105	29.0
70	106	23.0
70	107	20.0
70	108	40.0
70	109	23.0
70	110	22.0
70	111	19.0
70	112	20.0
70	113	19.0
70	114	28.0
70	115	19.0
70	116	21.0
70	117	29.0
70	118	29.0
70	119	19.0
70	120	27.0
70	121	22.0
70	122	20.0
71	72	398.0
71	73	79.0
71	74	115.0
71	75	56.0
71	76	78.0
71	77	136.0
71	78	60.0
71	79	38.0
71	80	53.0
71	81	64.0
71	82	55.0
71	83	52.0
71	84	60.0
71	85	42.0
71	86	42.0
71	87	28.0
71	88	24.0
71	89	33.0
71	90	41.0
71	91	32.0
71	92	23.0
71	93	33.0
71	94	27.0
71	95	32.0
71	96	24.0
71	97	25.0
71	98	21.0
71	99	28.0
71	100	23.0
71	101	16.0
71	102	18.0
71	103	23.0
71	104	28.0
71	105	31.0
71	106	30.0
71	107	33.0
71	108	30.0
71	109	28.0
71	110	39.0
71	111	29.0
71	112	23.0
71	113	20.0
71	114	33.0
71	115	39.0
71	116	46.0
71	117	40.0
71	118	40.0
71	119	30.0
71	120	30.0
71	121	22.0
71	122	22.0
72	73	99.0
72	74	109.0
72	75	80.0
72	76	84.0
72	77	175.0
72	78	62.0
72	79	44.0
72	80	60.0
72	81	75.0
72	82	62.0
72	83	55.0
72	84	51.0
72	85	32.0
72	86	24.0
72	87	21.0
72	88	20.0
72	89	49.0
72	90	39.0
72	91	34.0
72	92	26.0
72	93	32.0
72	94	28.0
72	95	19.0
72	96	24.0
72	97	22.0
72	98	38.0
72	99	14.0
72	100	29.0
72	101	21.0
72	102	21.0
72	103	19.0
72	104	11.0
72	105	25.0
72	106	35.0
72	107	18.0
72	108	34.0
72	109	27.0
72	110	31.0
72	111	26.0
72	112	33.0
72	113	25.0
72	114	29.0
72	115	33.0
72	116	38.0
72	117	40.0
72	118	34.0
72	119	27.0
72	120	31.0
72	121	24.0
72	122	25.0
73	74	178.0
73	75	128.0
73	76	266.0
73	77	195.0
73	78	146.0
73	79	75.0
73	80	88.0
73	81	123.0
73	82	98.0
73	83	63.0
73	84	97.0
73	85	70.0
73	86	56.0
73	87	37.0
73	88	44.0
73	89	47.0
73	90	51.0
73	91	48.0
73	92	37.0
73	93	42.0
73	94	29.0
73	95	36.0
73	96	29.0
73	97	29.0
73	98	25.0
73	99	28.0
73	100	33.0
73	101	24.0
73	102	27.0
73	103	20.0
73	104	22.0
73	105	24.0
73	106	34.0
73	107	24.0
73	108	24.0
73	109	28.0
73	110	22.0
73	111	21.0
73	112	21.0
73	113	28.0
73	114	37.0
73	115	30.0
73	116	38.0
73	117	32.0
73	118	26.0
73	119	31.0
73	120	33.0
73	121	36.0
73	122	19.0
74	75	135.0
74	76	183.0
74	77	222.0
74	78	119.0
74	79	59.0
74	80	79.0
74	81	164.0
74	82	95.0
74	83	63.0
74	84	66.0
74	85	61.0
74	86	37.0
74	87	37.0
74	88	28.0
74	89	43.0
74	90	50.0
74	91	40.0
74	92	30.0
74	93	37.0
74	94	43.0
74	95	40.0
74	96	24.0
74	97	25.0
74	98	30.0
74	99	22.0
74	100	27.0
74	101	34.0
74	102	18.0
74	103	11.0
74	104	24.0
74	105	40.0
74	106	15.0
74	107	31.0
74	108	32.0
74	109	34.0
74	110	28.0
74	111	24.0
74	112	25.0
74	113	34.0
74	114	37.0
74	115	31.0
74	116	54.0
74	117	43.0
74	118	33.0
74	119	31.0
74	120	35.0
74	121	23.0
74	122	36.0
75	76	233.0
75	77	93.0
75	78	164.0
75	79	91.0
75	80	105.0
75	81	118.0
75	82	79.0
75	83	60.0
75	84	107.0
75	85	84.0
75	86	55.0
75	87	33.0
75	88	26.0
75	89	40.0
75	90	57.0
75	91	37.0
75	92	35.0
75	93	35.0
75	94	38.0
75	95	46.0
75	96	34.0
75	97	25.0
75	98	26.0
75	99	36.0
75	100	36.0
75	101	34.0
75	102	20.0
75	103	26.0
75	104	29.0
75	105	28.0
75	106	20.0
75	107	24.0
75	108	26.0
75	109	32.0
75	110	22.0
75	111	22.0
75	112	23.0
75	113	19.0
75	114	29.0
75	115	29.0
75	116	39.0
75	117	26.0
75	118	30.0
75	119	35.0
75	120	22.0
75	121	33.0
75	122	17.0
76	77	138.0
76	78	187.0
76	79	83.0
76	80	90.0
76	81	137.0
76	82	90.0
76	83	74.0
76	84	101.0
76	85	82.0
76	86	57.0
76	87	33.0
76	88	36.0
76	89	38.0
76	90	50.0
76	91	36.0
76	92	29.0
76	93	36.0
76	94	37.0
76	95	34.0
76	96	29.0
76	97	22.0
76	98	24.0
76	99	29.0
76	100	34.0
76	101	31.0
76	102	23.0
76	103	21.0
76	104	23.0
76	105	23.0
76	106	26.0
76	107	26.0
76	108	27.0
76	109	22.0
76	110	27.0
76	111	23.0
76	112	19.0
76	113	31.0
76	114	24.0
76	115	40.0
76	116	29.0
76	117	36.0
76	118	28.0
76	119	36.0
76	120	32.0
76	121	36.0
76	122	16.0
77	78	105.0
77	79	54.0
77	80	77.0
77	81	122.0
77	82	99.0
77	83	71.0
77	84	77.0
77	85	68.0
77	86	52.0
77	87	28.0
77	88	34.0
77	89	47.0
77	90	48.0
77	91	32.0
77	92	40.0
77	93	37.0
77	94	37.0
77	95	31.0
77	96	40.0
77	97	24.0
77	98	31.0
77	99	30.0
77	100	38.0
77	101	29.0
77	102	26.0
77	103	18.0
77	104	27.0
77	105	32.0
77	106	32.0
77	107	28.0
77	108	30.0
77	109	33.0
77	110	26.0
77	111	24.0
77	112	24.0
77	113	16.0
77	114	24.0
77	115	28.0
77	116	41.0
77	117	35.0
77	118	34.0
77	119	22.0
77	120	25.0
77	121	31.0
77	122	27.0
78	79	103.0
78	80	172.0
78	81	194.0
78	82	177.0
78	83	96.0
78	84	181.0
78	85	137.0
78	86	64.0
78	87	29.0
78	88	40.0
78	89	53.0
78	90	69.0
78	91	63.0
78	92	37.0
78	93	36.0
78	94	36.0
78	95	42.0
78	96	35.0
78	97	27.0
78	98	28.0
78	99	31.0
78	100	38.0
78	101	27.0
78	102	24.0
78	103	23.0
78	104	20.0
78	105	31.0
78	106	34.0
78	107	32.0
78	108	37.0
78	109	29.0
78	110	24.0
78	111	14.0
78	112	34.0
78	113	26.0
78	114	30.0
78	115	37.0
78	116	42.0
78	117	42.0
78	118	35.0
78	119	32.0
78	120	29.0
78	121	23.0
78	122	17.0
79	80	203.0
79	81	68.0
79	82	78.0
79	83	89.0
79	84	68.0
79	85	123.0
79	86	62.0
79	87	45.0
79	88	36.0
79	89	51.0
79	90	53.0
79	91	28.0
79	92	32.0
79	93	34.0
79	94	49.0
79	95	26.0
79	96	32.0
79	97	19.0
79	98	25.0
79	99	25.0
79	100	37.0
79	101	24.0
79	102	14.0
79	103	13.0
79	104	26.0
79	105	39.0
79	106	25.0
79	107	27.0
79	108	26.0
79	109	28.0
79	110	22.0
79	111	19.0
79	112	17.0
79	113	22.0
79	114	20.0
79	115	33.0
79	116	18.0
79	117	28.0
79	118	29.0
79	119	27.0
79	120	23.0
79	121	22.0
79	122	21.0
80	81	107.0
80	82	134.0
80	83	107.0
80	84	115.0
80	85	168.0
80	86	62.0
80	87	52.0
80	88	38.0
80	89	69.0
80	90	56.0
80	91	48.0
80	92	46.0
80	93	35.0
80	94	44.0
80	95	40.0
80	96	40.0
80	97	31.0
80	98	36.0
80	99	32.0
80	100	35.0
80	101	43.0
80	102	21.0
80	103	21.0
80	104	31.0
80	105	32.0
80	106	26.0
80	107	34.0
80	108	30.0
80	109	21.0
80	110	34.0
80	111	26.0
80	112	16.0
80	113	22.0
80	114	17.0
80	115	31.0
80	116	24.0
80	117	26.0
80	118	34.0
80	119	29.0
80	120	18.0
80	121	35.0
80	122	20.0
81	82	152.0
81	83	101.0
81	84	166.0
81	85	100.0
81	86	59.0
81	87	30.0
81	88	38.0
81	89	57.0
81	90	71.0
81	91	47.0
81	92	49.0
81	93	46.0
81	94	69.0
81	95	53.0
81	96	37.0
81	97	17.0
81	98	35.0
81	99	28.0
81	100	44.0
81	101	28.0
81	102	22.0
81	103	18.0
81	104	20.0
81	105	41.0
81	106	39.0
81	107	39.0
81	108	35.0
81	109	31.0
81	110	34.0
81	111	20.0
81	112	22.0
81	113	20.0
81	114	31.0
81	115	36.0
81	116	60.0
81	117	43.0
81	118	50.0
81	119	29.0
81	120	35.0
81	121	30.0
81	122	33.0
82	83	277.0
82	84	352.0
82	85	247.0
82	86	100.0
82	87	59.0
82	88	45.0
82	89	99.0
82	90	107.0
82	91	60.0
82	92	51.0
82	93	51.0
82	94	71.0
82	95	49.0
82	96	34.0
82	97	29.0
82	98	35.0
82	99	38.0
82	100	33.0
82	101	15.0
82	102	20.0
82	103	21.0
82	104	28.0
82	105	31.0
82	106	36.0
82	107	33.0
82	108	36.0
82	109	25.0
82	110	26.0
82	111	29.0
82	112	18.0
82	113	26.0
82	114	28.0
82	115	43.0
82	116	39.0
82	117	24.0
82	118	40.0
82	119	21.0
82	120	19.0
82	121	32.0
82	122	31.0
83	84	215.0
83	85	282.0
83	86	157.0
83	87	59.0
83	88	67.0
83	89	110.0
83	90	119.0
83	91	69.0
83	92	56.0
83	93	69.0
83	94	66.0
83	95	57.0
83	96	53.0
83	97	42.0
83	98	33.0
83	99	50.0
83	100	43.0
83	101	41.0
83	102	21.0
83	103	28.0
83	104	14.0
83	105	30.0
83	106	30.0
83	107	31.0
83	108	22.0
83	109	36.0
83	110	38.0
83	111	26.0
83	112	23.0
83	113	24.0
83	114	20.0
83	115	42.0
83	116	33.0
83	117	35.0
83	118	27.0
83	119	30.0
83	120	22.0
83	121	33.0
83	122	17.0
84	85	196.0
84	86	101.0
84	87	52.0
84	88	56.0
84	89	71.0
84	90	114.0
84	91	78.0
84	92	52.0
84	93	52.0
84	94	65.0
84	95	60.0
84	96	49.0
84	97	42.0
84	98	38.0
84	99	44.0
84	100	41.0
84	101	33.0
84	102	26.0
84	103	27.0
84	104	30.0
84	105	38.0
84	106	41.0
84	107	29.0
84	108	22.0
84	109	42.0
84	110	38.0
84	111	27.0
84	112	27.0
84	113	22.0
84	114	45.0
84	115	27.0
84	116	30.0
84	117	31.0
84	118	31.0
84	119	25.0
84	120	27.0
84	121	29.0
84	122	15.0
85	86	145.0
85	87	61.0
85	88	60.0
85	89	84.0
85	90	85.0
85	91	64.0
85	92	43.0
85	93	57.0
85	94	67.0
85	95	56.0
85	96	45.0
85	97	46.0
85	98	38.0
85	99	42.0
85	100	46.0
85	101	26.0
85	102	17.0
85	103	14.0
85	104	27.0
85	105	35.0
85	106	37.0
85	107	31.0
85	108	33.0
85	109	29.0
85	110	23.0
85	111	25.0
85	112	20.0
85	113	29.0
85	114	22.0
85	115	24.0
85	116	29.0
85	117	22.0
85	118	24.0
85	119	20.0
85	120	23.0
85	121	30.0
85	122	19.0
86	87	69.0
86	88	62.0
86	89	235.0
86	90	101.0
86	91	69.0
86	92	71.0
86	93	84.0
86	94	76.0
86	95	53.0
86	96	59.0
86	97	34.0
86	98	35.0
86	99	47.0
86	100	42.0
86	101	30.0
86	102	22.0
86	103	22.0
86	104	23.0
86	105	36.0
86	106	35.0
86	107	34.0
86	108	33.0
86	109	24.0
86	110	25.0
86	111	20.0
86	112	16.0
86	113	19.0
86	114	24.0
86	115	20.0
86	116	32.0
86	117	31.0
86	118	24.0
86	119	32.0
86	120	18.0
86	121	38.0
86	122	17.0
87	88	550.0
87	89	84.0
87	90	45.0
87	91	40.0
87	92	45.0
87	93	58.0
87	94	43.0
87	95	45.0
87	96	46.0
87	97	30.0
87	98	29.0
87	99	44.0
87	100	30.0
87	101	25.0
87	102	26.0
87	103	19.0
87	104	17.0
87	105	30.0
87	106	25.0
87	107	16.0
87	108	21.0
87	109	15.0
87	110	19.0
87	111	18.0
87	112	20.0
87	113	23.0
87	114	18.0
87	115	19.0
87	116	26.0
87	117	26.0
87	118	19.0
87	119	27.0
87	120	14.0
87	121	16.0
87	122	19.0
88	89	86.0
88	90	56.0
88	91	43.0
88	92	61.0
88	93	70.0
88	94	49.0
88	95	47.0
88	96	58.0
88	97	28.0
88	98	35.0
88	99	38.0
88	100	29.0
88	101	17.0
88	102	14.0
88	103	18.0
88	104	23.0
88	105	17.0
88	106	21.0
88	107	11.0
88	108	17.0
88	109	18.0
88	110	25.0
88	111	22.0
88	112	24.0
88	113	15.0
88	114	16.0
88	115	18.0
88	116	22.0
88	117	22.0
88	118	18.0
88	119	15.0
88	120	21.0
88	121	20.0
88	122	21.0
89	90	94.0
89	91	71.0
89	92	92.0
89	93	109.0
89	94	67.0
89	95	63.0
89	96	56.0
89	97	39.0
89	98	35.0
89	99	49.0
89	100	36.0
89	101	31.0
89	102	19.0
89	103	28.0
89	104	38.0
89	105	25.0
89	106	40.0
89	107	32.0
89	108	36.0
89	109	21.0
89	110	31.0
89	111	27.0
89	112	19.0
89	113	15.0
89	114	28.0
89	115	18.0
89	116	21.0
89	117	35.0
89	118	30.0
89	119	31.0
89	120	21.0
89	121	25.0
89	122	23.0
90	91	187.0
90	92	78.0
90	93	122.0
90	94	120.0
90	95	82.0
90	96	60.0
90	97	47.0
90	98	64.0
90	99	54.0
90	100	47.0
90	101	46.0
90	102	28.0
90	103	21.0
90	104	18.0
90	105	54.0
90	106	49.0
90	107	43.0
90	108	46.0
90	109	45.0
90	110	28.0
90	111	33.0
90	112	30.0
90	113	25.0
90	114	33.0
90	115	51.0
90	116	37.0
90	117	34.0
90	118	47.0
90	119	33.0
90	120	29.0
90	121	36.0
90	122	30.0
91	92	99.0
91	93	120.0
91	94	118.0
91	95	67.0
91	96	64.0
91	97	42.0
91	98	66.0
91	99	84.0
91	100	65.0
91	101	50.0
91	102	28.0
91	103	27.0
91	104	37.0
91	105	46.0
91	106	36.0
91	107	44.0
91	108	44.0
91	109	45.0
91	110	40.0
91	111	38.0
91	112	28.0
91	113	25.0
91	114	38.0
91	115	44.0
91	116	58.0
91	117	38.0
91	118	47.0
91	119	24.0
91	120	19.0
91	121	41.0
91	122	31.0
92	93	231.0
92	94	134.0
92	95	149.0
92	96	165.0
92	97	78.0
92	98	60.0
92	99	76.0
92	100	60.0
92	101	41.0
92	102	31.0
92	103	22.0
92	104	32.0
92	105	21.0
92	106	35.0
92	107	40.0
92	108	26.0
92	109	20.0
92	110	30.0
92	111	38.0
92	112	30.0
92	113	43.0
92	114	29.0
92	115	32.0
92	116	28.0
92	117	25.0
92	118	38.0
92	119	22.0
92	120	22.0
92	121	35.0
92	122	17.0
93	94	159.0
93	95	128.0
93	96	123.0
93	97	50.0
93	98	63.0
93	99	107.0
93	100	47.0
93	101	44.0
93	102	31.0
93	103	31.0
93	104	38.0
93	105	39.0
93	106	45.0
93	107	33.0
93	108	35.0
93	109	37.0
93	110	37.0
93	111	24.0
93	112	28.0
93	113	29.0
93	114	34.0
93	115	47.0
93	116	31.0
93	117	41.0
93	118	33.0
93	119	29.0
93	120	19.0
93	121	17.0
93	122	24.0
94	95	247.0
94	96	115.0
94	97	56.0
94	98	73.0
94	99	103.0
94	100	74.0
94	101	62.0
94	102	27.0
94	103	32.0
94	104	50.0
94	105	29.0
94	106	52.0
94	107	48.0
94	108	30.0
94	109	42.0
94	110	32.0
94	111	33.0
94	112	29.0
94	113	31.0
94	114	39.0
94	115	34.0
94	116	49.0
94	117	36.0
94	118	38.0
94	119	34.0
94	120	32.0
94	121	34.0
94	122	31.0
95	96	179.0
95	97	67.0
95	98	82.0
95	99	66.0
95	100	70.0
95	101	53.0
95	102	28.0
95	103	21.0
95	104	37.0
95	105	40.0
95	106	44.0
95	107	41.0
95	108	35.0
95	109	40.0
95	110	40.0
95	111	40.0
95	112	34.0
95	113	26.0
95	114	34.0
95	115	43.0
95	116	36.0
95	117	35.0
95	118	32.0
95	119	30.0
95	120	32.0
95	121	31.0
95	122	22.0
96	97	131.0
96	98	107.0
96	99	109.0
96	100	60.0
96	101	51.0
96	102	31.0
96	103	33.0
96	104	34.0
96	105	43.0
96	106	41.0
96	107	45.0
96	108	39.0
96	109	41.0
96	110	28.0
96	111	28.0
96	112	28.0
96	113	25.0
96	114	25.0
96	115	29.0
96	116	25.0
96	117	29.0
96	118	36.0
96	119	26.0
96	120	32.0
96	121	23.0
96	122	32.0
97	98	103.0
97	99	75.0
97	100	65.0
97	101	42.0
97	102	43.0
97	103	47.0
97	104	41.0
97	105	31.0
97	106	42.0
97	107	34.0
97	108	25.0
97	109	41.0
97	110	36.0
97	111	28.0
97	112	35.0
97	113	29.0
97	114	21.0
97	115	35.0
97	116	27.0
97	117	20.0
97	118	23.0
97	119	25.0
97	120	17.0
97	121	23.0
97	122	19.0
98	99	242.0
98	100	164.0
98	101	60.0
98	102	44.0
98	103	34.0
98	104	64.0
98	105	50.0
98	106	64.0
98	107	48.0
98	108	51.0
98	109	26.0
98	110	54.0
98	111	37.0
98	112	36.0
98	113	35.0
98	114	36.0
98	115	33.0
98	116	37.0
98	117	35.0
98	118	40.0
98	119	40.0
98	120	36.0
98	121	25.0
98	122	32.0
99	100	180.0
99	101	67.0
99	102	39.0
99	103	29.0
99	104	53.0
99	105	74.0
99	106	73.0
99	107	50.0
99	108	41.0
99	109	40.0
99	110	42.0
99	111	46.0
99	112	39.0
99	113	42.0
99	114	45.0
99	115	52.0
99	116	41.0
99	117	43.0
99	118	47.0
99	119	23.0
99	120	33.0
99	121	32.0
99	122	28.0
100	101	95.0
100	102	56.0
100	103	41.0
100	104	57.0
100	105	68.0
100	106	95.0
100	107	61.0
100	108	62.0
100	109	66.0
100	110	48.0
100	111	45.0
100	112	50.0
100	113	41.0
100	114	65.0
100	115	47.0
100	116	35.0
100	117	45.0
100	118	50.0
100	119	27.0
100	120	33.0
100	121	44.0
100	122	32.0
101	102	70.0
101	103	65.0
101	104	95.0
101	105	59.0
101	106	101.0
101	107	112.0
101	108	45.0
101	109	65.0
101	110	43.0
101	111	46.0
101	112	53.0
101	113	58.0
101	114	57.0
101	115	28.0
101	116	34.0
101	117	35.0
101	118	58.0
101	119	61.0
101	120	48.0
101	121	44.0
101	122	50.0
102	103	184.0
102	104	78.0
102	105	50.0
102	106	44.0
102	107	57.0
102	108	30.0
102	109	44.0
102	110	25.0
102	111	55.0
102	112	33.0
102	113	81.0
102	114	41.0
102	115	32.0
102	116	25.0
102	117	31.0
102	118	48.0
102	119	45.0
102	120	31.0
102	121	38.0
102	122	40.0
103	104	94.0
103	105	37.0
103	106	49.0
103	107	52.0
103	108	37.0
103	109	40.0
103	110	31.0
103	111	67.0
103	112	54.0
103	113	54.0
103	114	44.0
103	115	28.0
103	116	28.0
103	117	37.0
103	118	43.0
103	119	35.0
103	120	35.0
103	121	33.0
103	122	31.0
104	105	77.0
104	106	96.0
104	107	107.0
104	108	51.0
104	109	62.0
104	110	62.0
104	111	114.0
104	112	79.0
104	113	65.0
104	114	65.0
104	115	51.0
104	116	36.0
104	117	31.0
104	118	63.0
104	119	50.0
104	120	30.0
104	121	52.0
104	122	46.0
105	106	137.0
105	107	117.0
105	108	163.0
105	109	189.0
105	110	140.0
105	111	99.0
105	112	98.0
105	113	61.0
105	114	98.0
105	115	77.0
105	116	56.0
105	117	65.0
105	118	89.0
105	119	38.0
105	120	49.0
105	121	61.0
105	122	43.0
106	107	206.0
106	108	82.0
106	109	113.0
106	110	74.0
106	111	93.0
106	112	89.0
106	113	84.0
106	114	105.0
106	115	70.0
106	116	46.0
106	117	56.0
106	118	84.0
106	119	57.0
106	120	42.0
106	121	38.0
106	122	44.0
107	108	87.0
107	109	95.0
107	110	63.0
107	111	78.0
107	112	100.0
107	113	108.0
107	114	110.0
107	115	59.0
107	116	38.0
107	117	48.0
107	118	122.0
107	119	66.0
107	120	64.0
107	121	75.0
107	122	47.0
108	109	262.0
108	110	172.0
108	111	91.0
108	112	83.0
108	113	64.0
108	114	151.0
108	115	137.0
108	116	71.0
108	117	129.0
108	118	111.0
108	119	44.0
108	120	51.0
108	121	83.0
108	122	51.0
109	110	293.0
109	111	98.0
109	112	111.0
109	113	82.0
109	114	142.0
109	115	102.0
109	116	68.0
109	117	85.0
109	118	97.0
109	119	36.0
109	120	39.0
109	121	71.0
109	122	34.0
110	111	97.0
110	112	65.0
110	113	67.0
110	114	104.0
110	115	149.0
110	116	74.0
110	117	107.0
110	118	85.0
110	119	44.0
110	120	28.0
110	121	57.0
110	122	48.0
111	112	291.0
111	113	91.0
111	114	104.0
111	115	61.0
111	116	32.0
111	117	48.0
111	118	84.0
111	119	49.0
111	120	47.0
111	121	51.0
111	122	58.0
112	113	166.0
112	114	114.0
112	115	56.0
112	116	40.0
112	117	56.0
112	118	92.0
112	119	58.0
112	120	60.0
112	121	82.0
112	122	64.0
113	114	106.0
113	115	37.0
113	116	36.0
113	117	41.0
113	118	118.0
113	119	91.0
113	120	71.0
113	121	68.0
113	122	97.0
114	115	70.0
114	116	66.0
114	117	77.0
114	118	217.0
114	119	95.0
114	120	72.0
114	121	135.0
114	122	66.0
115	116	126.0
115	117	168.0
115	118	56.0
115	119	33.0
115	120	34.0
115	121	65.0
115	122	33.0
116	117	173.0
116	118	64.0
116	119	28.0
116	120	32.0
116	121	46.0
116	122	35.0
117	118	67.0
117	119	36.0
117	120	47.0
117	121	62.0
117	122	52.0
118	119	73.0
118	120	75.0
118	121	109.0
118	122	72.0
119	120	146.0
119	121	70.0
119	122	105.0
120	121	90.0
120	122	233.0
121	122	102.0
