1	2	69.0
1	3	21.0
1	4	36.0
1	5	38.0
1	6	30.0
1	7	29.0
1	8	24.0
1	9	21.0
1	10	21.0
1	11	22.0
1	12	22.0
1	13	19.0
1	14	15.0
1	15	14.0
1	16	16.0
1	17	21.0
1	18	22.0
1	19	16.0
1	20	17.0
1	21	12.0
1	22	15.0
1	23	20.0
1	24	16.0
1	25	17.0
1	26	8.0
1	27	16.0
1	28	14.0
1	29	6.0
1	30	8.0
1	31	10.0
1	32	11.0
1	33	8.0
1	34	7.0
1	35	11.0
1	36	6.0
1	37	15.0
1	38	9.0
1	39	9.0
1	40	11.0
1	41	12.0
1	42	7.0
1	43	11.0
1	44	10.0
1	45	15.0
1	46	5.0
1	47	5.0
1	48	6.0
1	49	17.0
1	50	8.0
1	51	8.0
1	52	11.0
1	53	15.0
1	54	8.0
1	55	8.0
1	56	12.0
1	57	12.0
1	58	12.0
1	59	15.0
1	60	15.0
1	61	15.0
1	62	16.0
1	63	9.0
1	64	6.0
1	65	8.0
1	66	6.0
1	67	11.0
1	68	7.0
1	69	13.0
1	70	18.0
1	71	10.0
1	72	18.0
1	73	13.0
1	74	16.0
1	75	11.0
1	76	11.0
1	77	20.0
1	78	13.0
1	79	10.0
1	80	11.0
1	81	19.0
1	82	9.0
1	83	10.0
1	84	15.0
1	85	6.0
1	86	11.0
1	87	10.0
1	88	6.0
1	89	8.0
1	90	8.0
1	91	17.0
1	92	7.0
1	93	13.0
1	94	18.0
1	95	20.0
1	96	10.0
1	97	7.0
1	98	19.0
1	99	15.0
1	100	15.0
1	101	13.0
1	102	12.0
1	103	10.0
1	104	15.0
1	105	17.0
1	106	18.0
1	107	15.0
1	108	16.0
1	109	18.0
1	110	17.0
1	111	18.0
1	112	11.0
1	113	17.0
1	114	21.0
1	115	25.0
1	116	24.0
1	117	14.0
1	118	16.0
1	119	13.0
1	120	13.0
1	121	19.0
1	122	16.0
2	3	91.0
2	4	53.0
2	5	64.0
2	6	40.0
2	7	45.0
2	8	38.0
2	9	33.0
2	10	31.0
2	11	32.0
2	12	23.0
2	13	20.0
2	14	22.0
2	15	7.0
2	16	19.0
2	17	28.0
2	18	31.0
2	19	26.0
2	20	22.0
2	21	19.0
2	22	22.0
2	23	20.0
2	24	13.0
2	25	17.0
2	26	8.0
2	27	10.0
2	28	11.0
2	29	14.0
2	30	16.0
2	31	14.0
2	32	14.0
2	33	12.0
2	34	8.0
2	35	7.0
2	36	8.0
2	37	9.0
2	38	10.0
2	39	15.0
2	40	10.0
2	41	10.0
2	42	9.0
2	43	8.0
2	44	12.0
2	45	7.0
2	46	18.0
2	47	6.0
2	48	15.0
2	49	16.0
2	50	16.0
2	51	13.0
2	52	16.0
2	53	16.0
2	54	13.0
2	55	5.0
2	56	25.0
2	57	18.0
2	58	19.0
2	59	10.0
2	60	18.0
2	61	16.0
2	62	17.0
2	63	13.0
2	64	12.0
2	65	8.0
2	66	7.0
2	67	13.0
2	68	8.0
2	69	16.0
2	70	9.0
2	71	17.0
2	72	20.0
2	73	18.0
2	74	21.0
2	75	11.0
2	76	23.0
2	77	18.0
2	78	12.0
2	79	16.0
2	80	9.0
2	81	10.0
2	82	14.0
2	83	8.0
2	84	16.0
2	85	15.0
2	86	15.0
2	87	6.0
2	88	6.0
2	89	9.0
2	90	18.0
2	91	15.0
2	92	7.0
2	93	15.0
2	94	11.0
2	95	21.0
2	96	9.0
2	97	10.0
2	98	12.0
2	99	13.0
2	100	13.0
2	101	12.0
2	102	20.0
2	103	19.0
2	104	14.0
2	105	23.0
2	106	17.0
2	107	19.0
2	108	18.0
2	109	20.0
2	110	22.0
2	111	29.0
2	112	16.0
2	113	16.0
2	114	13.0
2	115	25.0
2	116	13.0
2	117	22.0
2	118	15.0
2	119	27.0
2	120	20.0
2	121	32.0
2	122	28.0
3	4	167.0
3	5	90.0
3	6	81.0
3	7	63.0
3	8	54.0
3	9	33.0
3	10	27.0
3	11	35.0
3	12	34.0
3	13	16.0
3	14	16.0
3	15	18.0
3	16	27.0
3	17	29.0
3	18	39.0
3	19	20.0
3	20	24.0
3	21	14.0
3	22	21.0
3	23	30.0
3	24	25.0
3	25	13.0
3	26	12.0
3	27	13.0
3	28	24.0
3	29	18.0
3	30	17.0
3	31	15.0
3	32	10.0
3	33	9.0
3	34	10.0
3	35	8.0
3	36	7.0
3	37	7.0
3	38	12.0
3	39	10.0
3	40	12.0
3	41	19.0
3	42	12.0
3	43	12.0
3	44	12.0
3	45	8.0
3	46	16.0
3	47	11.0
3	48	11.0
3	49	21.0
3	50	26.0
3	51	24.0
3	52	17.0
3	53	26.0
3	54	18.0
3	55	11.0
3	56	13.0
3	57	28.0
3	58	11.0
3	59	23.0
3	60	16.0
3	61	13.0
3	62	7.0
3	63	14.0
3	64	19.0
3	65	11.0
3	66	17.0
3	67	18.0
3	68	7.0
3	69	13.0
3	70	25.0
3	71	27.0
3	72	14.0
3	73	19.0
3	74	20.0
3	75	15.0
3	76	12.0
3	77	17.0
3	78	16.0
3	79	13.0
3	80	17.0
3	81	21.0
3	82	12.0
3	83	12.0
3	84	12.0
3	85	16.0
3	86	16.0
3	87	12.0
3	88	9.0
3	89	14.0
3	90	10.0
3	91	19.0
3	92	19.0
3	93	21.0
3	94	16.0
3	95	13.0
3	96	5.0
3	97	9.0
3	98	14.0
3	99	12.0
3	100	10.0
3	101	9.0
3	102	11.0
3	103	13.0
3	104	12.0
3	105	18.0
3	106	11.0
3	107	19.0
3	108	24.0
3	109	22.0
3	110	24.0
3	111	14.0
3	112	24.0
3	113	29.0
3	114	26.0
3	115	27.0
3	116	23.0
3	117	24.0
3	118	16.0
3	119	20.0
3	120	25.0
3	121	30.0
3	122	32.0
4	5	197.0
4	6	135.0
4	7	122.0
4	8	67.0
4	9	43.0
4	10	42.0
4	11	55.0
4	12	29.0
4	13	25.0
4	14	26.0
4	15	23.0
4	16	25.0
4	17	33.0
4	18	31.0
4	19	24.0
4	20	17.0
4	21	17.0
4	22	21.0
4	23	16.0
4	24	16.0
4	25	12.0
4	26	20.0
4	27	14.0
4	28	17.0
4	29	17.0
4	30	6.0
4	31	12.0
4	32	13.0
4	33	12.0
4	34	9.0
4	35	4.0
4	36	6.0
4	37	11.0
4	38	8.0
4	39	15.0
4	40	20.0
4	41	12.0
4	42	13.0
4	43	10.0
4	44	11.0
4	45	9.0
4	46	9.0
4	47	11.0
4	48	17.0
4	49	13.0
4	50	22.0
4	51	22.0
4	52	10.0
4	53	25.0
4	54	22.0
4	55	19.0
4	56	16.0
4	57	14.0
4	58	16.0
4	59	31.0
4	60	28.0
4	61	21.0
4	62	14.0
4	63	14.0
4	64	13.0
4	65	14.0
4	66	15.0
4	67	18.0
4	68	17.0
4	69	24.0
4	70	21.0
4	71	21.0
4	72	18.0
4	73	17.0
4	74	16.0
4	75	22.0
4	76	17.0
4	77	25.0
4	78	19.0
4	79	24.0
4	80	11.0
4	81	16.0
4	82	15.0
4	83	13.0
4	84	17.0
4	85	16.0
4	86	12.0
4	87	9.0
4	88	15.0
4	89	15.0
4	90	16.0
4	91	18.0
4	92	12.0
4	93	17.0
4	94	18.0
4	95	14.0
4	96	17.0
4	97	15.0
4	98	14.0
4	99	13.0
4	100	17.0
4	101	11.0
4	102	17.0
4	103	10.0
4	104	10.0
4	105	19.0
4	106	18.0
4	107	19.0
4	108	24.0
4	109	25.0
4	110	22.0
4	111	20.0
4	112	26.0
4	113	30.0
4	114	30.0
4	115	19.0
4	116	34.0
4	117	25.0
4	118	25.0
4	119	17.0
4	120	27.0
4	121	36.0
4	122	27.0
5	6	223.0
5	7	330.0
5	8	76.0
5	9	35.0
5	10	48.0
5	11	55.0
5	12	27.0
5	13	22.0
5	14	21.0
5	15	30.0
5	16	28.0
5	17	34.0
5	18	19.0
5	19	33.0
5	20	17.0
5	21	23.0
5	22	23.0
5	23	19.0
5	24	11.0
5	25	18.0
5	26	20.0
5	27	11.0
5	28	20.0
5	29	16.0
5	30	16.0
5	31	11.0
5	32	11.0
5	33	9.0
5	34	4.0
5	35	11.0
5	36	3.0
5	37	6.0
5	38	8.0
5	39	11.0
5	40	11.0
5	41	14.0
5	42	8.0
5	43	7.0
5	44	12.0
5	45	9.0
5	46	21.0
5	47	13.0
5	48	20.0
5	49	23.0
5	50	24.0
5	51	22.0
5	52	28.0
5	53	14.0
5	54	22.0
5	55	13.0
5	56	11.0
5	57	15.0
5	58	20.0
5	59	29.0
5	60	19.0
5	61	19.0
5	62	15.0
5	63	18.0
5	64	11.0
5	65	11.0
5	66	13.0
5	67	11.0
5	68	14.0
5	69	12.0
5	70	16.0
5	71	25.0
5	72	34.0
5	73	25.0
5	74	27.0
5	75	22.0
5	76	14.0
5	77	16.0
5	78	14.0
5	79	14.0
5	80	9.0
5	81	28.0
5	82	18.0
5	83	18.0
5	84	17.0
5	85	9.0
5	86	12.0
5	87	11.0
5	88	18.0
5	89	18.0
5	90	21.0
5	91	10.0
5	92	17.0
5	93	11.0
5	94	11.0
5	95	13.0
5	96	15.0
5	97	16.0
5	98	14.0
5	99	23.0
5	100	20.0
5	101	17.0
5	102	21.0
5	103	16.0
5	104	26.0
5	105	20.0
5	106	20.0
5	107	20.0
5	108	26.0
5	109	26.0
5	110	21.0
5	111	16.0
5	112	17.0
5	113	27.0
5	114	25.0
5	115	25.0
5	116	35.0
5	117	25.0
5	118	35.0
5	119	22.0
5	120	32.0
5	121	29.0
5	122	26.0
6	7	233.0
6	8	46.0
6	9	34.0
6	10	44.0
6	11	52.0
6	12	31.0
6	13	18.0
6	14	27.0
6	15	26.0
6	16	37.0
6	17	30.0
6	18	32.0
6	19	31.0
6	20	33.0
6	21	28.0
6	22	20.0
6	23	20.0
6	24	23.0
6	25	27.0
6	26	13.0
6	27	21.0
6	28	14.0
6	29	16.0
6	30	15.0
6	31	15.0
6	32	11.0
6	33	6.0
6	34	9.0
6	35	8.0
6	36	5.0
6	37	7.0
6	38	21.0
6	39	10.0
6	40	13.0
6	41	13.0
6	42	13.0
6	43	10.0
6	44	8.0
6	45	12.0
6	46	12.0
6	47	14.0
6	48	22.0
6	49	29.0
6	50	24.0
6	51	22.0
6	52	26.0
6	53	20.0
6	54	9.0
6	55	22.0
6	56	18.0
6	57	17.0
6	58	27.0
6	59	24.0
6	60	41.0
6	61	17.0
6	62	16.0
6	63	10.0
6	64	22.0
6	65	20.0
6	66	11.0
6	67	19.0
6	68	13.0
6	69	21.0
6	70	21.0
6	71	25.0
6	72	33.0
6	73	24.0
6	74	25.0
6	75	18.0
6	76	17.0
6	77	24.0
6	78	27.0
6	79	11.0
6	80	20.0
6	81	24.0
6	82	15.0
6	83	16.0
6	84	21.0
6	85	20.0
6	86	14.0
6	87	17.0
6	88	11.0
6	89	13.0
6	90	8.0
6	91	21.0
6	92	17.0
6	93	13.0
6	94	20.0
6	95	14.0
6	96	15.0
6	97	9.0
6	98	17.0
6	99	13.0
6	100	19.0
6	101	18.0
6	102	19.0
6	103	16.0
6	104	16.0
6	105	13.0
6	106	16.0
6	107	21.0
6	108	23.0
6	109	20.0
6	110	26.0
6	111	21.0
6	112	23.0
6	113	18.0
6	114	13.0
6	115	26.0
6	116	17.0
6	117	20.0
6	118	33.0
6	119	24.0
6	120	20.0
6	121	21.0
6	122	28.0
7	8	73.0
7	9	35.0
7	10	40.0
7	11	46.0
7	12	28.0
7	13	19.0
7	14	23.0
7	15	16.0
7	16	28.0
7	17	38.0
7	18	35.0
7	19	24.0
7	20	20.0
7	21	17.0
7	22	18.0
7	23	23.0
7	24	15.0
7	25	22.0
7	26	12.0
7	27	16.0
7	28	17.0
7	29	19.0
7	30	12.0
7	31	15.0
7	32	15.0
7	33	13.0
7	34	8.0
7	35	10.0
7	36	9.0
7	37	9.0
7	38	7.0
7	39	12.0
7	40	14.0
7	41	9.0
7	42	5.0
7	43	15.0
7	44	13.0
7	45	10.0
7	46	9.0
7	47	10.0
7	48	19.0
7	49	16.0
7	50	28.0
7	51	24.0
7	52	18.0
7	53	19.0
7	54	22.0
7	55	13.0
7	56	12.0
7	57	18.0
7	58	19.0
7	59	21.0
7	60	20.0
7	61	22.0
7	62	21.0
7	63	18.0
7	64	10.0
7	65	12.0
7	66	15.0
7	67	23.0
7	68	18.0
7	69	27.0
7	70	36.0
7	71	29.0
7	72	32.0
7	73	19.0
7	74	20.0
7	75	23.0
7	76	24.0
7	77	26.0
7	78	26.0
7	79	22.0
7	80	21.0
7	81	15.0
7	82	11.0
7	83	18.0
7	84	20.0
7	85	19.0
7	86	13.0
7	87	12.0
7	88	21.0
7	89	17.0
7	90	12.0
7	91	13.0
7	92	17.0
7	93	24.0
7	94	19.0
7	95	21.0
7	96	10.0
7	97	12.0
7	98	14.0
7	99	12.0
7	100	19.0
7	101	15.0
7	102	11.0
7	103	16.0
7	104	18.0
7	105	23.0
7	106	15.0
7	107	28.0
7	108	25.0
7	109	33.0
7	110	21.0
7	111	30.0
7	112	22.0
7	113	15.0
7	114	25.0
7	115	34.0
7	116	31.0
7	117	28.0
7	118	30.0
7	119	21.0
7	120	14.0
7	121	32.0
7	122	28.0
8	9	74.0
8	10	103.0
8	11	98.0
8	12	40.0
8	13	31.0
8	14	28.0
8	15	27.0
8	16	32.0
8	17	26.0
8	18	25.0
8	19	39.0
8	20	39.0
8	21	19.0
8	22	20.0
8	23	22.0
8	24	16.0
8	25	11.0
8	26	14.0
8	27	8.0
8	28	20.0
8	29	16.0
8	30	11.0
8	31	16.0
8	32	9.0
8	33	9.0
8	34	9.0
8	35	10.0
8	36	11.0
8	37	9.0
8	38	8.0
8	39	10.0
8	40	13.0
8	41	15.0
8	42	11.0
8	43	12.0
8	44	10.0
8	45	12.0
8	46	11.0
8	47	15.0
8	48	15.0
8	49	17.0
8	50	18.0
8	51	23.0
8	52	17.0
8	53	21.0
8	54	19.0
8	55	9.0
8	56	11.0
8	57	16.0
8	58	20.0
8	59	22.0
8	60	18.0
8	61	19.0
8	62	15.0
8	63	23.0
8	64	19.0
8	65	18.0
8	66	9.0
8	67	16.0
8	68	19.0
8	69	11.0
8	70	25.0
8	71	19.0
8	72	26.0
8	73	20.0
8	74	18.0
8	75	20.0
8	76	15.0
8	77	27.0
8	78	19.0
8	79	14.0
8	80	15.0
8	81	24.0
8	82	14.0
8	83	23.0
8	84	16.0
8	85	15.0
8	86	17.0
8	87	16.0
8	88	14.0
8	89	18.0
8	90	22.0
8	91	14.0
8	92	12.0
8	93	21.0
8	94	19.0
8	95	21.0
8	96	14.0
8	97	9.0
8	98	15.0
8	99	11.0
8	100	20.0
8	101	15.0
8	102	18.0
8	103	17.0
8	104	25.0
8	105	27.0
8	106	15.0
8	107	18.0
8	108	23.0
8	109	27.0
8	110	26.0
8	111	28.0
8	112	26.0
8	113	25.0
8	114	28.0
8	115	25.0
8	116	29.0
8	117	20.0
8	118	19.0
8	119	30.0
8	120	44.0
8	121	35.0
8	122	41.0
9	10	116.0
9	11	71.0
9	12	59.0
9	13	44.0
9	14	29.0
9	15	40.0
9	16	36.0
9	17	26.0
9	18	25.0
9	19	25.0
9	20	31.0
9	21	23.0
9	22	25.0
9	23	20.0
9	24	25.0
9	25	18.0
9	26	18.0
9	27	14.0
9	28	15.0
9	29	16.0
9	30	10.0
9	31	13.0
9	32	11.0
9	33	5.0
9	34	11.0
9	35	8.0
9	36	13.0
9	37	11.0
9	38	10.0
9	39	8.0
9	40	5.0
9	41	11.0
9	42	11.0
9	43	14.0
9	44	9.0
9	45	14.0
9	46	12.0
9	47	12.0
9	48	24.0
9	49	24.0
9	50	24.0
9	51	16.0
9	52	17.0
9	53	21.0
9	54	17.0
9	55	18.0
9	56	17.0
9	57	15.0
9	58	14.0
9	59	25.0
9	60	21.0
9	61	17.0
9	62	15.0
9	63	16.0
9	64	14.0
9	65	9.0
9	66	9.0
9	67	19.0
9	68	17.0
9	69	11.0
9	70	15.0
9	71	13.0
9	72	29.0
9	73	24.0
9	74	20.0
9	75	19.0
9	76	16.0
9	77	27.0
9	78	18.0
9	79	27.0
9	80	11.0
9	81	23.0
9	82	20.0
9	83	21.0
9	84	19.0
9	85	16.0
9	86	16.0
9	87	14.0
9	88	17.0
9	89	20.0
9	90	20.0
9	91	16.0
9	92	16.0
9	93	14.0
9	94	22.0
9	95	13.0
9	96	18.0
9	97	15.0
9	98	12.0
9	99	14.0
9	100	17.0
9	101	18.0
9	102	16.0
9	103	20.0
9	104	30.0
9	105	23.0
9	106	18.0
9	107	26.0
9	108	28.0
9	109	32.0
9	110	26.0
9	111	22.0
9	112	28.0
9	113	29.0
9	114	35.0
9	115	24.0
9	116	15.0
9	117	29.0
9	118	19.0
9	119	23.0
9	120	60.0
9	121	26.0
9	122	39.0
10	11	181.0
10	12	78.0
10	13	48.0
10	14	37.0
10	15	45.0
10	16	45.0
10	17	25.0
10	18	41.0
10	19	38.0
10	20	29.0
10	21	28.0
10	22	16.0
10	23	26.0
10	24	23.0
10	25	18.0
10	26	15.0
10	27	13.0
10	28	14.0
10	29	15.0
10	30	16.0
10	31	5.0
10	32	10.0
10	33	5.0
10	34	10.0
10	35	8.0
10	36	10.0
10	37	7.0
10	38	6.0
10	39	13.0
10	40	8.0
10	41	10.0
10	42	10.0
10	43	11.0
10	44	11.0
10	45	11.0
10	46	9.0
10	47	13.0
10	48	13.0
10	49	18.0
10	50	20.0
10	51	17.0
10	52	28.0
10	53	14.0
10	54	16.0
10	55	18.0
10	56	21.0
10	57	14.0
10	58	30.0
10	59	29.0
10	60	19.0
10	61	27.0
10	62	20.0
10	63	7.0
10	64	8.0
10	65	9.0
10	66	18.0
10	67	20.0
10	68	14.0
10	69	17.0
10	70	21.0
10	71	16.0
10	72	18.0
10	73	27.0
10	74	13.0
10	75	27.0
10	76	24.0
10	77	21.0
10	78	21.0
10	79	11.0
10	80	22.0
10	81	15.0
10	82	18.0
10	83	12.0
10	84	19.0
10	85	14.0
10	86	17.0
10	87	9.0
10	88	16.0
10	89	12.0
10	90	18.0
10	91	19.0
10	92	20.0
10	93	8.0
10	94	16.0
10	95	16.0
10	96	6.0
10	97	14.0
10	98	17.0
10	99	9.0
10	100	19.0
10	101	25.0
10	102	18.0
10	103	15.0
10	104	22.0
10	105	21.0
10	106	22.0
10	107	20.0
10	108	15.0
10	109	20.0
10	110	22.0
10	111	18.0
10	112	22.0
10	113	27.0
10	114	26.0
10	115	22.0
10	116	25.0
10	117	23.0
10	118	32.0
10	119	36.0
10	120	37.0
10	121	32.0
10	122	33.0
11	12	75.0
11	13	33.0
11	14	35.0
11	15	38.0
11	16	35.0
11	17	38.0
11	18	47.0
11	19	44.0
11	20	28.0
11	21	25.0
11	22	41.0
11	23	21.0
11	24	15.0
11	25	19.0
11	26	22.0
11	27	9.0
11	28	26.0
11	29	21.0
11	30	25.0
11	31	12.0
11	32	8.0
11	33	10.0
11	34	12.0
11	35	7.0
11	36	12.0
11	37	7.0
11	38	7.0
11	39	14.0
11	40	14.0
11	41	11.0
11	42	11.0
11	43	12.0
11	44	10.0
11	45	14.0
11	46	19.0
11	47	13.0
11	48	17.0
11	49	22.0
11	50	17.0
11	51	10.0
11	52	27.0
11	53	18.0
11	54	22.0
11	55	20.0
11	56	19.0
11	57	25.0
11	58	23.0
11	59	15.0
11	60	23.0
11	61	12.0
11	62	11.0
11	63	11.0
11	64	18.0
11	65	17.0
11	66	15.0
11	67	20.0
11	68	20.0
11	69	22.0
11	70	29.0
11	71	29.0
11	72	21.0
11	73	30.0
11	74	28.0
11	75	17.0
11	76	24.0
11	77	23.0
11	78	20.0
11	79	19.0
11	80	19.0
11	81	18.0
11	82	20.0
11	83	16.0
11	84	13.0
11	85	20.0
11	86	14.0
11	87	15.0
11	88	9.0
11	89	9.0
11	90	20.0
11	91	11.0
11	92	9.0
11	93	15.0
11	94	18.0
11	95	17.0
11	96	25.0
11	97	15.0
11	98	13.0
11	99	11.0
11	100	16.0
11	101	27.0
11	102	18.0
11	103	15.0
11	104	14.0
11	105	21.0
11	106	22.0
11	107	20.0
11	108	15.0
11	109	25.0
11	110	21.0
11	111	21.0
11	112	15.0
11	113	22.0
11	114	23.0
11	115	20.0
11	116	22.0
11	117	26.0
11	118	41.0
11	119	24.0
11	120	28.0
11	121	25.0
11	122	31.0
12	13	73.0
12	14	112.0
12	15	68.0
12	16	84.0
12	17	56.0
12	18	48.0
12	19	47.0
12	20	38.0
12	21	34.0
12	22	18.0
12	23	39.0
12	24	22.0
12	25	22.0
12	26	8.0
12	27	13.0
12	28	20.0
12	29	17.0
12	30	10.0
12	31	7.0
12	32	11.0
12	33	12.0
12	34	4.0
12	35	7.0
12	36	6.0
12	37	6.0
12	38	8.0
12	39	7.0
12	40	16.0
12	41	12.0
12	42	6.0
12	43	16.0
12	44	8.0
12	45	5.0
12	46	15.0
12	47	9.0
12	48	12.0
12	49	24.0
12	50	22.0
12	51	19.0
12	52	19.0
12	53	22.0
12	54	19.0
12	55	11.0
12	56	18.0
12	57	15.0
12	58	23.0
12	59	22.0
12	60	18.0
12	61	17.0
12	62	11.0
12	63	14.0
12	64	21.0
12	65	14.0
12	66	5.0
12	67	21.0
12	68	17.0
12	69	29.0
12	70	19.0
12	71	21.0
12	72	22.0
12	73	26.0
12	74	13.0
12	75	15.0
12	76	25.0
12	77	17.0
12	78	16.0
12	79	19.0
12	80	16.0
12	81	17.0
12	82	18.0
12	83	15.0
12	84	19.0
12	85	14.0
12	86	16.0
12	87	15.0
12	88	10.0
12	89	16.0
12	90	13.0
12	91	15.0
12	92	7.0
12	93	15.0
12	94	12.0
12	95	15.0
12	96	15.0
12	97	11.0
12	98	8.0
12	99	8.0
12	100	18.0
12	101	20.0
12	102	8.0
12	103	11.0
12	104	17.0
12	105	14.0
12	106	13.0
12	107	24.0
12	108	21.0
12	109	12.0
12	110	11.0
12	111	14.0
12	112	20.0
12	113	20.0
12	114	21.0
12	115	18.0
12	116	25.0
12	117	19.0
12	118	14.0
12	119	22.0
12	120	21.0
12	121	18.0
12	122	20.0
13	14	244.0
13	15	94.0
13	16	47.0
13	17	58.0
13	18	46.0
13	19	39.0
13	20	38.0
13	21	36.0
13	22	18.0
13	23	38.0
13	24	26.0
13	25	12.0
13	26	22.0
13	27	18.0
13	28	15.0
13	29	20.0
13	30	12.0
13	31	12.0
13	32	11.0
13	33	9.0
13	34	8.0
13	35	10.0
13	36	9.0
13	37	12.0
13	38	6.0
13	39	12.0
13	40	9.0
13	41	15.0
13	42	10.0
13	43	11.0
13	44	10.0
13	45	9.0
13	46	13.0
13	47	12.0
13	48	26.0
13	49	14.0
13	50	22.0
13	51	22.0
13	52	29.0
13	53	23.0
13	54	13.0
13	55	20.0
13	56	21.0
13	57	13.0
13	58	16.0
13	59	19.0
13	60	14.0
13	61	12.0
13	62	16.0
13	63	13.0
13	64	9.0
13	65	8.0
13	66	15.0
13	67	12.0
13	68	17.0
13	69	15.0
13	70	7.0
13	71	14.0
13	72	11.0
13	73	9.0
13	74	11.0
13	75	18.0
13	76	19.0
13	77	15.0
13	78	12.0
13	79	16.0
13	80	12.0
13	81	15.0
13	82	13.0
13	83	18.0
13	84	15.0
13	85	11.0
13	86	8.0
13	87	4.0
13	88	11.0
13	89	14.0
13	90	25.0
13	91	12.0
13	92	15.0
13	93	12.0
13	94	4.0
13	95	12.0
13	96	7.0
13	97	12.0
13	98	11.0
13	99	9.0
13	100	13.0
13	101	13.0
13	102	17.0
13	103	11.0
13	104	14.0
13	105	14.0
13	106	20.0
13	107	10.0
13	108	13.0
13	109	13.0
13	110	18.0
13	111	15.0
13	112	16.0
13	113	11.0
13	114	13.0
13	115	22.0
13	116	15.0
13	117	25.0
13	118	16.0
13	119	11.0
13	120	15.0
13	121	17.0
13	122	20.0
14	15	130.0
14	16	68.0
14	17	50.0
14	18	51.0
14	19	62.0
14	20	36.0
14	21	35.0
14	22	37.0
14	23	27.0
14	24	25.0
14	25	29.0
14	26	17.0
14	27	5.0
14	28	16.0
14	29	22.0
14	30	21.0
14	31	13.0
14	32	3.0
14	33	11.0
14	34	11.0
14	35	13.0
14	36	6.0
14	37	8.0
14	38	10.0
14	39	8.0
14	40	9.0
14	41	14.0
14	42	11.0
14	43	18.0
14	44	10.0
14	45	9.0
14	46	15.0
14	47	14.0
14	48	15.0
14	49	20.0
14	50	22.0
14	51	21.0
14	52	24.0
14	53	24.0
14	54	24.0
14	55	15.0
14	56	18.0
14	57	20.0
14	58	25.0
14	59	22.0
14	60	16.0
14	61	25.0
14	62	17.0
14	63	10.0
14	64	14.0
14	65	14.0
14	66	13.0
14	67	12.0
14	68	16.0
14	69	12.0
14	70	15.0
14	71	24.0
14	72	12.0
14	73	12.0
14	74	19.0
14	75	21.0
14	76	17.0
14	77	23.0
14	78	13.0
14	79	18.0
14	80	14.0
14	81	14.0
14	82	12.0
14	83	16.0
14	84	7.0
14	85	11.0
14	86	15.0
14	87	19.0
14	88	12.0
14	89	9.0
14	90	15.0
14	91	10.0
14	92	12.0
14	93	12.0
14	94	8.0
14	95	13.0
14	96	7.0
14	97	11.0
14	98	14.0
14	99	12.0
14	100	16.0
14	101	13.0
14	102	15.0
14	103	16.0
14	104	22.0
14	105	8.0
14	106	15.0
14	107	11.0
14	108	23.0
14	109	14.0
14	110	15.0
14	111	12.0
14	112	10.0
14	113	10.0
14	114	21.0
14	115	15.0
14	116	17.0
14	117	16.0
14	118	18.0
14	119	14.0
14	120	25.0
14	121	19.0
14	122	24.0
15	16	69.0
15	17	51.0
15	18	62.0
15	19	76.0
15	20	48.0
15	21	38.0
15	22	26.0
15	23	31.0
15	24	20.0
15	25	31.0
15	26	20.0
15	27	14.0
15	28	14.0
15	29	18.0
15	30	9.0
15	31	16.0
15	32	13.0
15	33	9.0
15	34	7.0
15	35	6.0
15	36	7.0
15	37	6.0
15	38	11.0
15	39	8.0
15	40	12.0
15	41	5.0
15	42	12.0
15	43	14.0
15	44	11.0
15	45	11.0
15	46	16.0
15	47	20.0
15	48	20.0
15	49	16.0
15	50	13.0
15	51	27.0
15	52	22.0
15	53	28.0
15	54	15.0
15	55	16.0
15	56	17.0
15	57	15.0
15	58	17.0
15	59	18.0
15	60	15.0
15	61	20.0
15	62	18.0
15	63	12.0
15	64	9.0
15	65	14.0
15	66	14.0
15	67	23.0
15	68	13.0
15	69	20.0
15	70	25.0
15	71	12.0
15	72	16.0
15	73	16.0
15	74	19.0
15	75	7.0
15	76	15.0
15	77	15.0
15	78	12.0
15	79	5.0
15	80	16.0
15	81	16.0
15	82	11.0
15	83	15.0
15	84	22.0
15	85	10.0
15	86	11.0
15	87	13.0
15	88	19.0
15	89	10.0
15	90	6.0
15	91	16.0
15	92	14.0
15	93	11.0
15	94	13.0
15	95	11.0
15	96	13.0
15	97	11.0
15	98	15.0
15	99	15.0
15	100	9.0
15	101	11.0
15	102	13.0
15	103	9.0
15	104	11.0
15	105	14.0
15	106	16.0
15	107	8.0
15	108	15.0
15	109	10.0
15	110	8.0
15	111	16.0
15	112	8.0
15	113	13.0
15	114	10.0
15	115	18.0
15	116	12.0
15	117	18.0
15	118	18.0
15	119	19.0
15	120	19.0
15	121	21.0
15	122	15.0
16	17	308.0
16	18	181.0
16	19	236.0
16	20	87.0
16	21	55.0
16	22	51.0
16	23	49.0
16	24	35.0
16	25	30.0
16	26	28.0
16	27	23.0
16	28	16.0
16	29	23.0
16	30	15.0
16	31	18.0
16	32	9.0
16	33	10.0
16	34	3.0
16	35	7.0
16	36	12.0
16	37	8.0
16	38	6.0
16	39	13.0
16	40	22.0
16	41	18.0
16	42	12.0
16	43	8.0
16	44	9.0
16	45	15.0
16	46	19.0
16	47	22.0
16	48	29.0
16	49	31.0
16	50	23.0
16	51	19.0
16	52	35.0
16	53	24.0
16	54	24.0
16	55	21.0
16	56	12.0
16	57	32.0
16	58	20.0
16	59	15.0
16	60	20.0
16	61	22.0
16	62	13.0
16	63	15.0
16	64	15.0
16	65	20.0
16	66	14.0
16	67	15.0
16	68	11.0
16	69	8.0
16	70	28.0
16	71	16.0
16	72	18.0
16	73	12.0
16	74	19.0
16	75	18.0
16	76	16.0
16	77	12.0
16	78	21.0
16	79	13.0
16	80	14.0
16	81	17.0
16	82	11.0
16	83	15.0
16	84	9.0
16	85	7.0
16	86	13.0
16	87	8.0
16	88	14.0
16	89	17.0
16	90	15.0
16	91	9.0
16	92	10.0
16	93	13.0
16	94	13.0
16	95	16.0
16	96	13.0
16	97	11.0
16	98	15.0
16	99	13.0
16	100	11.0
16	101	18.0
16	102	7.0
16	103	11.0
16	104	13.0
16	105	15.0
16	106	13.0
16	107	13.0
16	108	12.0
16	109	11.0
16	110	15.0
16	111	17.0
16	112	27.0
16	113	17.0
16	114	12.0
16	115	15.0
16	116	15.0
16	117	17.0
16	118	18.0
16	119	24.0
16	120	22.0
16	121	24.0
16	122	19.0
17	18	231.0
17	19	244.0
17	20	119.0
17	21	52.0
17	22	70.0
17	23	66.0
17	24	44.0
17	25	21.0
17	26	25.0
17	27	19.0
17	28	18.0
17	29	23.0
17	30	11.0
17	31	13.0
17	32	11.0
17	33	15.0
17	34	9.0
17	35	3.0
17	36	7.0
17	37	13.0
17	38	14.0
17	39	8.0
17	40	14.0
17	41	10.0
17	42	7.0
17	43	12.0
17	44	11.0
17	45	16.0
17	46	18.0
17	47	25.0
17	48	26.0
17	49	38.0
17	50	21.0
17	51	29.0
17	52	36.0
17	53	31.0
17	54	31.0
17	55	40.0
17	56	24.0
17	57	21.0
17	58	18.0
17	59	21.0
17	60	24.0
17	61	20.0
17	62	18.0
17	63	12.0
17	64	19.0
17	65	8.0
17	66	7.0
17	67	19.0
17	68	22.0
17	69	25.0
17	70	25.0
17	71	19.0
17	72	23.0
17	73	19.0
17	74	18.0
17	75	17.0
17	76	16.0
17	77	10.0
17	78	17.0
17	79	28.0
17	80	17.0
17	81	12.0
17	82	10.0
17	83	9.0
17	84	16.0
17	85	10.0
17	86	8.0
17	87	10.0
17	88	7.0
17	89	9.0
17	90	12.0
17	91	14.0
17	92	10.0
17	93	11.0
17	94	13.0
17	95	11.0
17	96	8.0
17	97	13.0
17	98	14.0
17	99	13.0
17	100	14.0
17	101	10.0
17	102	9.0
17	103	15.0
17	104	12.0
17	105	15.0
17	106	12.0
17	107	19.0
17	108	18.0
17	109	17.0
17	110	13.0
17	111	13.0
17	112	10.0
17	113	12.0
17	114	12.0
17	115	12.0
17	116	15.0
17	117	22.0
17	118	9.0
17	119	20.0
17	120	22.0
17	121	25.0
17	122	17.0
18	19	123.0
18	20	79.0
18	21	71.0
18	22	48.0
18	23	61.0
18	24	29.0
18	25	39.0
18	26	27.0
18	27	21.0
18	28	18.0
18	29	19.0
18	30	24.0
18	31	15.0
18	32	14.0
18	33	9.0
18	34	16.0
18	35	9.0
18	36	8.0
18	37	6.0
18	38	14.0
18	39	9.0
18	40	17.0
18	41	9.0
18	42	13.0
18	43	12.0
18	44	12.0
18	45	17.0
18	46	21.0
18	47	29.0
18	48	26.0
18	49	31.0
18	50	28.0
18	51	19.0
18	52	37.0
18	53	32.0
18	54	19.0
18	55	19.0
18	56	21.0
18	57	21.0
18	58	18.0
18	59	25.0
18	60	23.0
18	61	17.0
18	62	15.0
18	63	13.0
18	64	19.0
18	65	12.0
18	66	18.0
18	67	12.0
18	68	13.0
18	69	23.0
18	70	19.0
18	71	19.0
18	72	19.0
18	73	15.0
18	74	22.0
18	75	14.0
18	76	21.0
18	77	19.0
18	78	15.0
18	79	21.0
18	80	18.0
18	81	21.0
18	82	17.0
18	83	13.0
18	84	14.0
18	85	10.0
18	86	18.0
18	87	11.0
18	88	10.0
18	89	10.0
18	90	14.0
18	91	13.0
18	92	10.0
18	93	9.0
18	94	14.0
18	95	6.0
18	96	15.0
18	97	13.0
18	98	12.0
18	99	11.0
18	100	10.0
18	101	10.0
18	102	14.0
18	103	12.0
18	104	12.0
18	105	14.0
18	106	14.0
18	107	13.0
18	108	18.0
18	109	17.0
18	110	11.0
18	111	19.0
18	112	16.0
18	113	18.0
18	114	18.0
18	115	21.0
18	116	19.0
18	117	19.0
18	118	17.0
18	119	20.0
18	120	23.0
18	121	24.0
18	122	14.0
19	20	87.0
19	21	71.0
19	22	50.0
19	23	49.0
19	24	34.0
19	25	40.0
19	26	28.0
19	27	23.0
19	28	25.0
19	29	26.0
19	30	23.0
19	31	10.0
19	32	9.0
19	33	13.0
19	34	9.0
19	35	3.0
19	36	9.0
19	37	7.0
19	38	4.0
19	39	6.0
19	40	13.0
19	41	15.0
19	42	12.0
19	43	14.0
19	44	9.0
19	45	12.0
19	46	15.0
19	47	18.0
19	48	25.0
19	49	30.0
19	50	31.0
19	51	27.0
19	52	26.0
19	53	29.0
19	54	25.0
19	55	20.0
19	56	18.0
19	57	25.0
19	58	20.0
19	59	21.0
19	60	16.0
19	61	25.0
19	62	17.0
19	63	17.0
19	64	11.0
19	65	16.0
19	66	14.0
19	67	23.0
19	68	11.0
19	69	16.0
19	70	19.0
19	71	21.0
19	72	17.0
19	73	20.0
19	74	21.0
19	75	15.0
19	76	20.0
19	77	19.0
19	78	19.0
19	79	16.0
19	80	12.0
19	81	18.0
19	82	21.0
19	83	11.0
19	84	20.0
19	85	13.0
19	86	9.0
19	87	12.0
19	88	9.0
19	89	7.0
19	90	17.0
19	91	18.0
19	92	11.0
19	93	6.0
19	94	10.0
19	95	12.0
19	96	8.0
19	97	17.0
19	98	7.0
19	99	10.0
19	100	11.0
19	101	10.0
19	102	8.0
19	103	11.0
19	104	9.0
19	105	6.0
19	106	14.0
19	107	14.0
19	108	15.0
19	109	12.0
19	110	18.0
19	111	15.0
19	112	13.0
19	113	16.0
19	114	20.0
19	115	12.0
19	116	16.0
19	117	24.0
19	118	13.0
19	119	15.0
19	120	16.0
19	121	17.0
19	122	14.0
20	21	133.0
20	22	109.0
20	23	76.0
20	24	42.0
20	25	41.0
20	26	26.0
20	27	22.0
20	28	25.0
20	29	30.0
20	30	24.0
20	31	8.0
20	32	14.0
20	33	12.0
20	34	9.0
20	35	12.0
20	36	10.0
20	37	9.0
20	38	5.0
20	39	6.0
20	40	24.0
20	41	20.0
20	42	16.0
20	43	15.0
20	44	15.0
20	45	16.0
20	46	18.0
20	47	27.0
20	48	26.0
20	49	30.0
20	50	36.0
20	51	34.0
20	52	32.0
20	53	41.0
20	54	40.0
20	55	20.0
20	56	25.0
20	57	21.0
20	58	23.0
20	59	24.0
20	60	18.0
20	61	22.0
20	62	15.0
20	63	23.0
20	64	20.0
20	65	16.0
20	66	16.0
20	67	15.0
20	68	14.0
20	69	14.0
20	70	17.0
20	71	27.0
20	72	17.0
20	73	19.0
20	74	9.0
20	75	14.0
20	76	16.0
20	77	22.0
20	78	11.0
20	79	12.0
20	80	10.0
20	81	15.0
20	82	13.0
20	83	19.0
20	84	17.0
20	85	17.0
20	86	14.0
20	87	5.0
20	88	3.0
20	89	14.0
20	90	16.0
20	91	9.0
20	92	9.0
20	93	9.0
20	94	6.0
20	95	13.0
20	96	11.0
20	97	8.0
20	98	8.0
20	99	17.0
20	100	9.0
20	101	12.0
20	102	14.0
20	103	3.0
20	104	11.0
20	105	8.0
20	106	12.0
20	107	15.0
20	108	9.0
20	109	13.0
20	110	12.0
20	111	12.0
20	112	12.0
20	113	16.0
20	114	13.0
20	115	20.0
20	116	14.0
20	117	10.0
20	118	12.0
20	119	21.0
20	120	22.0
20	121	12.0
20	122	23.0
21	22	121.0
21	23	80.0
21	24	76.0
21	25	52.0
21	26	40.0
21	27	25.0
21	28	22.0
21	29	22.0
21	30	28.0
21	31	17.0
21	32	17.0
21	33	10.0
21	34	12.0
21	35	11.0
21	36	10.0
21	37	8.0
21	38	11.0
21	39	8.0
21	40	11.0
21	41	23.0
21	42	17.0
21	43	12.0
21	44	18.0
21	45	13.0
21	46	27.0
21	47	18.0
21	48	33.0
21	49	42.0
21	50	17.0
21	51	25.0
21	52	44.0
21	53	42.0
21	54	27.0
21	55	14.0
21	56	26.0
21	57	27.0
21	58	26.0
21	59	13.0
21	60	22.0
21	61	11.0
21	62	22.0
21	63	20.0
21	64	13.0
21	65	21.0
21	66	9.0
21	67	15.0
21	68	15.0
21	69	15.0
21	70	19.0
21	71	14.0
21	72	20.0
21	73	21.0
21	74	11.0
21	75	20.0
21	76	17.0
21	77	11.0
21	78	9.0
21	79	12.0
21	80	20.0
21	81	15.0
21	82	12.0
21	83	9.0
21	84	12.0
21	85	11.0
21	86	13.0
21	87	12.0
21	88	14.0
21	89	9.0
21	90	17.0
21	91	14.0
21	92	11.0
21	93	9.0
21	94	10.0
21	95	10.0
21	96	13.0
21	97	8.0
21	98	13.0
21	99	10.0
21	100	8.0
21	101	7.0
21	102	8.0
21	103	10.0
21	104	5.0
21	105	11.0
21	106	9.0
21	107	10.0
21	108	13.0
21	109	9.0
21	110	10.0
21	111	13.0
21	112	8.0
21	113	8.0
21	114	11.0
21	115	14.0
21	116	13.0
21	117	14.0
21	118	10.0
21	119	19.0
21	120	8.0
21	121	12.0
21	122	7.0
22	23	180.0
22	24	141.0
22	25	62.0
22	26	46.0
22	27	29.0
22	28	32.0
22	29	37.0
22	30	24.0
22	31	14.0
22	32	13.0
22	33	10.0
22	34	6.0
22	35	9.0
22	36	12.0
22	37	12.0
22	38	15.0
22	39	11.0
22	40	15.0
22	41	17.0
22	42	14.0
22	43	17.0
22	44	13.0
22	45	15.0
22	46	14.0
22	47	28.0
22	48	40.0
22	49	28.0
22	50	31.0
22	51	37.0
22	52	42.0
22	53	40.0
22	54	30.0
22	55	22.0
22	56	24.0
22	57	18.0
22	58	17.0
22	59	27.0
22	60	18.0
22	61	10.0
22	62	17.0
22	63	15.0
22	64	14.0
22	65	17.0
22	66	16.0
22	67	22.0
22	68	14.0
22	69	15.0
22	70	11.0
22	71	12.0
22	72	13.0
22	73	18.0
22	74	21.0
22	75	16.0
22	76	14.0
22	77	15.0
22	78	11.0
22	79	11.0
22	80	10.0
22	81	16.0
22	82	14.0
22	83	5.0
22	84	14.0
22	85	19.0
22	86	7.0
22	87	12.0
22	88	8.0
22	89	9.0
22	90	12.0
22	91	17.0
22	92	7.0
22	93	14.0
22	94	12.0
22	95	8.0
22	96	17.0
22	97	10.0
22	98	13.0
22	99	13.0
22	100	9.0
22	101	9.0
22	102	9.0
22	103	5.0
22	104	7.0
22	105	12.0
22	106	13.0
22	107	14.0
22	108	8.0
22	109	14.0
22	110	9.0
22	111	13.0
22	112	11.0
22	113	13.0
22	114	14.0
22	115	12.0
22	116	12.0
22	117	11.0
22	118	21.0
22	119	10.0
22	120	10.0
22	121	12.0
22	122	9.0
23	24	153.0
23	25	58.0
23	26	24.0
23	27	22.0
23	28	18.0
23	29	42.0
23	30	29.0
23	31	17.0
23	32	11.0
23	33	14.0
23	34	7.0
23	35	11.0
23	36	11.0
23	37	15.0
23	38	10.0
23	39	14.0
23	40	23.0
23	41	16.0
23	42	19.0
23	43	10.0
23	44	19.0
23	45	12.0
23	46	13.0
23	47	12.0
23	48	21.0
23	49	27.0
23	50	31.0
23	51	26.0
23	52	26.0
23	53	27.0
23	54	18.0
23	55	24.0
23	56	15.0
23	57	22.0
23	58	14.0
23	59	22.0
23	60	8.0
23	61	5.0
23	62	23.0
23	63	14.0
23	64	8.0
23	65	27.0
23	66	16.0
23	67	13.0
23	68	16.0
23	69	8.0
23	70	13.0
23	71	16.0
23	72	14.0
23	73	21.0
23	74	17.0
23	75	12.0
23	76	17.0
23	77	11.0
23	78	9.0
23	79	9.0
23	80	5.0
23	81	19.0
23	82	9.0
23	83	16.0
23	84	14.0
23	85	15.0
23	86	12.0
23	87	5.0
23	88	8.0
23	89	8.0
23	90	11.0
23	91	13.0
23	92	5.0
23	93	14.0
23	94	13.0
23	95	10.0
23	96	7.0
23	97	6.0
23	98	13.0
23	99	6.0
23	100	13.0
23	101	12.0
23	102	12.0
23	103	9.0
23	104	9.0
23	105	7.0
23	106	13.0
23	107	11.0
23	108	13.0
23	109	11.0
23	110	17.0
23	111	14.0
23	112	9.0
23	113	9.0
23	114	14.0
23	115	14.0
23	116	15.0
23	117	9.0
23	118	18.0
23	119	15.0
23	120	15.0
23	121	13.0
23	122	11.0
24	25	68.0
24	26	43.0
24	27	46.0
24	28	40.0
24	29	29.0
24	30	31.0
24	31	24.0
24	32	15.0
24	33	19.0
24	34	9.0
24	35	10.0
24	36	11.0
24	37	10.0
24	38	16.0
24	39	17.0
24	40	19.0
24	41	15.0
24	42	19.0
24	43	19.0
24	44	14.0
24	45	14.0
24	46	26.0
24	47	31.0
24	48	33.0
24	49	32.0
24	50	27.0
24	51	40.0
24	52	31.0
24	53	29.0
24	54	28.0
24	55	17.0
24	56	20.0
24	57	19.0
24	58	19.0
24	59	16.0
24	60	14.0
24	61	16.0
24	62	13.0
24	63	17.0
24	64	15.0
24	65	9.0
24	66	16.0
24	67	18.0
24	68	19.0
24	69	6.0
24	70	12.0
24	71	16.0
24	72	17.0
24	73	14.0
24	74	17.0
24	75	7.0
24	76	13.0
24	77	15.0
24	78	12.0
24	79	10.0
24	80	10.0
24	81	8.0
24	82	11.0
24	83	10.0
24	84	9.0
24	85	18.0
24	86	6.0
24	87	7.0
24	88	9.0
24	89	5.0
24	90	13.0
24	91	11.0
24	92	4.0
24	93	15.0
24	94	9.0
24	95	10.0
24	96	10.0
24	97	9.0
24	98	11.0
24	99	12.0
24	100	12.0
24	101	13.0
24	102	12.0
24	103	11.0
24	104	6.0
24	105	13.0
24	106	10.0
24	107	15.0
24	108	10.0
24	109	10.0
24	110	13.0
24	111	9.0
24	112	13.0
24	113	10.0
24	114	15.0
24	115	14.0
24	116	5.0
24	117	14.0
24	118	16.0
24	119	7.0
24	120	18.0
24	121	14.0
24	122	15.0
25	26	79.0
25	27	61.0
25	28	42.0
25	29	55.0
25	30	48.0
25	31	21.0
25	32	23.0
25	33	13.0
25	34	13.0
25	35	9.0
25	36	10.0
25	37	12.0
25	38	20.0
25	39	17.0
25	40	20.0
25	41	20.0
25	42	20.0
25	43	13.0
25	44	27.0
25	45	13.0
25	46	26.0
25	47	29.0
25	48	51.0
25	49	48.0
25	50	30.0
25	51	41.0
25	52	43.0
25	53	25.0
25	54	31.0
25	55	28.0
25	56	26.0
25	57	15.0
25	58	19.0
25	59	18.0
25	60	19.0
25	61	22.0
25	62	20.0
25	63	13.0
25	64	14.0
25	65	19.0
25	66	17.0
25	67	16.0
25	68	14.0
25	69	12.0
25	70	13.0
25	71	18.0
25	72	16.0
25	73	20.0
25	74	11.0
25	75	13.0
25	76	14.0
25	77	10.0
25	78	10.0
25	79	15.0
25	80	11.0
25	81	12.0
25	82	8.0
25	83	9.0
25	84	8.0
25	85	14.0
25	86	7.0
25	87	13.0
25	88	12.0
25	89	12.0
25	90	15.0
25	91	15.0
25	92	9.0
25	93	8.0
25	94	17.0
25	95	6.0
25	96	10.0
25	97	11.0
25	98	10.0
25	99	10.0
25	100	11.0
25	101	9.0
25	102	5.0
25	103	5.0
25	104	4.0
25	105	12.0
25	106	11.0
25	107	14.0
25	108	12.0
25	109	10.0
25	110	8.0
25	111	10.0
25	112	11.0
25	113	7.0
25	114	15.0
25	115	17.0
25	116	10.0
25	117	11.0
25	118	12.0
25	119	8.0
25	120	14.0
25	121	11.0
25	122	11.0
26	27	107.0
26	28	52.0
26	29	50.0
26	30	29.0
26	31	26.0
26	32	12.0
26	33	16.0
26	34	7.0
26	35	6.0
26	36	11.0
26	37	11.0
26	38	14.0
26	39	20.0
26	40	22.0
26	41	25.0
26	42	21.0
26	43	14.0
26	44	18.0
26	45	26.0
26	46	39.0
26	47	42.0
26	48	75.0
26	49	49.0
26	50	35.0
26	51	58.0
26	52	57.0
26	53	31.0
26	54	37.0
26	55	25.0
26	56	28.0
26	57	29.0
26	58	27.0
26	59	23.0
26	60	22.0
26	61	25.0
26	62	15.0
26	63	15.0
26	64	12.0
26	65	13.0
26	66	11.0
26	67	16.0
26	68	13.0
26	69	10.0
26	70	9.0
26	71	22.0
26	72	18.0
26	73	16.0
26	74	14.0
26	75	13.0
26	76	16.0
26	77	16.0
26	78	12.0
26	79	15.0
26	80	11.0
26	81	17.0
26	82	12.0
26	83	7.0
26	84	11.0
26	85	14.0
26	86	15.0
26	87	5.0
26	88	12.0
26	89	9.0
26	90	6.0
26	91	11.0
26	92	10.0
26	93	9.0
26	94	8.0
26	95	10.0
26	96	13.0
26	97	5.0
26	98	10.0
26	99	9.0
26	100	7.0
26	101	4.0
26	102	8.0
26	103	11.0
26	104	7.0
26	105	5.0
26	106	6.0
26	107	10.0
26	108	11.0
26	109	11.0
26	110	9.0
26	111	10.0
26	112	5.0
26	113	11.0
26	114	14.0
26	115	11.0
26	116	17.0
26	117	10.0
26	118	14.0
26	119	5.0
26	120	6.0
26	121	9.0
26	122	11.0
27	28	61.0
27	29	40.0
27	30	45.0
27	31	18.0
27	32	14.0
27	33	14.0
27	34	8.0
27	35	15.0
27	36	9.0
27	37	13.0
27	38	12.0
27	39	23.0
27	40	30.0
27	41	22.0
27	42	30.0
27	43	26.0
27	44	30.0
27	45	27.0
27	46	36.0
27	47	42.0
27	48	56.0
27	49	39.0
27	50	27.0
27	51	47.0
27	52	45.0
27	53	38.0
27	54	30.0
27	55	18.0
27	56	27.0
27	57	30.0
27	58	19.0
27	59	22.0
27	60	18.0
27	61	21.0
27	62	15.0
27	63	15.0
27	64	11.0
27	65	16.0
27	66	16.0
27	67	16.0
27	68	12.0
27	69	20.0
27	70	7.0
27	71	11.0
27	72	14.0
27	73	15.0
27	74	11.0
27	75	13.0
27	76	17.0
27	77	11.0
27	78	16.0
27	79	18.0
27	80	12.0
27	81	8.0
27	82	9.0
27	83	11.0
27	84	10.0
27	85	13.0
27	86	14.0
27	87	6.0
27	88	11.0
27	89	13.0
27	90	13.0
27	91	15.0
27	92	6.0
27	93	8.0
27	94	8.0
27	95	3.0
27	96	5.0
27	97	10.0
27	98	10.0
27	99	3.0
27	100	8.0
27	101	9.0
27	102	9.0
27	103	7.0
27	104	9.0
27	105	14.0
27	106	11.0
27	107	7.0
27	108	11.0
27	109	12.0
27	110	6.0
27	111	9.0
27	112	7.0
27	113	8.0
27	114	14.0
27	115	11.0
27	116	10.0
27	117	13.0
27	118	8.0
27	119	9.0
27	120	18.0
27	121	14.0
27	122	10.0
28	29	123.0
28	30	74.0
28	31	36.0
28	32	27.0
28	33	15.0
28	34	22.0
28	35	11.0
28	36	19.0
28	37	18.0
28	38	15.0
28	39	14.0
28	40	41.0
28	41	48.0
28	42	34.0
28	43	25.0
28	44	19.0
28	45	24.0
28	46	28.0
28	47	22.0
28	48	27.0
28	49	33.0
28	50	25.0
28	51	36.0
28	52	22.0
28	53	20.0
28	54	20.0
28	55	18.0
28	56	19.0
28	57	21.0
28	58	18.0
28	59	15.0
28	60	12.0
28	61	10.0
28	62	16.0
28	63	17.0
28	64	15.0
28	65	11.0
28	66	14.0
28	67	12.0
28	68	7.0
28	69	12.0
28	70	11.0
28	71	17.0
28	72	17.0
28	73	14.0
28	74	9.0
28	75	8.0
28	76	11.0
28	77	20.0
28	78	9.0
28	79	7.0
28	80	16.0
28	81	10.0
28	82	14.0
28	83	12.0
28	84	11.0
28	85	20.0
28	86	5.0
28	87	13.0
28	88	5.0
28	89	13.0
28	90	7.0
28	91	14.0
28	92	5.0
28	93	13.0
28	94	11.0
28	95	12.0
28	96	4.0
28	97	10.0
28	98	9.0
28	99	9.0
28	100	12.0
28	101	15.0
28	102	9.0
28	103	7.0
28	104	9.0
28	105	8.0
28	106	11.0
28	107	6.0
28	108	11.0
28	109	8.0
28	110	11.0
28	111	7.0
28	112	8.0
28	113	6.0
28	114	15.0
28	115	14.0
28	116	12.0
28	117	14.0
28	118	13.0
28	119	11.0
28	120	9.0
28	121	17.0
28	122	12.0
29	30	97.0
29	31	33.0
29	32	31.0
29	33	18.0
29	34	20.0
29	35	9.0
29	36	12.0
29	37	12.0
29	38	19.0
29	39	18.0
29	40	37.0
29	41	33.0
29	42	33.0
29	43	26.0
29	44	20.0
29	45	21.0
29	46	25.0
29	47	18.0
29	48	22.0
29	49	28.0
29	50	27.0
29	51	27.0
29	52	28.0
29	53	24.0
29	54	18.0
29	55	20.0
29	56	12.0
29	57	22.0
29	58	24.0
29	59	15.0
29	60	26.0
29	61	14.0
29	62	15.0
29	63	15.0
29	64	12.0
29	65	16.0
29	66	7.0
29	67	13.0
29	68	14.0
29	69	16.0
29	70	20.0
29	71	14.0
29	72	9.0
29	73	16.0
29	74	7.0
29	75	6.0
29	76	18.0
29	77	11.0
29	78	12.0
29	79	3.0
29	80	14.0
29	81	9.0
29	82	9.0
29	83	9.0
29	84	13.0
29	85	10.0
29	86	11.0
29	87	11.0
29	88	6.0
29	89	13.0
29	90	4.0
29	91	11.0
29	92	6.0
29	93	8.0
29	94	9.0
29	95	8.0
29	96	6.0
29	97	11.0
29	98	8.0
29	99	5.0
29	100	9.0
29	101	7.0
29	102	8.0
29	103	7.0
29	104	5.0
29	105	10.0
29	106	11.0
29	107	10.0
29	108	6.0
29	109	11.0
29	110	10.0
29	111	2.0
29	112	14.0
29	113	6.0
29	114	11.0
29	115	8.0
29	116	12.0
29	117	8.0
29	118	10.0
29	119	7.0
29	120	11.0
29	121	8.0
29	122	12.0
30	31	76.0
30	32	32.0
30	33	20.0
30	34	16.0
30	35	16.0
30	36	9.0
30	37	9.0
30	38	22.0
30	39	27.0
30	40	46.0
30	41	41.0
30	42	34.0
30	43	23.0
30	44	28.0
30	45	21.0
30	46	19.0
30	47	15.0
30	48	27.0
30	49	26.0
30	50	29.0
30	51	25.0
30	52	23.0
30	53	18.0
30	54	11.0
30	55	12.0
30	56	21.0
30	57	21.0
30	58	18.0
30	59	19.0
30	60	12.0
30	61	10.0
30	62	14.0
30	63	8.0
30	64	12.0
30	65	11.0
30	66	15.0
30	67	12.0
30	68	6.0
30	69	18.0
30	70	12.0
30	71	7.0
30	72	9.0
30	73	12.0
30	74	17.0
30	75	10.0
30	76	13.0
30	77	7.0
30	78	9.0
30	79	9.0
30	80	12.0
30	81	7.0
30	82	10.0
30	83	6.0
30	84	10.0
30	85	9.0
30	86	12.0
30	87	9.0
30	88	6.0
30	89	7.0
30	90	10.0
30	91	3.0
30	92	12.0
30	93	6.0
30	94	10.0
30	95	7.0
30	96	10.0
30	97	9.0
30	98	6.0
30	99	11.0
30	100	9.0
30	101	7.0
30	102	8.0
30	103	11.0
30	104	12.0
30	105	13.0
30	106	8.0
30	107	6.0
30	108	5.0
30	109	13.0
30	110	1.0
30	111	8.0
30	112	6.0
30	113	8.0
30	114	5.0
30	115	13.0
30	116	14.0
30	117	10.0
30	118	10.0
30	119	7.0
30	120	4.0
30	121	12.0
30	122	5.0
31	32	57.0
31	33	37.0
31	34	18.0
31	35	26.0
31	36	21.0
31	37	24.0
31	38	33.0
31	39	41.0
31	40	52.0
31	41	52.0
31	42	36.0
31	43	25.0
31	44	23.0
31	45	10.0
31	46	7.0
31	47	19.0
31	48	13.0
31	49	14.0
31	50	22.0
31	51	20.0
31	52	20.0
31	53	16.0
31	54	12.0
31	55	15.0
31	56	9.0
31	57	22.0
31	58	11.0
31	59	13.0
31	60	16.0
31	61	19.0
31	62	8.0
31	63	9.0
31	64	8.0
31	65	13.0
31	66	8.0
31	67	14.0
31	68	14.0
31	69	7.0
31	70	10.0
31	71	4.0
31	72	8.0
31	73	13.0
31	74	10.0
31	75	12.0
31	76	6.0
31	77	9.0
31	78	4.0
31	79	4.0
31	80	12.0
31	81	13.0
31	82	6.0
31	83	6.0
31	84	7.0
31	85	7.0
31	86	6.0
31	87	11.0
31	88	9.0
31	89	5.0
31	90	9.0
31	91	8.0
31	92	5.0
31	93	14.0
31	94	8.0
31	95	5.0
31	96	5.0
31	97	4.0
31	98	11.0
31	99	14.0
31	100	10.0
31	101	7.0
31	102	7.0
31	103	8.0
31	104	10.0
31	105	6.0
31	106	6.0
31	107	6.0
31	108	4.0
31	109	15.0
31	110	4.0
31	111	8.0
31	112	12.0
31	113	9.0
31	114	4.0
31	115	13.0
31	116	10.0
31	117	12.0
31	118	8.0
31	119	10.0
31	120	16.0
31	121	9.0
31	122	6.0
32	33	52.0
32	34	34.0
32	35	19.0
32	36	28.0
32	37	38.0
32	38	45.0
32	39	106.0
32	40	71.0
32	41	42.0
32	42	25.0
32	43	22.0
32	44	18.0
32	45	15.0
32	46	17.0
32	47	11.0
32	48	12.0
32	49	19.0
32	50	14.0
32	51	22.0
32	52	13.0
32	53	16.0
32	54	13.0
32	55	12.0
32	56	9.0
32	57	15.0
32	58	20.0
32	59	10.0
32	60	12.0
32	61	6.0
32	62	9.0
32	63	4.0
32	64	13.0
32	65	9.0
32	66	7.0
32	67	14.0
32	68	15.0
32	69	11.0
32	70	4.0
32	71	12.0
32	72	15.0
32	73	12.0
32	74	9.0
32	75	7.0
32	76	10.0
32	77	6.0
32	78	14.0
32	79	7.0
32	80	10.0
32	81	8.0
32	82	8.0
32	83	7.0
32	84	4.0
32	85	11.0
32	86	2.0
32	87	6.0
32	88	3.0
32	89	3.0
32	90	7.0
32	91	8.0
32	92	5.0
32	93	6.0
32	94	9.0
32	95	10.0
32	96	5.0
32	97	6.0
32	98	8.0
32	99	5.0
32	100	8.0
32	101	6.0
32	102	5.0
32	103	7.0
32	104	9.0
32	105	7.0
32	106	6.0
32	107	4.0
32	108	6.0
32	109	9.0
32	110	4.0
32	111	10.0
32	112	6.0
32	113	4.0
32	114	6.0
32	115	10.0
32	116	11.0
32	117	10.0
32	118	6.0
32	119	9.0
32	120	7.0
32	121	7.0
32	122	9.0
33	34	62.0
33	35	34.0
33	36	33.0
33	37	52.0
33	38	271.0
33	39	78.0
33	40	38.0
33	41	26.0
33	42	25.0
33	43	18.0
33	44	21.0
33	45	14.0
33	46	9.0
33	47	21.0
33	48	7.0
33	49	12.0
33	50	10.0
33	51	14.0
33	52	13.0
33	53	8.0
33	54	10.0
33	55	7.0
33	56	10.0
33	57	10.0
33	58	10.0
33	59	11.0
33	60	9.0
33	61	11.0
33	62	12.0
33	63	11.0
33	64	12.0
33	65	16.0
33	66	18.0
33	67	9.0
33	68	7.0
33	69	12.0
33	70	4.0
33	71	8.0
33	72	11.0
33	73	12.0
33	74	9.0
33	75	4.0
33	76	6.0
33	77	3.0
33	78	9.0
33	79	6.0
33	80	6.0
33	81	7.0
33	82	8.0
33	83	9.0
33	84	10.0
33	85	7.0
33	86	8.0
33	87	5.0
33	88	8.0
33	89	5.0
33	90	4.0
33	91	4.0
33	92	4.0
33	93	6.0
33	94	10.0
33	95	4.0
33	96	5.0
33	97	3.0
33	98	3.0
33	99	10.0
33	100	3.0
33	101	7.0
33	102	5.0
33	103	2.0
33	104	6.0
33	105	8.0
33	106	6.0
33	107	4.0
33	108	10.0
33	109	9.0
33	110	5.0
33	111	7.0
33	112	9.0
33	113	10.0
33	114	10.0
33	115	11.0
33	116	4.0
33	117	11.0
33	118	9.0
33	119	4.0
33	120	6.0
33	121	2.0
33	122	11.0
34	35	72.0
34	36	59.0
34	37	379.0
34	38	92.0
34	39	36.0
34	40	20.0
34	41	20.0
34	42	19.0
34	43	20.0
34	44	14.0
34	45	5.0
34	46	11.0
34	47	14.0
34	48	19.0
34	49	15.0
34	50	12.0
34	51	6.0
34	52	3.0
34	53	7.0
34	54	6.0
34	55	4.0
34	56	11.0
34	57	8.0
34	58	6.0
34	59	3.0
34	60	8.0
34	61	12.0
34	62	7.0
34	63	5.0
34	64	6.0
34	65	7.0
34	66	5.0
34	67	8.0
34	68	11.0
34	69	12.0
34	70	7.0
34	71	5.0
34	72	4.0
34	73	5.0
34	74	9.0
34	75	7.0
34	76	2.0
34	77	4.0
34	78	7.0
34	79	4.0
34	80	11.0
34	81	4.0
34	82	7.0
34	83	5.0
34	84	5.0
34	85	6.0
34	86	6.0
34	87	5.0
34	88	7.0
34	89	8.0
34	90	7.0
34	92	12.0
34	93	9.0
34	94	5.0
34	95	9.0
34	96	7.0
34	97	5.0
34	98	5.0
34	99	4.0
34	100	5.0
34	101	8.0
34	102	8.0
34	103	6.0
34	104	7.0
34	105	14.0
34	106	3.0
34	107	9.0
34	108	9.0
34	109	6.0
34	110	4.0
34	111	7.0
34	112	6.0
34	113	4.0
34	114	7.0
34	115	9.0
34	116	9.0
34	117	4.0
34	118	8.0
34	119	9.0
34	120	9.0
34	121	13.0
34	122	5.0
35	36	423.0
35	37	84.0
35	38	29.0
35	39	22.0
35	40	18.0
35	41	16.0
35	42	14.0
35	43	13.0
35	44	17.0
35	45	11.0
35	46	6.0
35	47	11.0
35	48	13.0
35	49	7.0
35	50	14.0
35	51	10.0
35	52	7.0
35	53	10.0
35	54	11.0
35	55	8.0
35	56	8.0
35	57	6.0
35	58	2.0
35	59	6.0
35	60	12.0
35	61	7.0
35	62	11.0
35	63	6.0
35	64	14.0
35	65	9.0
35	66	6.0
35	67	9.0
35	68	7.0
35	69	10.0
35	70	3.0
35	71	4.0
35	72	2.0
35	73	7.0
35	74	8.0
35	75	12.0
35	76	4.0
35	77	5.0
35	78	6.0
35	79	3.0
35	80	14.0
35	81	5.0
35	82	3.0
35	83	1.0
35	84	6.0
35	86	7.0
35	87	12.0
35	88	6.0
35	89	4.0
35	90	5.0
35	91	5.0
35	92	4.0
35	93	8.0
35	94	3.0
35	95	6.0
35	96	1.0
35	97	1.0
35	98	4.0
35	99	3.0
35	100	6.0
35	101	7.0
35	102	2.0
35	103	3.0
35	104	9.0
35	105	5.0
35	106	4.0
35	107	6.0
35	108	4.0
35	109	7.0
35	110	3.0
35	111	3.0
35	112	5.0
35	113	12.0
35	114	6.0
35	115	7.0
35	116	10.0
35	117	9.0
35	118	5.0
35	119	5.0
35	120	4.0
35	121	5.0
35	122	3.0
36	37	68.0
36	38	32.0
36	39	35.0
36	40	12.0
36	41	20.0
36	42	20.0
36	43	15.0
36	44	10.0
36	45	13.0
36	46	17.0
36	47	5.0
36	48	15.0
36	49	14.0
36	50	10.0
36	51	12.0
36	52	9.0
36	53	2.0
36	54	12.0
36	55	7.0
36	56	7.0
36	57	10.0
36	58	2.0
36	59	6.0
36	60	8.0
36	61	9.0
36	62	3.0
36	63	2.0
36	64	11.0
36	65	11.0
36	66	8.0
36	67	6.0
36	68	7.0
36	69	6.0
36	70	10.0
36	71	9.0
36	72	5.0
36	73	2.0
36	74	7.0
36	75	10.0
36	76	9.0
36	77	6.0
36	78	2.0
36	79	8.0
36	80	12.0
36	81	3.0
36	82	8.0
36	83	6.0
36	84	8.0
36	85	3.0
36	86	9.0
36	87	7.0
36	88	6.0
36	89	3.0
36	90	9.0
36	91	3.0
36	92	4.0
36	93	5.0
36	94	4.0
36	95	10.0
36	96	7.0
36	97	9.0
36	98	3.0
36	99	6.0
36	100	8.0
36	101	10.0
36	102	5.0
36	103	4.0
36	104	6.0
36	105	4.0
36	106	7.0
36	107	9.0
36	108	7.0
36	109	8.0
36	110	3.0
36	111	4.0
36	112	7.0
36	113	4.0
36	114	3.0
36	115	12.0
36	116	6.0
36	117	5.0
36	118	9.0
36	119	4.0
36	120	10.0
36	121	7.0
36	122	1.0
37	38	77.0
37	39	40.0
37	40	20.0
37	41	21.0
37	42	21.0
37	43	21.0
37	44	13.0
37	45	11.0
37	46	15.0
37	47	15.0
37	48	6.0
37	49	5.0
37	50	14.0
37	51	12.0
37	52	6.0
37	53	11.0
37	54	12.0
37	55	10.0
37	56	6.0
37	57	5.0
37	58	12.0
37	59	5.0
37	60	8.0
37	61	9.0
37	62	9.0
37	63	4.0
37	64	5.0
37	65	8.0
37	66	7.0
37	67	4.0
37	68	12.0
37	69	5.0
37	70	4.0
37	71	7.0
37	72	12.0
37	73	7.0
37	74	5.0
37	75	7.0
37	76	7.0
37	77	7.0
37	78	2.0
37	79	8.0
37	80	5.0
37	81	8.0
37	82	7.0
37	83	5.0
37	84	5.0
37	85	10.0
37	86	5.0
37	87	7.0
37	88	2.0
37	89	7.0
37	90	9.0
37	91	9.0
37	92	4.0
37	93	5.0
37	94	3.0
37	95	3.0
37	96	8.0
37	97	5.0
37	98	5.0
37	99	2.0
37	100	6.0
37	101	5.0
37	102	4.0
37	103	10.0
37	104	5.0
37	105	3.0
37	106	2.0
37	107	6.0
37	108	6.0
37	109	2.0
37	110	7.0
37	111	11.0
37	112	6.0
37	113	10.0
37	114	8.0
37	115	5.0
37	116	3.0
37	117	9.0
37	118	10.0
37	119	9.0
37	120	10.0
37	121	12.0
37	122	4.0
38	39	74.0
38	40	39.0
38	41	32.0
38	42	25.0
38	43	21.0
38	44	12.0
38	45	16.0
38	46	11.0
38	47	12.0
38	48	11.0
38	49	12.0
38	50	11.0
38	51	14.0
38	52	15.0
38	53	10.0
38	54	14.0
38	55	17.0
38	56	17.0
38	57	10.0
38	58	9.0
38	59	9.0
38	60	4.0
38	61	6.0
38	62	8.0
38	63	6.0
38	64	7.0
38	65	11.0
38	66	10.0
38	67	11.0
38	68	10.0
38	69	5.0
38	70	11.0
38	71	12.0
38	72	9.0
38	73	6.0
38	74	9.0
38	75	7.0
38	76	9.0
38	77	12.0
38	78	8.0
38	79	4.0
38	80	5.0
38	81	11.0
38	82	7.0
38	83	8.0
38	84	4.0
38	85	9.0
38	86	9.0
38	87	3.0
38	88	5.0
38	89	8.0
38	90	5.0
38	91	11.0
38	92	7.0
38	93	7.0
38	94	9.0
38	95	7.0
38	96	13.0
38	97	3.0
38	98	5.0
38	99	11.0
38	100	10.0
38	101	7.0
38	102	3.0
38	103	6.0
38	104	9.0
38	105	10.0
38	106	8.0
38	107	7.0
38	108	4.0
38	109	7.0
38	110	8.0
38	111	7.0
38	112	5.0
38	113	6.0
38	114	11.0
38	115	7.0
38	116	10.0
38	117	10.0
38	118	5.0
38	119	8.0
38	120	7.0
38	121	1.0
38	122	9.0
39	40	78.0
39	41	34.0
39	42	21.0
39	43	16.0
39	44	20.0
39	45	15.0
39	46	11.0
39	47	10.0
39	48	9.0
39	49	13.0
39	50	19.0
39	51	18.0
39	52	16.0
39	53	4.0
39	54	12.0
39	55	10.0
39	56	7.0
39	57	10.0
39	58	13.0
39	59	13.0
39	60	9.0
39	61	14.0
39	62	17.0
39	63	9.0
39	64	10.0
39	65	9.0
39	66	7.0
39	67	12.0
39	68	9.0
39	69	9.0
39	70	10.0
39	71	9.0
39	72	14.0
39	73	13.0
39	74	5.0
39	75	11.0
39	76	6.0
39	77	13.0
39	78	6.0
39	79	12.0
39	80	11.0
39	81	6.0
39	82	11.0
39	83	5.0
39	84	10.0
39	85	8.0
39	86	3.0
39	87	6.0
39	88	9.0
39	89	9.0
39	90	5.0
39	91	6.0
39	92	7.0
39	93	9.0
39	94	7.0
39	95	7.0
39	96	4.0
39	97	5.0
39	98	6.0
39	99	4.0
39	100	7.0
39	101	7.0
39	102	8.0
39	103	7.0
39	104	11.0
39	105	4.0
39	106	8.0
39	107	7.0
39	108	8.0
39	109	3.0
39	110	4.0
39	111	10.0
39	112	5.0
39	113	13.0
39	114	9.0
39	115	13.0
39	116	9.0
39	117	14.0
39	118	10.0
39	119	6.0
39	120	10.0
39	121	11.0
39	122	10.0
40	41	67.0
40	42	43.0
40	43	15.0
40	44	15.0
40	45	11.0
40	46	14.0
40	47	17.0
40	48	15.0
40	49	17.0
40	50	16.0
40	51	13.0
40	52	13.0
40	53	12.0
40	54	15.0
40	55	19.0
40	56	20.0
40	57	12.0
40	58	15.0
40	59	12.0
40	60	14.0
40	61	15.0
40	62	7.0
40	63	9.0
40	64	13.0
40	65	9.0
40	66	8.0
40	67	8.0
40	68	4.0
40	69	7.0
40	70	8.0
40	71	14.0
40	72	9.0
40	73	13.0
40	74	6.0
40	75	6.0
40	76	9.0
40	77	9.0
40	78	14.0
40	79	4.0
40	80	6.0
40	81	12.0
40	82	10.0
40	83	2.0
40	84	9.0
40	85	9.0
40	86	8.0
40	87	6.0
40	88	8.0
40	89	8.0
40	90	16.0
40	91	9.0
40	92	10.0
40	93	4.0
40	94	6.0
40	95	14.0
40	96	12.0
40	97	12.0
40	98	9.0
40	99	11.0
40	100	2.0
40	101	12.0
40	102	10.0
40	103	7.0
40	104	10.0
40	105	7.0
40	106	3.0
40	107	16.0
40	108	6.0
40	109	10.0
40	110	9.0
40	111	10.0
40	112	15.0
40	113	6.0
40	114	10.0
40	115	4.0
40	116	10.0
40	117	13.0
40	118	9.0
40	119	12.0
40	120	9.0
40	121	15.0
40	122	4.0
41	42	66.0
41	43	37.0
41	44	22.0
41	45	26.0
41	46	27.0
41	47	22.0
41	48	27.0
41	49	24.0
41	50	28.0
41	51	20.0
41	52	18.0
41	53	21.0
41	54	15.0
41	55	11.0
41	56	12.0
41	57	17.0
41	58	8.0
41	59	18.0
41	60	20.0
41	61	13.0
41	62	11.0
41	63	17.0
41	64	13.0
41	65	10.0
41	66	8.0
41	67	10.0
41	68	8.0
41	69	12.0
41	70	7.0
41	71	18.0
41	72	12.0
41	73	7.0
41	74	11.0
41	75	14.0
41	76	7.0
41	77	15.0
41	78	11.0
41	79	12.0
41	80	8.0
41	81	8.0
41	82	13.0
41	83	10.0
41	84	8.0
41	85	13.0
41	86	11.0
41	87	8.0
41	88	8.0
41	89	8.0
41	90	12.0
41	91	3.0
41	92	7.0
41	93	14.0
41	94	9.0
41	95	15.0
41	96	6.0
41	97	6.0
41	98	8.0
41	99	5.0
41	100	6.0
41	101	12.0
41	102	6.0
41	103	7.0
41	104	5.0
41	105	9.0
41	106	9.0
41	107	7.0
41	108	6.0
41	109	10.0
41	110	11.0
41	111	11.0
41	112	12.0
41	113	11.0
41	114	8.0
41	115	9.0
41	116	7.0
41	117	13.0
41	118	10.0
41	119	12.0
41	120	11.0
41	121	9.0
41	122	11.0
42	43	68.0
42	44	39.0
42	45	24.0
42	46	21.0
42	47	24.0
42	48	17.0
42	49	14.0
42	50	26.0
42	51	20.0
42	52	18.0
42	53	17.0
42	54	10.0
42	55	12.0
42	56	13.0
42	57	16.0
42	58	14.0
42	59	12.0
42	60	15.0
42	61	8.0
42	62	14.0
42	63	13.0
42	64	13.0
42	65	13.0
42	66	15.0
42	67	7.0
42	68	11.0
42	69	12.0
42	70	10.0
42	71	9.0
42	72	14.0
42	73	13.0
42	74	13.0
42	75	10.0
42	76	9.0
42	77	7.0
42	78	7.0
42	79	10.0
42	80	7.0
42	81	9.0
42	82	9.0
42	83	2.0
42	84	9.0
42	85	17.0
42	86	9.0
42	87	6.0
42	88	4.0
42	89	3.0
42	90	6.0
42	91	7.0
42	92	6.0
42	93	9.0
42	94	8.0
42	95	8.0
42	96	12.0
42	97	5.0
42	98	11.0
42	99	8.0
42	100	6.0
42	101	6.0
42	102	6.0
42	103	6.0
42	104	6.0
42	105	6.0
42	106	3.0
42	107	14.0
42	108	4.0
42	109	7.0
42	110	8.0
42	111	7.0
42	112	9.0
42	113	7.0
42	114	7.0
42	115	16.0
42	116	5.0
42	117	7.0
42	118	8.0
42	119	9.0
42	120	8.0
42	121	10.0
42	122	6.0
43	44	67.0
43	45	37.0
43	46	27.0
43	47	19.0
43	48	23.0
43	49	23.0
43	50	21.0
43	51	17.0
43	52	16.0
43	53	12.0
43	54	17.0
43	55	27.0
43	56	12.0
43	57	14.0
43	58	20.0
43	59	9.0
43	60	10.0
43	61	16.0
43	62	13.0
43	63	16.0
43	64	15.0
43	65	17.0
43	66	12.0
43	67	11.0
43	68	15.0
43	69	13.0
43	70	15.0
43	71	17.0
43	72	5.0
43	73	7.0
43	74	8.0
43	75	4.0
43	76	12.0
43	77	9.0
43	78	5.0
43	79	12.0
43	80	10.0
43	81	9.0
43	82	10.0
43	83	7.0
43	84	11.0
43	85	10.0
43	86	8.0
43	87	9.0
43	88	7.0
43	89	2.0
43	90	10.0
43	91	6.0
43	92	8.0
43	93	8.0
43	94	9.0
43	95	6.0
43	96	12.0
43	97	3.0
43	98	10.0
43	99	8.0
43	100	4.0
43	101	9.0
43	102	8.0
43	103	5.0
43	104	8.0
43	105	6.0
43	106	8.0
43	107	8.0
43	108	10.0
43	109	4.0
43	110	5.0
43	111	5.0
43	112	2.0
43	113	13.0
43	114	7.0
43	115	3.0
43	116	9.0
43	117	4.0
43	118	10.0
43	119	7.0
43	120	10.0
43	121	9.0
43	122	8.0
44	45	73.0
44	46	34.0
44	47	20.0
44	48	30.0
44	49	20.0
44	50	10.0
44	51	31.0
44	52	15.0
44	53	18.0
44	54	7.0
44	55	14.0
44	56	19.0
44	57	16.0
44	58	24.0
44	59	10.0
44	60	13.0
44	61	12.0
44	62	11.0
44	63	19.0
44	64	16.0
44	65	15.0
44	66	15.0
44	67	11.0
44	68	16.0
44	69	17.0
44	70	11.0
44	71	12.0
44	72	11.0
44	73	6.0
44	74	14.0
44	75	12.0
44	76	6.0
44	77	8.0
44	78	10.0
44	79	12.0
44	80	5.0
44	81	6.0
44	82	9.0
44	83	9.0
44	84	5.0
44	85	4.0
44	86	9.0
44	87	7.0
44	88	6.0
44	89	12.0
44	90	11.0
44	91	5.0
44	92	12.0
44	93	7.0
44	94	9.0
44	95	8.0
44	96	4.0
44	97	5.0
44	98	3.0
44	99	6.0
44	100	11.0
44	101	10.0
44	102	8.0
44	103	11.0
44	104	8.0
44	105	11.0
44	106	7.0
44	107	5.0
44	108	7.0
44	109	11.0
44	110	4.0
44	111	1.0
44	112	4.0
44	113	3.0
44	114	5.0
44	115	5.0
44	116	12.0
44	117	9.0
44	118	16.0
44	119	9.0
44	120	13.0
44	121	9.0
44	122	6.0
45	46	51.0
45	47	40.0
45	48	33.0
45	49	14.0
45	50	19.0
45	51	26.0
45	52	26.0
45	53	20.0
45	54	23.0
45	55	25.0
45	56	18.0
45	57	15.0
45	58	11.0
45	59	14.0
45	60	15.0
45	61	16.0
45	62	19.0
45	63	12.0
45	64	16.0
45	65	16.0
45	66	24.0
45	67	9.0
45	68	19.0
45	69	12.0
45	70	13.0
45	71	13.0
45	72	14.0
45	73	9.0
45	74	12.0
45	75	13.0
45	76	15.0
45	77	13.0
45	78	11.0
45	79	8.0
45	80	18.0
45	81	13.0
45	82	9.0
45	83	8.0
45	84	11.0
45	85	10.0
45	86	15.0
45	87	9.0
45	88	14.0
45	89	9.0
45	90	11.0
45	91	15.0
45	92	7.0
45	93	7.0
45	94	7.0
45	95	3.0
45	96	6.0
45	97	7.0
45	98	7.0
45	99	6.0
45	100	5.0
45	101	2.0
45	102	7.0
45	103	8.0
45	104	7.0
45	105	10.0
45	106	1.0
45	107	7.0
45	108	13.0
45	109	9.0
45	110	7.0
45	111	7.0
45	112	6.0
45	113	8.0
45	114	8.0
45	115	13.0
45	116	14.0
45	117	11.0
45	118	13.0
45	119	8.0
45	120	14.0
45	121	6.0
45	122	9.0
46	47	97.0
46	48	43.0
46	49	29.0
46	50	20.0
46	51	39.0
46	52	35.0
46	53	34.0
46	54	35.0
46	55	31.0
46	56	28.0
46	57	27.0
46	58	23.0
46	59	17.0
46	60	26.0
46	61	27.0
46	62	27.0
46	63	20.0
46	64	22.0
46	65	23.0
46	66	22.0
46	67	18.0
46	68	17.0
46	69	18.0
46	70	10.0
46	71	15.0
46	72	13.0
46	73	14.0
46	74	16.0
46	75	15.0
46	76	22.0
46	77	13.0
46	78	14.0
46	79	8.0
46	80	14.0
46	81	8.0
46	82	12.0
46	83	15.0
46	84	7.0
46	85	16.0
46	86	10.0
46	87	7.0
46	88	7.0
46	89	12.0
46	90	11.0
46	91	7.0
46	92	7.0
46	93	11.0
46	94	9.0
46	95	3.0
46	96	7.0
46	97	9.0
46	98	9.0
46	99	12.0
46	100	6.0
46	101	10.0
46	102	7.0
46	103	6.0
46	104	8.0
46	105	10.0
46	106	9.0
46	107	7.0
46	108	10.0
46	109	10.0
46	110	11.0
46	111	13.0
46	112	7.0
46	113	11.0
46	114	8.0
46	115	16.0
46	116	11.0
46	117	11.0
46	118	12.0
46	119	14.0
46	120	6.0
46	121	15.0
46	122	14.0
47	48	63.0
47	49	37.0
47	50	21.0
47	51	44.0
47	52	43.0
47	53	37.0
47	54	38.0
47	55	47.0
47	56	43.0
47	57	33.0
47	58	25.0
47	59	19.0
47	60	27.0
47	61	28.0
47	62	18.0
47	63	27.0
47	64	18.0
47	65	17.0
47	66	28.0
47	67	16.0
47	68	17.0
47	69	15.0
47	70	14.0
47	71	18.0
47	72	12.0
47	73	9.0
47	74	15.0
47	75	12.0
47	76	23.0
47	77	16.0
47	78	12.0
47	79	9.0
47	80	9.0
47	81	9.0
47	82	12.0
47	83	9.0
47	84	13.0
47	85	8.0
47	86	13.0
47	87	9.0
47	88	7.0
47	89	9.0
47	90	10.0
47	91	15.0
47	92	6.0
47	93	11.0
47	94	12.0
47	95	6.0
47	96	7.0
47	97	11.0
47	98	11.0
47	99	11.0
47	100	11.0
47	101	12.0
47	102	11.0
47	103	5.0
47	104	6.0
47	105	15.0
47	106	8.0
47	107	6.0
47	108	13.0
47	109	14.0
47	110	7.0
47	111	6.0
47	112	8.0
47	113	4.0
47	114	11.0
47	115	9.0
47	116	18.0
47	117	12.0
47	118	8.0
47	119	12.0
47	120	10.0
47	121	14.0
47	122	11.0
48	49	78.0
48	50	52.0
48	51	87.0
48	52	73.0
48	53	49.0
48	54	50.0
48	55	38.0
48	56	49.0
48	57	32.0
48	58	30.0
48	59	29.0
48	60	26.0
48	61	28.0
48	62	26.0
48	63	22.0
48	64	25.0
48	65	21.0
48	66	16.0
48	67	33.0
48	68	15.0
48	69	16.0
48	70	18.0
48	71	15.0
48	72	17.0
48	73	16.0
48	74	15.0
48	75	13.0
48	76	18.0
48	77	15.0
48	78	13.0
48	79	11.0
48	80	9.0
48	81	17.0
48	82	18.0
48	83	11.0
48	84	12.0
48	85	16.0
48	86	17.0
48	87	13.0
48	88	9.0
48	89	13.0
48	90	15.0
48	91	8.0
48	92	13.0
48	93	16.0
48	94	7.0
48	95	10.0
48	96	9.0
48	97	11.0
48	98	9.0
48	99	11.0
48	100	6.0
48	101	7.0
48	102	8.0
48	103	13.0
48	104	8.0
48	105	5.0
48	106	6.0
48	107	7.0
48	108	8.0
48	109	9.0
48	110	16.0
48	111	13.0
48	112	15.0
48	113	12.0
48	114	9.0
48	115	10.0
48	116	11.0
48	117	11.0
48	118	18.0
48	119	10.0
48	120	12.0
48	121	12.0
48	122	15.0
49	50	130.0
49	51	159.0
49	52	71.0
49	53	45.0
49	54	35.0
49	55	44.0
49	56	36.0
49	57	40.0
49	58	44.0
49	59	25.0
49	60	36.0
49	61	29.0
49	62	28.0
49	63	19.0
49	64	25.0
49	65	13.0
49	66	23.0
49	67	24.0
49	68	17.0
49	69	20.0
49	70	14.0
49	71	25.0
49	72	23.0
49	73	17.0
49	74	22.0
49	75	23.0
49	76	22.0
49	77	20.0
49	78	21.0
49	79	20.0
49	80	17.0
49	81	17.0
49	82	11.0
49	83	10.0
49	84	21.0
49	85	11.0
49	86	13.0
49	87	11.0
49	88	12.0
49	89	15.0
49	90	12.0
49	91	18.0
49	92	14.0
49	93	20.0
49	94	8.0
49	95	21.0
49	96	20.0
49	97	11.0
49	98	7.0
49	99	7.0
49	100	11.0
49	101	10.0
49	102	9.0
49	103	5.0
49	104	7.0
49	105	11.0
49	106	14.0
49	107	14.0
49	108	7.0
49	109	14.0
49	110	15.0
49	111	11.0
49	112	13.0
49	113	12.0
49	114	10.0
49	115	9.0
49	116	15.0
49	117	12.0
49	118	16.0
49	119	9.0
49	120	14.0
49	121	15.0
49	122	13.0
50	51	88.0
50	52	30.0
50	53	29.0
50	54	33.0
50	55	28.0
50	56	30.0
50	57	37.0
50	58	31.0
50	59	33.0
50	60	31.0
50	61	32.0
50	62	21.0
50	63	23.0
50	64	26.0
50	65	28.0
50	66	22.0
50	67	18.0
50	68	16.0
50	69	16.0
50	70	27.0
50	71	22.0
50	72	21.0
50	73	13.0
50	74	24.0
50	75	8.0
50	76	24.0
50	77	19.0
50	78	18.0
50	79	12.0
50	80	21.0
50	81	18.0
50	82	11.0
50	83	13.0
50	84	15.0
50	85	10.0
50	86	18.0
50	87	7.0
50	88	6.0
50	89	16.0
50	90	9.0
50	91	10.0
50	92	7.0
50	93	13.0
50	94	16.0
50	95	10.0
50	96	16.0
50	97	8.0
50	98	10.0
50	99	13.0
50	100	16.0
50	101	10.0
50	102	19.0
50	103	8.0
50	104	9.0
50	105	10.0
50	106	11.0
50	107	22.0
50	108	12.0
50	109	13.0
50	110	7.0
50	111	5.0
50	112	9.0
50	113	18.0
50	114	14.0
50	115	10.0
50	116	17.0
50	117	22.0
50	118	19.0
50	119	13.0
50	120	17.0
50	121	11.0
50	122	11.0
51	52	86.0
51	53	32.0
51	54	51.0
51	55	47.0
51	56	40.0
51	57	41.0
51	58	38.0
51	59	43.0
51	60	36.0
51	61	35.0
51	62	35.0
51	63	24.0
51	64	17.0
51	65	26.0
51	66	17.0
51	67	31.0
51	68	25.0
51	69	28.0
51	70	15.0
51	71	20.0
51	72	23.0
51	73	18.0
51	74	21.0
51	75	14.0
51	76	15.0
51	77	21.0
51	78	14.0
51	79	20.0
51	80	15.0
51	81	16.0
51	82	15.0
51	83	13.0
51	84	13.0
51	85	12.0
51	86	13.0
51	87	13.0
51	88	12.0
51	89	14.0
51	90	15.0
51	91	14.0
51	92	16.0
51	93	18.0
51	94	9.0
51	95	14.0
51	96	13.0
51	97	8.0
51	98	7.0
51	99	9.0
51	100	13.0
51	101	10.0
51	102	10.0
51	103	9.0
51	104	12.0
51	105	5.0
51	106	15.0
51	107	11.0
51	108	15.0
51	109	11.0
51	110	12.0
51	111	11.0
51	112	9.0
51	113	13.0
51	114	13.0
51	115	11.0
51	116	11.0
51	117	13.0
51	118	17.0
51	119	13.0
51	120	18.0
51	121	15.0
51	122	11.0
52	53	103.0
52	54	75.0
52	55	52.0
52	56	40.0
52	57	46.0
52	58	40.0
52	59	32.0
52	60	29.0
52	61	42.0
52	62	23.0
52	63	19.0
52	64	26.0
52	65	26.0
52	66	17.0
52	67	24.0
52	68	20.0
52	69	28.0
52	70	18.0
52	71	17.0
52	72	29.0
52	73	18.0
52	74	23.0
52	75	20.0
52	76	18.0
52	77	14.0
52	78	19.0
52	79	22.0
52	80	15.0
52	81	21.0
52	82	15.0
52	83	14.0
52	84	13.0
52	85	17.0
52	86	8.0
52	87	12.0
52	88	16.0
52	89	10.0
52	90	18.0
52	91	16.0
52	92	21.0
52	93	9.0
52	94	10.0
52	95	13.0
52	96	9.0
52	97	7.0
52	98	11.0
52	99	11.0
52	100	9.0
52	101	12.0
52	102	5.0
52	103	4.0
52	104	10.0
52	105	15.0
52	106	15.0
52	107	9.0
52	108	18.0
52	109	9.0
52	110	11.0
52	111	18.0
52	112	9.0
52	113	12.0
52	114	7.0
52	115	20.0
52	116	13.0
52	117	17.0
52	118	12.0
52	119	12.0
52	120	22.0
52	121	14.0
52	122	15.0
53	54	95.0
53	55	57.0
53	56	48.0
53	57	43.0
53	58	42.0
53	59	33.0
53	60	35.0
53	61	37.0
53	62	35.0
53	63	26.0
53	64	27.0
53	65	17.0
53	66	21.0
53	67	21.0
53	68	16.0
53	69	25.0
53	70	26.0
53	71	19.0
53	72	24.0
53	73	14.0
53	74	18.0
53	75	19.0
53	76	15.0
53	77	21.0
53	78	19.0
53	79	20.0
53	80	22.0
53	81	19.0
53	82	16.0
53	83	20.0
53	84	15.0
53	85	12.0
53	86	14.0
53	87	11.0
53	88	11.0
53	89	19.0
53	90	20.0
53	91	13.0
53	92	17.0
53	93	10.0
53	94	8.0
53	95	6.0
53	96	13.0
53	97	10.0
53	98	13.0
53	99	12.0
53	100	7.0
53	101	11.0
53	102	14.0
53	103	9.0
53	104	9.0
53	105	10.0
53	106	11.0
53	107	12.0
53	108	10.0
53	109	14.0
53	110	5.0
53	111	7.0
53	112	9.0
53	113	5.0
53	114	18.0
53	115	13.0
53	116	15.0
53	117	17.0
53	118	14.0
53	119	18.0
53	120	17.0
53	121	10.0
53	122	19.0
54	55	83.0
54	56	58.0
54	57	100.0
54	58	52.0
54	59	49.0
54	60	47.0
54	61	59.0
54	62	43.0
54	63	24.0
54	64	35.0
54	65	27.0
54	66	17.0
54	67	29.0
54	68	39.0
54	69	40.0
54	70	32.0
54	71	29.0
54	72	28.0
54	73	21.0
54	74	21.0
54	75	22.0
54	76	27.0
54	77	22.0
54	78	27.0
54	79	24.0
54	80	11.0
54	81	17.0
54	82	22.0
54	83	18.0
54	84	23.0
54	85	16.0
54	86	18.0
54	87	11.0
54	88	10.0
54	89	11.0
54	90	12.0
54	91	13.0
54	92	18.0
54	93	21.0
54	94	5.0
54	95	9.0
54	96	17.0
54	97	17.0
54	98	14.0
54	99	10.0
54	100	13.0
54	101	17.0
54	102	6.0
54	103	11.0
54	104	8.0
54	105	15.0
54	106	8.0
54	107	19.0
54	108	11.0
54	109	15.0
54	110	19.0
54	111	9.0
54	112	12.0
54	113	14.0
54	114	18.0
54	115	13.0
54	116	22.0
54	117	16.0
54	118	12.0
54	119	16.0
54	120	19.0
54	121	12.0
54	122	19.0
55	56	324.0
55	57	64.0
55	58	56.0
55	59	42.0
55	60	33.0
55	61	44.0
55	62	38.0
55	63	29.0
55	64	39.0
55	65	35.0
55	66	42.0
55	67	37.0
55	68	40.0
55	69	19.0
55	70	21.0
55	71	16.0
55	72	24.0
55	73	19.0
55	74	18.0
55	75	17.0
55	76	25.0
55	77	21.0
55	78	17.0
55	79	20.0
55	80	17.0
55	81	14.0
55	82	16.0
55	83	14.0
55	84	17.0
55	85	17.0
55	86	14.0
55	87	15.0
55	88	16.0
55	89	12.0
55	90	10.0
55	91	13.0
55	92	12.0
55	93	14.0
55	94	8.0
55	95	15.0
55	96	7.0
55	97	5.0
55	98	10.0
55	99	8.0
55	100	6.0
55	101	18.0
55	102	10.0
55	103	10.0
55	104	7.0
55	105	14.0
55	106	17.0
55	107	10.0
55	108	12.0
55	109	21.0
55	110	9.0
55	111	11.0
55	112	11.0
55	113	14.0
55	114	14.0
55	115	12.0
55	116	12.0
55	117	9.0
55	118	12.0
55	119	6.0
55	120	13.0
55	121	7.0
55	122	9.0
56	57	78.0
56	58	52.0
56	59	41.0
56	60	38.0
56	61	63.0
56	62	47.0
56	63	36.0
56	64	23.0
56	65	36.0
56	66	38.0
56	67	28.0
56	68	34.0
56	69	36.0
56	70	26.0
56	71	32.0
56	72	20.0
56	73	25.0
56	74	23.0
56	75	19.0
56	76	21.0
56	77	13.0
56	78	14.0
56	79	14.0
56	80	16.0
56	81	15.0
56	82	16.0
56	83	15.0
56	84	23.0
56	85	12.0
56	86	15.0
56	87	12.0
56	88	9.0
56	89	15.0
56	90	17.0
56	91	13.0
56	92	15.0
56	93	16.0
56	94	17.0
56	95	5.0
56	96	14.0
56	97	12.0
56	98	18.0
56	99	18.0
56	100	9.0
56	101	10.0
56	102	9.0
56	103	5.0
56	104	10.0
56	105	7.0
56	106	19.0
56	107	10.0
56	108	13.0
56	109	10.0
56	110	10.0
56	111	9.0
56	112	10.0
56	113	11.0
56	114	9.0
56	115	11.0
56	116	19.0
56	117	13.0
56	118	10.0
56	119	10.0
56	120	17.0
56	121	17.0
56	122	6.0
57	58	96.0
57	59	57.0
57	60	85.0
57	61	86.0
57	62	64.0
57	63	44.0
57	64	44.0
57	65	38.0
57	66	39.0
57	67	33.0
57	68	33.0
57	69	33.0
57	70	29.0
57	71	26.0
57	72	22.0
57	73	23.0
57	74	23.0
57	75	22.0
57	76	20.0
57	77	23.0
57	78	25.0
57	79	18.0
57	80	15.0
57	81	24.0
57	82	19.0
57	83	23.0
57	84	25.0
57	85	11.0
57	86	12.0
57	87	20.0
57	88	13.0
57	89	23.0
57	90	22.0
57	91	13.0
57	92	12.0
57	93	7.0
57	94	12.0
57	95	16.0
57	96	12.0
57	97	11.0
57	98	13.0
57	99	12.0
57	100	17.0
57	101	13.0
57	102	14.0
57	103	8.0
57	104	10.0
57	105	23.0
57	106	15.0
57	107	15.0
57	108	15.0
57	109	12.0
57	110	10.0
57	111	16.0
57	112	10.0
57	113	14.0
57	114	20.0
57	115	17.0
57	116	18.0
57	117	17.0
57	118	16.0
57	119	11.0
57	120	18.0
57	121	17.0
57	122	19.0
58	59	68.0
58	60	54.0
58	61	307.0
58	62	82.0
58	63	61.0
58	64	41.0
58	65	46.0
58	66	42.0
58	67	64.0
58	68	52.0
58	69	53.0
58	70	41.0
58	71	39.0
58	72	28.0
58	73	40.0
58	74	29.0
58	75	29.0
58	76	36.0
58	77	22.0
58	78	26.0
58	79	29.0
58	80	28.0
58	81	27.0
58	82	24.0
58	83	22.0
58	84	25.0
58	85	29.0
58	86	25.0
58	87	24.0
58	88	10.0
58	89	16.0
58	90	18.0
58	91	18.0
58	92	10.0
58	93	21.0
58	94	20.0
58	95	12.0
58	96	13.0
58	97	14.0
58	98	14.0
58	99	22.0
58	100	19.0
58	101	13.0
58	102	9.0
58	103	7.0
58	104	12.0
58	105	20.0
58	106	16.0
58	107	12.0
58	108	17.0
58	109	18.0
58	110	12.0
58	111	11.0
58	112	21.0
58	113	9.0
58	114	25.0
58	115	18.0
58	116	28.0
58	117	18.0
58	118	14.0
58	119	17.0
58	120	14.0
58	121	19.0
58	122	12.0
59	60	297.0
59	61	75.0
59	62	48.0
59	63	45.0
59	64	33.0
59	65	33.0
59	66	25.0
59	67	56.0
59	68	45.0
59	69	39.0
59	70	44.0
59	71	50.0
59	72	59.0
59	73	40.0
59	74	39.0
59	75	29.0
59	76	38.0
59	77	53.0
59	78	36.0
59	79	29.0
59	80	27.0
59	81	40.0
59	82	32.0
59	83	22.0
59	84	38.0
59	85	24.0
59	86	23.0
59	87	16.0
59	88	18.0
59	89	22.0
59	90	25.0
59	91	14.0
59	92	16.0
59	93	20.0
59	94	16.0
59	95	14.0
59	96	15.0
59	97	14.0
59	98	20.0
59	99	23.0
59	100	17.0
59	101	13.0
59	102	13.0
59	103	7.0
59	104	17.0
59	105	22.0
59	106	17.0
59	107	18.0
59	108	18.0
59	109	21.0
59	110	19.0
59	111	14.0
59	112	15.0
59	113	17.0
59	114	19.0
59	115	17.0
59	116	25.0
59	117	21.0
59	118	19.0
59	119	16.0
59	120	17.0
59	121	27.0
59	122	23.0
60	61	58.0
60	62	46.0
60	63	39.0
60	64	40.0
60	65	31.0
60	66	23.0
60	67	36.0
60	68	43.0
60	69	43.0
60	70	36.0
60	71	58.0
60	72	42.0
60	73	56.0
60	74	24.0
60	75	35.0
60	76	31.0
60	77	39.0
60	78	25.0
60	79	31.0
60	80	32.0
60	81	31.0
60	82	29.0
60	83	30.0
60	84	27.0
60	85	18.0
60	86	32.0
60	87	16.0
60	88	23.0
60	89	18.0
60	90	11.0
60	91	25.0
60	92	21.0
60	93	12.0
60	94	24.0
60	95	25.0
60	96	14.0
60	97	14.0
60	98	8.0
60	99	11.0
60	100	16.0
60	101	9.0
60	102	14.0
60	103	11.0
60	104	13.0
60	105	15.0
60	106	14.0
60	107	15.0
60	108	21.0
60	109	10.0
60	110	19.0
60	111	5.0
60	112	12.0
60	113	13.0
60	114	20.0
60	115	19.0
60	116	21.0
60	117	17.0
60	118	22.0
60	119	14.0
60	120	12.0
60	121	15.0
60	122	15.0
61	62	94.0
61	63	69.0
61	64	69.0
61	65	48.0
61	66	60.0
61	67	75.0
61	68	51.0
61	69	60.0
61	70	40.0
61	71	43.0
61	72	34.0
61	73	32.0
61	74	30.0
61	75	24.0
61	76	32.0
61	77	36.0
61	78	33.0
61	79	18.0
61	80	35.0
61	81	26.0
61	82	24.0
61	83	22.0
61	84	26.0
61	85	39.0
61	86	21.0
61	87	17.0
61	88	14.0
61	89	11.0
61	90	19.0
61	91	25.0
61	92	15.0
61	93	20.0
61	94	15.0
61	95	19.0
61	96	18.0
61	97	13.0
61	98	13.0
61	99	21.0
61	100	15.0
61	101	17.0
61	102	14.0
61	103	11.0
61	104	13.0
61	105	16.0
61	106	13.0
61	107	12.0
61	108	15.0
61	109	13.0
61	110	19.0
61	111	11.0
61	112	10.0
61	113	16.0
61	114	16.0
61	115	21.0
61	116	18.0
61	117	24.0
61	118	18.0
61	119	19.0
61	120	17.0
61	121	13.0
61	122	16.0
62	63	112.0
62	64	88.0
62	65	105.0
62	66	75.0
62	67	72.0
62	68	49.0
62	69	47.0
62	70	26.0
62	71	27.0
62	72	36.0
62	73	21.0
62	74	36.0
62	75	19.0
62	76	38.0
62	77	32.0
62	78	24.0
62	79	21.0
62	80	32.0
62	81	27.0
62	82	18.0
62	83	17.0
62	84	26.0
62	85	24.0
62	86	24.0
62	87	18.0
62	88	11.0
62	89	20.0
62	90	17.0
62	91	14.0
62	92	19.0
62	93	19.0
62	94	11.0
62	95	18.0
62	96	12.0
62	97	12.0
62	98	15.0
62	99	16.0
62	100	10.0
62	101	10.0
62	102	7.0
62	103	7.0
62	104	16.0
62	105	16.0
62	106	11.0
62	107	18.0
62	108	7.0
62	109	15.0
62	110	17.0
62	111	8.0
62	112	19.0
62	113	12.0
62	114	13.0
62	115	12.0
62	116	21.0
62	117	24.0
62	118	19.0
62	119	14.0
62	120	9.0
62	121	15.0
62	122	11.0
63	64	328.0
63	65	195.0
63	66	91.0
63	67	70.0
63	68	44.0
63	69	42.0
63	70	27.0
63	71	34.0
63	72	30.0
63	73	38.0
63	74	21.0
63	75	21.0
63	76	38.0
63	77	25.0
63	78	23.0
63	79	23.0
63	80	25.0
63	81	20.0
63	82	23.0
63	83	20.0
63	84	25.0
63	85	21.0
63	86	18.0
63	87	17.0
63	88	17.0
63	89	12.0
63	90	11.0
63	91	14.0
63	92	18.0
63	93	18.0
63	94	16.0
63	95	19.0
63	96	8.0
63	97	14.0
63	98	15.0
63	99	14.0
63	100	14.0
63	101	8.0
63	102	12.0
63	103	11.0
63	104	13.0
63	105	8.0
63	106	16.0
63	107	10.0
63	108	22.0
63	109	13.0
63	110	13.0
63	111	12.0
63	112	19.0
63	113	6.0
63	114	18.0
63	115	20.0
63	116	15.0
63	117	15.0
63	118	10.0
63	119	15.0
63	120	16.0
63	121	12.0
63	122	10.0
64	65	145.0
64	66	67.0
64	67	64.0
64	68	48.0
64	69	49.0
64	70	32.0
64	71	24.0
64	72	26.0
64	73	28.0
64	74	24.0
64	75	25.0
64	76	27.0
64	77	22.0
64	78	25.0
64	79	23.0
64	80	24.0
64	81	21.0
64	82	17.0
64	83	29.0
64	84	19.0
64	85	19.0
64	86	23.0
64	87	16.0
64	88	18.0
64	89	29.0
64	90	15.0
64	91	14.0
64	92	13.0
64	93	21.0
64	94	26.0
64	95	8.0
64	96	11.0
64	97	6.0
64	98	8.0
64	99	12.0
64	100	18.0
64	101	15.0
64	102	16.0
64	103	13.0
64	104	7.0
64	105	16.0
64	106	10.0
64	107	14.0
64	108	10.0
64	109	16.0
64	110	15.0
64	111	14.0
64	112	8.0
64	113	15.0
64	114	11.0
64	115	16.0
64	116	16.0
64	117	9.0
64	118	10.0
64	119	11.0
64	120	18.0
64	121	13.0
64	122	12.0
65	66	140.0
65	67	57.0
65	68	54.0
65	69	43.0
65	70	26.0
65	71	33.0
65	72	8.0
65	73	35.0
65	74	32.0
65	75	23.0
65	76	15.0
65	77	28.0
65	78	25.0
65	79	33.0
65	80	25.0
65	81	21.0
65	82	21.0
65	83	19.0
65	84	26.0
65	85	26.0
65	86	21.0
65	87	23.0
65	88	17.0
65	89	19.0
65	90	18.0
65	91	21.0
65	92	18.0
65	93	13.0
65	94	16.0
65	95	16.0
65	96	15.0
65	97	13.0
65	98	9.0
65	99	15.0
65	100	10.0
65	101	16.0
65	102	7.0
65	103	8.0
65	104	10.0
65	105	18.0
65	106	14.0
65	107	11.0
65	108	8.0
65	109	15.0
65	110	15.0
65	111	6.0
65	112	8.0
65	113	16.0
65	114	9.0
65	115	10.0
65	116	16.0
65	117	18.0
65	118	15.0
65	119	12.0
65	120	6.0
65	121	20.0
65	122	19.0
66	67	70.0
66	68	80.0
66	69	43.0
66	70	31.0
66	71	34.0
66	72	33.0
66	73	36.0
66	74	24.0
66	75	35.0
66	76	22.0
66	77	23.0
66	78	22.0
66	79	35.0
66	80	24.0
66	81	21.0
66	82	35.0
66	83	20.0
66	84	30.0
66	85	20.0
66	86	24.0
66	87	19.0
66	88	26.0
66	89	15.0
66	90	12.0
66	91	20.0
66	92	16.0
66	93	8.0
66	94	16.0
66	95	19.0
66	96	18.0
66	97	8.0
66	98	16.0
66	99	13.0
66	100	13.0
66	101	15.0
66	102	18.0
66	103	11.0
66	104	12.0
66	105	14.0
66	106	13.0
66	107	11.0
66	108	22.0
66	109	14.0
66	110	22.0
66	111	10.0
66	112	14.0
66	113	20.0
66	114	17.0
66	115	10.0
66	116	14.0
66	117	13.0
66	118	10.0
66	119	11.0
66	120	9.0
66	121	14.0
66	122	15.0
67	68	357.0
67	69	118.0
67	70	49.0
67	71	28.0
67	72	51.0
67	73	44.0
67	74	42.0
67	75	36.0
67	76	42.0
67	77	38.0
67	78	38.0
67	79	24.0
67	80	40.0
67	81	31.0
67	82	41.0
67	83	34.0
67	84	42.0
67	85	25.0
67	86	38.0
67	87	26.0
67	88	25.0
67	89	21.0
67	90	25.0
67	91	14.0
67	92	17.0
67	93	22.0
67	94	20.0
67	95	22.0
67	96	12.0
67	97	18.0
67	98	10.0
67	99	14.0
67	100	19.0
67	101	14.0
67	102	17.0
67	103	21.0
67	104	14.0
67	105	11.0
67	106	18.0
67	107	16.0
67	108	18.0
67	109	15.0
67	110	17.0
67	111	23.0
67	112	17.0
67	113	11.0
67	114	23.0
67	115	19.0
67	116	28.0
67	117	27.0
67	118	18.0
67	119	21.0
67	120	19.0
67	121	14.0
67	122	18.0
68	69	161.0
68	70	67.0
68	71	39.0
68	72	41.0
68	73	49.0
68	74	37.0
68	75	48.0
68	76	65.0
68	77	43.0
68	78	42.0
68	79	38.0
68	80	43.0
68	81	44.0
68	82	40.0
68	83	27.0
68	84	50.0
68	85	35.0
68	86	28.0
68	87	35.0
68	88	28.0
68	89	19.0
68	90	20.0
68	91	22.0
68	92	21.0
68	93	22.0
68	94	23.0
68	95	26.0
68	96	18.0
68	97	18.0
68	98	14.0
68	99	25.0
68	100	18.0
68	101	12.0
68	102	14.0
68	103	16.0
68	104	16.0
68	105	18.0
68	106	13.0
68	107	11.0
68	108	17.0
68	109	9.0
68	110	17.0
68	111	11.0
68	112	13.0
68	113	12.0
68	114	21.0
68	115	17.0
68	116	21.0
68	117	20.0
68	118	22.0
68	119	16.0
68	120	9.0
68	121	11.0
68	122	16.0
69	70	95.0
69	71	33.0
69	72	43.0
69	73	64.0
69	74	50.0
69	75	59.0
69	76	66.0
69	77	44.0
69	78	48.0
69	79	43.0
69	80	39.0
69	81	37.0
69	82	39.0
69	83	45.0
69	84	22.0
69	85	43.0
69	86	24.0
69	87	32.0
69	88	21.0
69	89	29.0
69	90	14.0
69	91	14.0
69	92	17.0
69	93	19.0
69	94	23.0
69	95	25.0
69	96	20.0
69	97	15.0
69	98	16.0
69	99	18.0
69	100	17.0
69	101	23.0
69	102	18.0
69	103	14.0
69	104	14.0
69	105	22.0
69	106	22.0
69	107	14.0
69	108	19.0
69	109	17.0
69	110	14.0
69	111	10.0
69	112	20.0
69	113	23.0
69	114	14.0
69	115	26.0
69	116	21.0
69	117	22.0
69	118	19.0
69	119	21.0
69	120	17.0
69	121	20.0
69	122	13.0
70	71	73.0
70	72	79.0
70	73	158.0
70	74	100.0
70	75	104.0
70	76	148.0
70	77	94.0
70	78	63.0
70	79	53.0
70	80	83.0
70	81	59.0
70	82	63.0
70	83	50.0
70	84	47.0
70	85	52.0
70	86	31.0
70	87	17.0
70	88	24.0
70	89	33.0
70	90	36.0
70	91	36.0
70	92	30.0
70	93	23.0
70	94	17.0
70	95	23.0
70	96	34.0
70	97	17.0
70	98	31.0
70	99	22.0
70	100	20.0
70	101	12.0
70	102	19.0
70	103	12.0
70	104	16.0
70	105	14.0
70	106	26.0
70	107	15.0
70	108	25.0
70	109	31.0
70	110	24.0
70	111	12.0
70	112	21.0
70	113	15.0
70	114	21.0
70	115	14.0
70	116	25.0
70	117	31.0
70	118	19.0
70	119	30.0
70	120	17.0
70	121	16.0
70	122	20.0
71	72	365.0
71	73	79.0
71	74	93.0
71	75	56.0
71	76	62.0
71	77	107.0
71	78	50.0
71	79	35.0
71	80	46.0
71	81	60.0
71	82	55.0
71	83	41.0
71	84	52.0
71	85	38.0
71	86	26.0
71	87	19.0
71	88	20.0
71	89	35.0
71	90	42.0
71	91	31.0
71	92	28.0
71	93	20.0
71	94	27.0
71	95	21.0
71	96	21.0
71	97	16.0
71	98	17.0
71	99	23.0
71	100	20.0
71	101	23.0
71	102	14.0
71	103	17.0
71	104	23.0
71	105	13.0
71	106	30.0
71	107	15.0
71	108	32.0
71	109	35.0
71	110	26.0
71	111	20.0
71	112	21.0
71	113	19.0
71	114	23.0
71	115	23.0
71	116	45.0
71	117	42.0
71	118	35.0
71	119	22.0
71	120	20.0
71	121	26.0
71	122	27.0
72	73	83.0
72	74	108.0
72	75	52.0
72	76	71.0
72	77	129.0
72	78	56.0
72	79	41.0
72	80	57.0
72	81	60.0
72	82	63.0
72	83	42.0
72	84	42.0
72	85	47.0
72	86	33.0
72	87	28.0
72	88	29.0
72	89	24.0
72	90	30.0
72	91	38.0
72	92	22.0
72	93	18.0
72	94	29.0
72	95	28.0
72	96	17.0
72	97	17.0
72	98	20.0
72	99	26.0
72	100	25.0
72	101	18.0
72	102	18.0
72	103	13.0
72	104	16.0
72	105	27.0
72	106	20.0
72	107	38.0
72	108	41.0
72	109	32.0
72	110	31.0
72	111	26.0
72	112	21.0
72	113	35.0
72	114	28.0
72	115	27.0
72	116	44.0
72	117	33.0
72	118	18.0
72	119	24.0
72	120	28.0
72	121	33.0
72	122	29.0
73	74	165.0
73	75	114.0
73	76	231.0
73	77	198.0
73	78	102.0
73	79	48.0
73	80	78.0
73	81	114.0
73	82	79.0
73	83	71.0
73	84	85.0
73	85	62.0
73	86	37.0
73	87	41.0
73	88	24.0
73	89	37.0
73	90	52.0
73	91	36.0
73	92	29.0
73	93	33.0
73	94	32.0
73	95	42.0
73	96	23.0
73	97	19.0
73	98	29.0
73	99	27.0
73	100	25.0
73	101	23.0
73	102	13.0
73	103	18.0
73	104	24.0
73	105	17.0
73	106	17.0
73	107	34.0
73	108	25.0
73	109	21.0
73	110	17.0
73	111	14.0
73	112	15.0
73	113	19.0
73	114	32.0
73	115	23.0
73	116	27.0
73	117	22.0
73	118	20.0
73	119	23.0
73	120	23.0
73	121	16.0
73	122	13.0
74	75	122.0
74	76	167.0
74	77	220.0
74	78	105.0
74	79	44.0
74	80	59.0
74	81	142.0
74	82	58.0
74	83	51.0
74	84	75.0
74	85	66.0
74	86	44.0
74	87	33.0
74	88	27.0
74	89	33.0
74	90	44.0
74	91	31.0
74	92	24.0
74	93	22.0
74	94	43.0
74	95	34.0
74	96	20.0
74	97	21.0
74	98	32.0
74	99	27.0
74	100	34.0
74	101	25.0
74	102	16.0
74	103	19.0
74	104	23.0
74	105	24.0
74	106	29.0
74	107	33.0
74	108	46.0
74	109	37.0
74	110	27.0
74	111	29.0
74	112	21.0
74	113	15.0
74	114	25.0
74	115	35.0
74	116	30.0
74	117	29.0
74	118	42.0
74	119	37.0
74	120	34.0
74	121	17.0
74	122	29.0
75	76	198.0
75	77	99.0
75	78	179.0
75	79	88.0
75	80	87.0
75	81	102.0
75	82	86.0
75	83	69.0
75	84	84.0
75	85	75.0
75	86	43.0
75	87	37.0
75	88	36.0
75	89	43.0
75	90	46.0
75	91	36.0
75	92	33.0
75	93	34.0
75	94	45.0
75	95	40.0
75	96	36.0
75	97	20.0
75	98	23.0
75	99	28.0
75	100	17.0
75	101	17.0
75	102	25.0
75	103	15.0
75	104	22.0
75	105	27.0
75	106	28.0
75	107	22.0
75	108	26.0
75	109	20.0
75	110	16.0
75	111	16.0
75	112	17.0
75	113	21.0
75	114	27.0
75	115	24.0
75	116	25.0
75	117	33.0
75	118	26.0
75	119	27.0
75	120	22.0
75	121	21.0
75	122	21.0
76	77	129.0
76	78	147.0
76	79	64.0
76	80	83.0
76	81	125.0
76	82	92.0
76	83	67.0
76	84	79.0
76	85	80.0
76	86	40.0
76	87	35.0
76	88	27.0
76	89	30.0
76	90	47.0
76	91	27.0
76	92	34.0
76	93	31.0
76	94	38.0
76	95	33.0
76	96	32.0
76	97	19.0
76	98	29.0
76	99	30.0
76	100	30.0
76	101	23.0
76	102	20.0
76	103	10.0
76	104	17.0
76	105	16.0
76	106	23.0
76	107	24.0
76	108	26.0
76	109	27.0
76	110	19.0
76	111	18.0
76	112	20.0
76	113	20.0
76	114	16.0
76	115	23.0
76	116	31.0
76	117	15.0
76	118	28.0
76	119	25.0
76	120	17.0
76	121	30.0
76	122	14.0
77	78	93.0
77	79	53.0
77	80	50.0
77	81	116.0
77	82	82.0
77	83	59.0
77	84	75.0
77	85	70.0
77	86	39.0
77	87	37.0
77	88	30.0
77	89	38.0
77	90	48.0
77	91	41.0
77	92	24.0
77	93	35.0
77	94	38.0
77	95	31.0
77	96	20.0
77	97	18.0
77	98	29.0
77	99	33.0
77	100	33.0
77	101	24.0
77	102	17.0
77	103	20.0
77	104	19.0
77	105	29.0
77	106	25.0
77	107	38.0
77	108	33.0
77	109	31.0
77	110	35.0
77	111	25.0
77	112	20.0
77	113	14.0
77	114	22.0
77	115	27.0
77	116	50.0
77	117	38.0
77	118	25.0
77	119	22.0
77	120	39.0
77	121	26.0
77	122	29.0
78	79	103.0
78	80	132.0
78	81	123.0
78	82	149.0
78	83	78.0
78	84	137.0
78	85	114.0
78	86	66.0
78	87	35.0
78	88	37.0
78	89	56.0
78	90	52.0
78	91	39.0
78	92	30.0
78	93	45.0
78	94	49.0
78	95	34.0
78	96	32.0
78	97	33.0
78	98	32.0
78	99	31.0
78	100	33.0
78	101	26.0
78	102	24.0
78	103	13.0
78	104	20.0
78	105	25.0
78	106	32.0
78	107	20.0
78	108	14.0
78	109	23.0
78	110	28.0
78	111	23.0
78	112	26.0
78	113	20.0
78	114	23.0
78	115	22.0
78	116	29.0
78	117	36.0
78	118	22.0
78	119	32.0
78	120	33.0
78	121	29.0
78	122	15.0
79	80	157.0
79	81	61.0
79	82	82.0
79	83	83.0
79	84	67.0
79	85	94.0
79	86	54.0
79	87	34.0
79	88	19.0
79	89	42.0
79	90	53.0
79	91	30.0
79	92	23.0
79	93	44.0
79	94	25.0
79	95	28.0
79	96	27.0
79	97	19.0
79	98	19.0
79	99	38.0
79	100	19.0
79	101	33.0
79	102	23.0
79	103	20.0
79	104	22.0
79	105	24.0
79	106	20.0
79	107	22.0
79	108	17.0
79	109	22.0
79	110	17.0
79	111	24.0
79	112	15.0
79	113	18.0
79	114	38.0
79	115	28.0
79	116	24.0
79	117	19.0
79	118	21.0
79	119	21.0
79	120	22.0
79	121	25.0
79	122	19.0
80	81	88.0
80	82	122.0
80	83	93.0
80	84	116.0
80	85	149.0
80	86	65.0
80	87	61.0
80	88	38.0
80	89	53.0
80	90	63.0
80	91	38.0
80	92	29.0
80	93	46.0
80	94	39.0
80	95	36.0
80	96	31.0
80	97	24.0
80	98	15.0
80	99	24.0
80	100	26.0
80	101	26.0
80	102	14.0
80	103	17.0
80	104	17.0
80	105	22.0
80	106	29.0
80	107	25.0
80	108	21.0
80	109	21.0
80	110	21.0
80	111	25.0
80	112	19.0
80	113	21.0
80	114	27.0
80	115	24.0
80	116	24.0
80	117	30.0
80	118	26.0
80	119	17.0
80	120	18.0
80	121	18.0
80	122	26.0
81	82	124.0
81	83	80.0
81	84	160.0
81	85	92.0
81	86	62.0
81	87	36.0
81	88	31.0
81	89	47.0
81	90	65.0
81	91	61.0
81	92	44.0
81	93	37.0
81	94	47.0
81	95	40.0
81	96	23.0
81	97	17.0
81	98	31.0
81	99	39.0
81	100	35.0
81	101	21.0
81	102	21.0
81	103	21.0
81	104	22.0
81	105	40.0
81	106	37.0
81	107	36.0
81	108	35.0
81	109	32.0
81	110	38.0
81	111	24.0
81	112	31.0
81	113	27.0
81	114	35.0
81	115	26.0
81	116	38.0
81	117	41.0
81	118	45.0
81	119	39.0
81	120	24.0
81	121	30.0
81	122	28.0
82	83	217.0
82	84	306.0
82	85	216.0
82	86	80.0
82	87	43.0
82	88	44.0
82	89	74.0
82	90	65.0
82	91	56.0
82	92	41.0
82	93	49.0
82	94	53.0
82	95	43.0
82	96	40.0
82	97	34.0
82	98	30.0
82	99	41.0
82	100	25.0
82	101	34.0
82	102	19.0
82	103	17.0
82	104	25.0
82	105	26.0
82	106	34.0
82	107	26.0
82	108	20.0
82	109	24.0
82	110	21.0
82	111	21.0
82	112	20.0
82	113	21.0
82	114	27.0
82	115	22.0
82	116	33.0
82	117	26.0
82	118	31.0
82	119	24.0
82	120	23.0
82	121	30.0
82	122	13.0
83	84	161.0
83	85	257.0
83	86	179.0
83	87	48.0
83	88	47.0
83	89	103.0
83	90	103.0
83	91	65.0
83	92	59.0
83	93	75.0
83	94	56.0
83	95	65.0
83	96	38.0
83	97	38.0
83	98	37.0
83	99	30.0
83	100	32.0
83	101	32.0
83	102	17.0
83	103	21.0
83	104	25.0
83	105	36.0
83	106	30.0
83	107	39.0
83	108	29.0
83	109	24.0
83	110	21.0
83	111	23.0
83	112	20.0
83	113	20.0
83	114	31.0
83	115	35.0
83	116	33.0
83	117	22.0
83	118	34.0
83	119	27.0
83	120	21.0
83	121	32.0
83	122	25.0
84	85	148.0
84	86	76.0
84	87	42.0
84	88	33.0
84	89	73.0
84	90	119.0
84	91	61.0
84	92	41.0
84	93	59.0
84	94	68.0
84	95	61.0
84	96	37.0
84	97	23.0
84	98	28.0
84	99	41.0
84	100	28.0
84	101	27.0
84	102	32.0
84	103	18.0
84	104	22.0
84	105	35.0
84	106	39.0
84	107	35.0
84	108	42.0
84	109	37.0
84	110	20.0
84	111	29.0
84	112	17.0
84	113	37.0
84	114	28.0
84	115	32.0
84	116	39.0
84	117	28.0
84	118	36.0
84	119	21.0
84	120	34.0
84	121	28.0
84	122	21.0
85	86	124.0
85	87	50.0
85	88	38.0
85	89	80.0
85	90	90.0
85	91	64.0
85	92	44.0
85	93	47.0
85	94	49.0
85	95	57.0
85	96	35.0
85	97	22.0
85	98	35.0
85	99	25.0
85	100	32.0
85	101	34.0
85	102	22.0
85	103	18.0
85	104	13.0
85	105	31.0
85	106	25.0
85	107	28.0
85	108	33.0
85	109	27.0
85	110	22.0
85	111	22.0
85	112	25.0
85	113	27.0
85	114	28.0
85	115	25.0
85	116	38.0
85	117	28.0
85	118	24.0
85	119	23.0
85	120	28.0
85	121	24.0
85	122	21.0
86	87	63.0
86	88	62.0
86	89	221.0
86	90	95.0
86	91	54.0
86	92	68.0
86	93	81.0
86	94	59.0
86	95	51.0
86	96	49.0
86	97	36.0
86	98	39.0
86	99	34.0
86	100	31.0
86	101	24.0
86	102	20.0
86	103	21.0
86	104	25.0
86	105	32.0
86	106	31.0
86	107	33.0
86	108	26.0
86	109	23.0
86	110	17.0
86	111	22.0
86	112	14.0
86	113	26.0
86	114	21.0
86	115	33.0
86	116	39.0
86	117	31.0
86	118	29.0
86	119	23.0
86	120	24.0
86	121	29.0
86	122	18.0
87	88	475.0
87	89	69.0
87	90	46.0
87	91	49.0
87	92	43.0
87	93	59.0
87	94	53.0
87	95	43.0
87	96	34.0
87	97	32.0
87	98	33.0
87	99	30.0
87	100	29.0
87	101	20.0
87	102	18.0
87	103	19.0
87	104	14.0
87	105	16.0
87	106	27.0
87	107	26.0
87	108	17.0
87	109	22.0
87	110	22.0
87	111	27.0
87	112	16.0
87	113	10.0
87	114	25.0
87	115	23.0
87	116	24.0
87	117	19.0
87	118	18.0
87	119	13.0
87	120	21.0
87	121	16.0
87	122	11.0
88	89	81.0
88	90	33.0
88	91	47.0
88	92	48.0
88	93	50.0
88	94	35.0
88	95	52.0
88	96	27.0
88	97	36.0
88	98	24.0
88	99	34.0
88	100	24.0
88	101	13.0
88	102	24.0
88	103	12.0
88	104	17.0
88	105	24.0
88	106	23.0
88	107	22.0
88	108	24.0
88	109	13.0
88	110	20.0
88	111	17.0
88	112	13.0
88	113	14.0
88	114	27.0
88	115	14.0
88	116	21.0
88	117	18.0
88	118	22.0
88	119	18.0
88	120	9.0
88	121	27.0
88	122	13.0
89	90	89.0
89	91	64.0
89	92	52.0
89	93	85.0
89	94	62.0
89	95	58.0
89	96	57.0
89	97	39.0
89	98	37.0
89	99	54.0
89	100	35.0
89	101	32.0
89	102	18.0
89	103	21.0
89	104	20.0
89	105	24.0
89	106	34.0
89	107	28.0
89	108	21.0
89	109	22.0
89	110	29.0
89	111	27.0
89	112	22.0
89	113	21.0
89	114	24.0
89	115	24.0
89	116	26.0
89	117	24.0
89	118	27.0
89	119	15.0
89	120	17.0
89	121	19.0
89	122	21.0
90	91	153.0
90	92	84.0
90	93	89.0
90	94	124.0
90	95	66.0
90	96	56.0
90	97	36.0
90	98	37.0
90	99	59.0
90	100	51.0
90	101	37.0
90	102	25.0
90	103	26.0
90	104	34.0
90	105	38.0
90	106	53.0
90	107	35.0
90	108	23.0
90	109	31.0
90	110	28.0
90	111	23.0
90	112	23.0
90	113	30.0
90	114	33.0
90	115	37.0
90	116	38.0
90	117	24.0
90	118	32.0
90	119	24.0
90	120	24.0
90	121	20.0
90	122	24.0
91	92	86.0
91	93	115.0
91	94	115.0
91	95	78.0
91	96	62.0
91	97	43.0
91	98	52.0
91	99	83.0
91	100	45.0
91	101	35.0
91	102	34.0
91	103	23.0
91	104	36.0
91	105	39.0
91	106	47.0
91	107	37.0
91	108	36.0
91	109	40.0
91	110	33.0
91	111	30.0
91	112	34.0
91	113	33.0
91	114	32.0
91	115	43.0
91	116	52.0
91	117	39.0
91	118	31.0
91	119	22.0
91	120	24.0
91	121	30.0
91	122	17.0
92	93	164.0
92	94	89.0
92	95	123.0
92	96	168.0
92	97	51.0
92	98	70.0
92	99	72.0
92	100	60.0
92	101	39.0
92	102	24.0
92	103	21.0
92	104	33.0
92	105	27.0
92	106	32.0
92	107	33.0
92	108	37.0
92	109	29.0
92	110	27.0
92	111	24.0
92	112	24.0
92	113	16.0
92	114	24.0
92	115	28.0
92	116	31.0
92	117	24.0
92	118	26.0
92	119	31.0
92	120	17.0
92	121	25.0
92	122	22.0
93	94	125.0
93	95	78.0
93	96	85.0
93	97	45.0
93	98	62.0
93	99	83.0
93	100	53.0
93	101	38.0
93	102	20.0
93	103	30.0
93	104	29.0
93	105	32.0
93	106	35.0
93	107	35.0
93	108	43.0
93	109	30.0
93	110	35.0
93	111	37.0
93	112	26.0
93	113	22.0
93	114	25.0
93	115	33.0
93	116	25.0
93	117	20.0
93	118	20.0
93	119	21.0
93	120	29.0
93	121	22.0
93	122	18.0
94	95	194.0
94	96	93.0
94	97	49.0
94	98	79.0
94	99	84.0
94	100	74.0
94	101	40.0
94	102	22.0
94	103	25.0
94	104	26.0
94	105	35.0
94	106	35.0
94	107	34.0
94	108	32.0
94	109	32.0
94	110	33.0
94	111	30.0
94	112	27.0
94	113	28.0
94	114	30.0
94	115	45.0
94	116	35.0
94	117	37.0
94	118	38.0
94	119	24.0
94	120	14.0
94	121	28.0
94	122	28.0
95	96	144.0
95	97	62.0
95	98	82.0
95	99	97.0
95	100	78.0
95	101	55.0
95	102	40.0
95	103	24.0
95	104	37.0
95	105	48.0
95	106	45.0
95	107	41.0
95	108	31.0
95	109	32.0
95	110	31.0
95	111	21.0
95	112	29.0
95	113	32.0
95	114	27.0
95	115	45.0
95	116	29.0
95	117	31.0
95	118	34.0
95	119	27.0
95	120	27.0
95	121	28.0
95	122	29.0
96	97	104.0
96	98	78.0
96	99	94.0
96	100	60.0
96	101	48.0
96	102	25.0
96	103	32.0
96	104	28.0
96	105	29.0
96	106	36.0
96	107	29.0
96	108	42.0
96	109	38.0
96	110	24.0
96	111	22.0
96	112	15.0
96	113	30.0
96	114	28.0
96	115	34.0
96	116	25.0
96	117	30.0
96	118	29.0
96	119	24.0
96	120	21.0
96	121	29.0
96	122	15.0
97	98	72.0
97	99	66.0
97	100	54.0
97	101	42.0
97	102	32.0
97	103	34.0
97	104	42.0
97	105	32.0
97	106	43.0
97	107	37.0
97	108	41.0
97	109	33.0
97	110	17.0
97	111	22.0
97	112	29.0
97	113	25.0
97	114	27.0
97	115	27.0
97	116	14.0
97	117	15.0
97	118	26.0
97	119	20.0
97	120	16.0
97	121	24.0
97	122	11.0
98	99	222.0
98	100	161.0
98	101	58.0
98	102	40.0
98	103	26.0
98	104	46.0
98	105	42.0
98	106	61.0
98	107	43.0
98	108	41.0
98	109	29.0
98	110	35.0
98	111	36.0
98	112	34.0
98	113	34.0
98	114	39.0
98	115	33.0
98	116	28.0
98	117	41.0
98	118	41.0
98	119	28.0
98	120	30.0
98	121	33.0
98	122	19.0
99	100	145.0
99	101	61.0
99	102	41.0
99	103	24.0
99	104	57.0
99	105	52.0
99	106	65.0
99	107	53.0
99	108	40.0
99	109	46.0
99	110	40.0
99	111	40.0
99	112	31.0
99	113	33.0
99	114	29.0
99	115	32.0
99	116	42.0
99	117	29.0
99	118	36.0
99	119	30.0
99	120	24.0
99	121	29.0
99	122	34.0
100	101	78.0
100	102	49.0
100	103	50.0
100	104	59.0
100	105	61.0
100	106	79.0
100	107	77.0
100	108	55.0
100	109	52.0
100	110	45.0
100	111	43.0
100	112	37.0
100	113	41.0
100	114	42.0
100	115	46.0
100	116	35.0
100	117	36.0
100	118	49.0
100	119	33.0
100	120	22.0
100	121	34.0
100	122	20.0
101	102	51.0
101	103	49.0
101	104	81.0
101	105	59.0
101	106	101.0
101	107	84.0
101	108	44.0
101	109	36.0
101	110	36.0
101	111	39.0
101	112	55.0
101	113	54.0
101	114	53.0
101	115	39.0
101	116	21.0
101	117	36.0
101	118	57.0
101	119	50.0
101	120	27.0
101	121	38.0
101	122	41.0
102	103	196.0
102	104	87.0
102	105	47.0
102	106	48.0
102	107	55.0
102	108	39.0
102	109	43.0
102	110	32.0
102	111	40.0
102	112	45.0
102	113	54.0
102	114	38.0
102	115	30.0
102	116	20.0
102	117	30.0
102	118	28.0
102	119	43.0
102	120	34.0
102	121	28.0
102	122	30.0
103	104	86.0
103	105	49.0
103	106	45.0
103	107	34.0
103	108	24.0
103	109	37.0
103	110	25.0
103	111	34.0
103	112	60.0
103	113	35.0
103	114	35.0
103	115	16.0
103	116	19.0
103	117	30.0
103	118	25.0
103	119	32.0
103	120	25.0
103	121	29.0
103	122	26.0
104	105	75.0
104	106	77.0
104	107	75.0
104	108	43.0
104	109	59.0
104	110	45.0
104	111	86.0
104	112	74.0
104	113	71.0
104	114	36.0
104	115	44.0
104	116	27.0
104	117	32.0
104	118	44.0
104	119	34.0
104	120	32.0
104	121	44.0
104	122	30.0
105	106	130.0
105	107	94.0
105	108	115.0
105	109	165.0
105	110	120.0
105	111	92.0
105	112	68.0
105	113	73.0
105	114	90.0
105	115	61.0
105	116	59.0
105	117	61.0
105	118	71.0
105	119	30.0
105	120	46.0
105	121	55.0
105	122	39.0
106	107	203.0
106	108	95.0
106	109	79.0
106	110	72.0
106	111	58.0
106	112	65.0
106	113	51.0
106	114	69.0
106	115	48.0
106	116	48.0
106	117	46.0
106	118	91.0
106	119	47.0
106	120	39.0
106	121	50.0
106	122	33.0
107	108	84.0
107	109	104.0
107	110	66.0
107	111	79.0
107	112	87.0
107	113	84.0
107	114	90.0
107	115	37.0
107	116	45.0
107	117	49.0
107	118	108.0
107	119	66.0
107	120	63.0
107	121	56.0
107	122	52.0
108	109	205.0
108	110	151.0
108	111	61.0
108	112	60.0
108	113	52.0
108	114	120.0
108	115	156.0
108	116	63.0
108	117	125.0
108	118	97.0
108	119	31.0
108	120	48.0
108	121	71.0
108	122	42.0
109	110	262.0
109	111	77.0
109	112	70.0
109	113	61.0
109	114	140.0
109	115	104.0
109	116	54.0
109	117	68.0
109	118	100.0
109	119	50.0
109	120	36.0
109	121	65.0
109	122	43.0
110	111	85.0
110	112	69.0
110	113	47.0
110	114	92.0
110	115	125.0
110	116	61.0
110	117	89.0
110	118	71.0
110	119	36.0
110	120	40.0
110	121	71.0
110	122	40.0
111	112	267.0
111	113	88.0
111	114	77.0
111	115	40.0
111	116	44.0
111	117	41.0
111	118	80.0
111	119	34.0
111	120	49.0
111	121	55.0
111	122	36.0
112	113	134.0
112	114	88.0
112	115	47.0
112	116	38.0
112	117	55.0
112	118	76.0
112	119	46.0
112	120	52.0
112	121	55.0
112	122	49.0
113	114	119.0
113	115	35.0
113	116	39.0
113	117	49.0
113	118	92.0
113	119	78.0
113	120	61.0
113	121	79.0
113	122	55.0
114	115	70.0
114	116	55.0
114	117	60.0
114	118	232.0
114	119	56.0
114	120	65.0
114	121	119.0
114	122	66.0
115	116	116.0
115	117	169.0
115	118	64.0
115	119	33.0
115	120	37.0
115	121	57.0
115	122	31.0
116	117	139.0
116	118	51.0
116	119	32.0
116	120	32.0
116	121	52.0
116	122	47.0
117	118	70.0
117	119	48.0
117	120	55.0
117	121	81.0
117	122	37.0
118	119	68.0
118	120	61.0
118	121	110.0
118	122	67.0
119	120	122.0
119	121	84.0
119	122	93.0
120	121	103.0
120	122	216.0
121	122	105.0
