1	2	3.0
1	3	4.0
1	4	2.0
1	6	2.0
1	7	3.0
1	8	1.0
1	10	1.0
1	11	1.0
1	12	2.0
1	13	1.0
1	15	2.0
1	16	2.0
1	17	1.0
1	19	2.0
1	20	1.0
1	21	1.0
1	25	1.0
1	26	1.0
1	27	1.0
1	34	1.0
1	38	2.0
1	42	1.0
1	43	1.0
1	46	1.0
1	47	1.0
1	49	2.0
1	51	2.0
1	53	1.0
1	54	1.0
1	55	3.0
1	56	1.0
1	57	2.0
1	59	1.0
1	63	2.0
1	65	1.0
1	66	2.0
1	67	1.0
1	68	1.0
1	71	3.0
1	72	2.0
1	73	2.0
1	74	1.0
1	76	1.0
1	79	1.0
1	80	1.0
1	81	2.0
1	82	1.0
1	83	2.0
1	84	1.0
1	87	2.0
1	88	2.0
1	90	2.0
1	92	2.0
1	93	2.0
1	94	2.0
1	97	1.0
1	98	2.0
1	99	1.0
1	102	1.0
1	105	1.0
1	106	2.0
1	107	1.0
1	109	2.0
1	110	2.0
1	111	1.0
1	112	2.0
1	113	2.0
1	114	1.0
1	116	1.0
1	117	3.0
1	118	1.0
1	120	4.0
1	121	2.0
1	122	1.0
2	3	3.0
2	4	6.0
2	7	3.0
2	8	2.0
2	10	2.0
2	12	2.0
2	13	2.0
2	14	1.0
2	15	2.0
2	16	2.0
2	17	3.0
2	18	2.0
2	19	2.0
2	21	1.0
2	22	2.0
2	23	1.0
2	24	2.0
2	25	1.0
2	26	1.0
2	27	2.0
2	28	2.0
2	30	1.0
2	31	1.0
2	32	1.0
2	34	1.0
2	37	1.0
2	38	1.0
2	42	1.0
2	44	1.0
2	45	3.0
2	47	2.0
2	48	3.0
2	50	1.0
2	51	1.0
2	52	3.0
2	54	2.0
2	55	4.0
2	56	3.0
2	58	1.0
2	59	2.0
2	60	1.0
2	63	1.0
2	64	2.0
2	66	2.0
2	67	1.0
2	68	1.0
2	71	1.0
2	72	4.0
2	73	1.0
2	74	1.0
2	75	2.0
2	76	1.0
2	78	1.0
2	80	1.0
2	81	1.0
2	82	1.0
2	85	2.0
2	87	1.0
2	88	2.0
2	90	1.0
2	91	2.0
2	92	1.0
2	95	1.0
2	96	1.0
2	97	1.0
2	98	1.0
2	99	1.0
2	100	1.0
2	101	1.0
2	106	2.0
2	107	2.0
2	110	2.0
2	111	4.0
2	112	1.0
2	113	1.0
2	114	1.0
2	115	1.0
2	116	3.0
2	117	1.0
2	118	4.0
2	119	3.0
2	120	2.0
2	122	2.0
3	4	15.0
3	5	8.0
3	6	5.0
3	7	4.0
3	8	4.0
3	10	1.0
3	11	3.0
3	12	2.0
3	13	1.0
3	14	1.0
3	15	2.0
3	16	1.0
3	18	1.0
3	19	3.0
3	20	2.0
3	23	2.0
3	28	1.0
3	29	2.0
3	30	2.0
3	31	1.0
3	34	1.0
3	38	1.0
3	42	1.0
3	46	1.0
3	47	5.0
3	49	3.0
3	51	3.0
3	52	2.0
3	54	1.0
3	55	2.0
3	56	1.0
3	59	3.0
3	60	1.0
3	61	2.0
3	63	1.0
3	65	1.0
3	66	2.0
3	67	1.0
3	69	2.0
3	71	2.0
3	72	5.0
3	73	2.0
3	74	2.0
3	75	2.0
3	77	1.0
3	78	2.0
3	79	4.0
3	80	1.0
3	81	1.0
3	82	1.0
3	83	1.0
3	85	1.0
3	87	1.0
3	88	2.0
3	90	1.0
3	93	1.0
3	94	2.0
3	95	1.0
3	98	3.0
3	101	1.0
3	103	3.0
3	104	1.0
3	105	2.0
3	107	1.0
3	108	2.0
3	110	1.0
3	113	2.0
3	114	1.0
3	117	2.0
3	120	2.0
3	121	2.0
4	5	8.0
4	6	8.0
4	7	17.0
4	8	5.0
4	9	5.0
4	10	3.0
4	11	2.0
4	12	2.0
4	16	4.0
4	17	1.0
4	18	5.0
4	19	3.0
4	20	1.0
4	21	2.0
4	24	1.0
4	25	2.0
4	26	1.0
4	27	1.0
4	30	1.0
4	31	1.0
4	32	1.0
4	33	2.0
4	34	1.0
4	36	1.0
4	38	1.0
4	42	3.0
4	47	1.0
4	48	1.0
4	49	2.0
4	50	1.0
4	51	1.0
4	52	1.0
4	54	1.0
4	61	2.0
4	63	1.0
4	64	1.0
4	66	1.0
4	70	3.0
4	71	2.0
4	72	2.0
4	73	3.0
4	74	5.0
4	75	1.0
4	76	1.0
4	77	3.0
4	78	2.0
4	79	1.0
4	80	1.0
4	81	1.0
4	82	1.0
4	83	1.0
4	84	5.0
4	85	1.0
4	87	2.0
4	89	1.0
4	90	1.0
4	91	1.0
4	93	1.0
4	94	1.0
4	95	2.0
4	97	1.0
4	98	3.0
4	99	1.0
4	100	3.0
4	102	3.0
4	104	1.0
4	105	1.0
4	106	3.0
4	107	1.0
4	109	2.0
4	110	1.0
4	111	4.0
4	112	1.0
4	113	1.0
4	115	2.0
4	116	3.0
4	117	1.0
4	118	1.0
4	119	2.0
4	120	2.0
4	122	2.0
5	6	13.0
5	7	19.0
5	8	2.0
5	9	2.0
5	10	4.0
5	11	1.0
5	12	4.0
5	13	2.0
5	14	2.0
5	17	4.0
5	18	2.0
5	19	1.0
5	20	3.0
5	21	1.0
5	22	2.0
5	24	2.0
5	25	1.0
5	26	2.0
5	28	2.0
5	29	1.0
5	31	1.0
5	32	1.0
5	35	2.0
5	37	2.0
5	38	3.0
5	39	1.0
5	41	1.0
5	42	1.0
5	43	1.0
5	44	2.0
5	46	1.0
5	47	1.0
5	48	1.0
5	49	2.0
5	50	2.0
5	51	1.0
5	52	2.0
5	53	2.0
5	54	2.0
5	56	1.0
5	57	1.0
5	59	3.0
5	60	5.0
5	61	1.0
5	63	1.0
5	64	2.0
5	65	2.0
5	66	1.0
5	67	3.0
5	68	1.0
5	69	1.0
5	71	3.0
5	73	3.0
5	74	1.0
5	75	3.0
5	76	1.0
5	77	2.0
5	78	1.0
5	80	2.0
5	81	1.0
5	83	1.0
5	84	4.0
5	86	1.0
5	88	2.0
5	89	1.0
5	90	1.0
5	91	1.0
5	92	2.0
5	94	1.0
5	97	2.0
5	99	1.0
5	100	2.0
5	101	3.0
5	102	1.0
5	107	3.0
5	108	5.0
5	110	1.0
5	113	1.0
5	114	2.0
5	117	3.0
5	118	2.0
5	119	1.0
5	120	3.0
5	121	2.0
5	122	3.0
6	7	11.0
6	8	1.0
6	9	3.0
6	10	2.0
6	11	4.0
6	13	1.0
6	15	4.0
6	16	3.0
6	17	1.0
6	18	5.0
6	19	4.0
6	20	1.0
6	21	2.0
6	22	3.0
6	23	1.0
6	24	3.0
6	28	2.0
6	30	4.0
6	31	1.0
6	33	1.0
6	34	1.0
6	35	1.0
6	36	4.0
6	40	1.0
6	42	2.0
6	43	2.0
6	45	1.0
6	48	1.0
6	49	3.0
6	51	3.0
6	52	1.0
6	53	1.0
6	54	1.0
6	55	2.0
6	56	1.0
6	57	1.0
6	59	2.0
6	60	3.0
6	61	2.0
6	63	4.0
6	65	3.0
6	66	1.0
6	68	2.0
6	69	1.0
6	70	1.0
6	71	3.0
6	73	2.0
6	74	5.0
6	75	2.0
6	76	1.0
6	77	1.0
6	78	2.0
6	81	1.0
6	83	1.0
6	84	4.0
6	85	1.0
6	89	1.0
6	91	1.0
6	92	1.0
6	93	1.0
6	94	1.0
6	95	3.0
6	97	1.0
6	98	1.0
6	99	2.0
6	101	1.0
6	102	1.0
6	103	1.0
6	104	2.0
6	105	1.0
6	107	2.0
6	108	1.0
6	109	2.0
6	111	2.0
6	112	2.0
6	113	1.0
6	114	1.0
6	115	2.0
6	116	2.0
6	117	2.0
6	118	1.0
6	119	3.0
6	120	4.0
6	121	3.0
6	122	1.0
7	8	4.0
7	9	2.0
7	10	3.0
7	11	4.0
7	12	1.0
7	13	3.0
7	14	2.0
7	16	1.0
7	17	1.0
7	18	3.0
7	19	2.0
7	21	5.0
7	22	4.0
7	23	3.0
7	24	4.0
7	26	3.0
7	28	4.0
7	30	2.0
7	33	2.0
7	34	2.0
7	36	1.0
7	37	1.0
7	38	1.0
7	39	1.0
7	41	1.0
7	42	1.0
7	44	1.0
7	46	1.0
7	47	1.0
7	49	4.0
7	50	1.0
7	51	1.0
7	52	1.0
7	53	1.0
7	56	2.0
7	57	1.0
7	58	1.0
7	61	2.0
7	64	1.0
7	68	1.0
7	69	2.0
7	70	1.0
7	71	4.0
7	73	3.0
7	74	4.0
7	75	5.0
7	76	1.0
7	77	2.0
7	78	1.0
7	84	1.0
7	85	1.0
7	86	1.0
7	88	1.0
7	89	1.0
7	90	1.0
7	92	2.0
7	93	2.0
7	94	1.0
7	97	1.0
7	98	3.0
7	99	1.0
7	100	1.0
7	101	1.0
7	103	1.0
7	105	2.0
7	107	1.0
7	108	2.0
7	109	1.0
7	110	2.0
7	111	3.0
7	112	1.0
7	113	2.0
7	114	1.0
7	115	5.0
7	116	3.0
7	117	3.0
7	118	4.0
7	119	1.0
7	121	2.0
7	122	2.0
8	9	5.0
8	10	7.0
8	11	6.0
8	12	3.0
8	13	3.0
8	14	2.0
8	15	3.0
8	16	3.0
8	18	2.0
8	19	2.0
8	20	2.0
8	24	3.0
8	25	1.0
8	26	1.0
8	28	1.0
8	30	2.0
8	33	2.0
8	34	2.0
8	36	1.0
8	37	1.0
8	38	1.0
8	40	1.0
8	43	1.0
8	47	1.0
8	48	1.0
8	49	1.0
8	50	1.0
8	51	1.0
8	52	1.0
8	53	1.0
8	54	3.0
8	55	2.0
8	56	1.0
8	57	3.0
8	58	2.0
8	59	1.0
8	60	1.0
8	61	1.0
8	67	1.0
8	68	1.0
8	69	2.0
8	70	4.0
8	71	2.0
8	72	3.0
8	73	2.0
8	74	2.0
8	75	2.0
8	77	2.0
8	79	1.0
8	81	3.0
8	82	1.0
8	83	1.0
8	87	1.0
8	88	2.0
8	89	1.0
8	90	3.0
8	92	1.0
8	93	1.0
8	95	1.0
8	96	1.0
8	97	1.0
8	99	3.0
8	100	2.0
8	101	2.0
8	102	1.0
8	103	1.0
8	104	1.0
8	105	4.0
8	106	1.0
8	107	1.0
8	108	1.0
8	109	2.0
8	110	2.0
8	112	2.0
8	113	3.0
8	114	1.0
8	116	3.0
8	117	1.0
8	118	4.0
8	119	3.0
8	120	1.0
8	121	4.0
8	122	4.0
9	10	8.0
9	11	7.0
9	12	3.0
9	13	5.0
9	14	3.0
9	15	2.0
9	16	1.0
9	17	3.0
9	18	2.0
9	19	2.0
9	20	2.0
9	22	2.0
9	23	2.0
9	24	1.0
9	25	2.0
9	26	2.0
9	29	1.0
9	30	1.0
9	33	2.0
9	36	1.0
9	37	1.0
9	40	1.0
9	41	1.0
9	44	1.0
9	45	3.0
9	46	1.0
9	47	2.0
9	48	1.0
9	49	1.0
9	51	2.0
9	52	2.0
9	55	2.0
9	56	1.0
9	58	1.0
9	59	2.0
9	60	1.0
9	61	1.0
9	63	3.0
9	64	1.0
9	65	2.0
9	69	6.0
9	70	1.0
9	73	3.0
9	74	2.0
9	75	2.0
9	76	2.0
9	77	1.0
9	79	1.0
9	80	1.0
9	82	2.0
9	83	2.0
9	84	1.0
9	85	1.0
9	90	1.0
9	91	1.0
9	95	2.0
9	96	1.0
9	98	1.0
9	99	4.0
9	100	2.0
9	101	3.0
9	103	1.0
9	104	1.0
9	105	1.0
9	106	1.0
9	107	2.0
9	109	1.0
9	110	2.0
9	111	1.0
9	112	2.0
9	113	1.0
9	114	2.0
9	115	1.0
9	116	2.0
9	117	2.0
9	118	2.0
9	120	3.0
9	121	4.0
9	122	1.0
10	11	15.0
10	12	6.0
10	13	5.0
10	14	1.0
10	15	7.0
10	16	3.0
10	17	5.0
10	18	5.0
10	19	2.0
10	20	1.0
10	21	1.0
10	22	1.0
10	23	2.0
10	25	1.0
10	26	2.0
10	28	1.0
10	29	1.0
10	30	1.0
10	31	1.0
10	32	1.0
10	38	1.0
10	39	1.0
10	40	2.0
10	42	1.0
10	44	1.0
10	45	1.0
10	47	1.0
10	48	1.0
10	49	1.0
10	52	1.0
10	53	1.0
10	54	2.0
10	55	1.0
10	57	1.0
10	58	1.0
10	59	3.0
10	60	2.0
10	63	1.0
10	65	1.0
10	66	1.0
10	68	1.0
10	69	2.0
10	71	1.0
10	72	4.0
10	73	1.0
10	74	3.0
10	76	3.0
10	77	1.0
10	78	1.0
10	79	2.0
10	81	1.0
10	82	2.0
10	83	2.0
10	84	2.0
10	85	4.0
10	86	1.0
10	91	1.0
10	92	1.0
10	93	1.0
10	94	1.0
10	95	3.0
10	97	1.0
10	98	2.0
10	100	1.0
10	101	1.0
10	103	1.0
10	104	1.0
10	105	4.0
10	106	1.0
10	107	2.0
10	108	1.0
10	110	1.0
10	111	3.0
10	112	2.0
10	115	1.0
10	116	3.0
10	117	1.0
10	118	4.0
10	120	3.0
10	121	6.0
10	122	2.0
11	12	5.0
11	13	2.0
11	14	4.0
11	15	4.0
11	16	1.0
11	17	3.0
11	18	1.0
11	20	2.0
11	21	2.0
11	22	2.0
11	23	1.0
11	24	2.0
11	25	1.0
11	26	1.0
11	31	2.0
11	33	2.0
11	36	1.0
11	37	1.0
11	38	1.0
11	41	1.0
11	42	2.0
11	45	2.0
11	46	1.0
11	47	1.0
11	48	1.0
11	49	3.0
11	50	1.0
11	51	1.0
11	53	1.0
11	54	1.0
11	56	1.0
11	57	1.0
11	59	1.0
11	60	2.0
11	62	2.0
11	63	2.0
11	64	1.0
11	66	2.0
11	67	1.0
11	70	1.0
11	71	3.0
11	72	1.0
11	73	2.0
11	75	3.0
11	76	6.0
11	77	2.0
11	79	1.0
11	80	1.0
11	81	2.0
11	83	2.0
11	84	1.0
11	86	1.0
11	88	1.0
11	91	2.0
11	92	2.0
11	93	2.0
11	94	2.0
11	98	1.0
11	100	1.0
11	101	2.0
11	102	1.0
11	104	1.0
11	106	1.0
11	108	2.0
11	109	1.0
11	110	2.0
11	112	1.0
11	114	1.0
11	115	4.0
11	116	4.0
11	117	2.0
11	120	1.0
11	121	4.0
11	122	1.0
12	13	10.0
12	14	7.0
12	15	5.0
12	16	4.0
12	17	6.0
12	18	2.0
12	19	3.0
12	20	4.0
12	22	2.0
12	23	4.0
12	24	1.0
12	26	2.0
12	27	1.0
12	29	1.0
12	32	1.0
12	35	1.0
12	36	1.0
12	37	1.0
12	38	1.0
12	40	1.0
12	41	1.0
12	43	3.0
12	45	2.0
12	46	2.0
12	47	1.0
12	48	4.0
12	49	1.0
12	50	1.0
12	52	2.0
12	53	1.0
12	55	2.0
12	56	1.0
12	57	1.0
12	64	1.0
12	65	1.0
12	66	1.0
12	69	1.0
12	70	1.0
12	71	1.0
12	72	1.0
12	74	2.0
12	77	3.0
12	81	2.0
12	83	1.0
12	84	1.0
12	85	1.0
12	86	1.0
12	87	1.0
12	90	1.0
12	92	2.0
12	94	1.0
12	101	1.0
12	102	2.0
12	103	1.0
12	104	3.0
12	105	3.0
12	107	3.0
12	108	2.0
12	111	1.0
12	112	1.0
12	114	3.0
12	115	2.0
12	117	2.0
12	118	3.0
12	119	1.0
12	120	3.0
12	121	2.0
12	122	2.0
13	14	11.0
13	15	3.0
13	16	4.0
13	17	2.0
13	18	3.0
13	19	3.0
13	20	3.0
13	21	2.0
13	22	1.0
13	24	2.0
13	25	2.0
13	27	2.0
13	28	1.0
13	29	1.0
13	35	1.0
13	36	1.0
13	37	2.0
13	39	1.0
13	40	1.0
13	41	1.0
13	43	3.0
13	46	1.0
13	47	1.0
13	48	4.0
13	49	1.0
13	51	2.0
13	53	1.0
13	54	1.0
13	55	2.0
13	56	1.0
13	57	1.0
13	58	1.0
13	60	2.0
13	62	1.0
13	63	1.0
13	65	1.0
13	66	2.0
13	70	1.0
13	71	2.0
13	72	2.0
13	74	1.0
13	75	1.0
13	76	2.0
13	78	1.0
13	79	1.0
13	81	1.0
13	82	2.0
13	84	1.0
13	85	1.0
13	86	1.0
13	87	1.0
13	91	1.0
13	92	1.0
13	96	2.0
13	97	1.0
13	98	1.0
13	99	1.0
13	100	3.0
13	101	2.0
13	102	2.0
13	103	1.0
13	104	2.0
13	106	3.0
13	108	3.0
13	109	2.0
13	112	1.0
13	114	1.0
13	116	1.0
13	118	1.0
13	120	1.0
13	121	1.0
13	122	1.0
14	15	9.0
14	16	5.0
14	17	2.0
14	18	6.0
14	19	4.0
14	20	2.0
14	21	2.0
14	22	2.0
14	23	2.0
14	24	2.0
14	26	2.0
14	27	1.0
14	29	1.0
14	31	1.0
14	35	1.0
14	36	1.0
14	38	2.0
14	39	2.0
14	40	1.0
14	41	2.0
14	42	1.0
14	43	2.0
14	46	1.0
14	48	4.0
14	49	2.0
14	50	2.0
14	51	1.0
14	52	1.0
14	53	3.0
14	55	1.0
14	56	2.0
14	62	2.0
14	64	2.0
14	65	1.0
14	66	2.0
14	67	1.0
14	68	2.0
14	69	2.0
14	70	2.0
14	71	2.0
14	72	1.0
14	73	1.0
14	74	2.0
14	75	3.0
14	77	1.0
14	78	3.0
14	79	2.0
14	80	1.0
14	81	2.0
14	82	1.0
14	84	3.0
14	85	1.0
14	87	1.0
14	88	2.0
14	89	1.0
14	91	1.0
14	92	1.0
14	93	2.0
14	95	1.0
14	96	1.0
14	97	2.0
14	98	1.0
14	99	3.0
14	101	1.0
14	102	1.0
14	104	1.0
14	105	2.0
14	108	1.0
14	109	4.0
14	110	3.0
14	111	1.0
14	112	1.0
14	113	1.0
14	114	2.0
14	115	1.0
14	117	2.0
14	120	1.0
14	121	2.0
15	16	2.0
15	17	4.0
15	18	4.0
15	19	5.0
15	20	3.0
15	21	2.0
15	22	1.0
15	23	1.0
15	24	2.0
15	25	5.0
15	28	1.0
15	31	2.0
15	36	1.0
15	39	1.0
15	40	1.0
15	43	1.0
15	44	1.0
15	46	1.0
15	47	1.0
15	48	1.0
15	50	1.0
15	51	3.0
15	52	4.0
15	53	2.0
15	54	3.0
15	56	2.0
15	57	1.0
15	59	4.0
15	61	1.0
15	62	1.0
15	64	1.0
15	65	2.0
15	69	1.0
15	70	2.0
15	71	2.0
15	73	1.0
15	74	2.0
15	76	1.0
15	77	2.0
15	78	2.0
15	80	1.0
15	83	1.0
15	84	1.0
15	86	1.0
15	88	2.0
15	97	1.0
15	98	1.0
15	99	1.0
15	101	2.0
15	103	1.0
15	107	3.0
15	108	1.0
15	110	3.0
15	112	1.0
15	113	3.0
15	114	2.0
15	115	1.0
15	117	2.0
15	120	2.0
15	122	1.0
16	17	26.0
16	18	12.0
16	19	14.0
16	20	3.0
16	21	6.0
16	22	4.0
16	23	4.0
16	24	1.0
16	25	1.0
16	26	3.0
16	27	2.0
16	28	1.0
16	29	4.0
16	30	1.0
16	31	1.0
16	32	1.0
16	34	1.0
16	36	1.0
16	37	1.0
16	38	1.0
16	40	2.0
16	41	1.0
16	43	1.0
16	44	1.0
16	45	1.0
16	47	2.0
16	48	2.0
16	49	5.0
16	50	1.0
16	51	2.0
16	52	1.0
16	53	4.0
16	54	1.0
16	56	2.0
16	57	2.0
16	58	1.0
16	59	1.0
16	60	1.0
16	61	4.0
16	62	2.0
16	63	1.0
16	64	2.0
16	65	2.0
16	67	1.0
16	69	1.0
16	71	1.0
16	73	2.0
16	74	1.0
16	75	2.0
16	76	1.0
16	77	1.0
16	81	1.0
16	82	2.0
16	86	1.0
16	89	2.0
16	91	2.0
16	93	2.0
16	94	3.0
16	95	2.0
16	99	1.0
16	100	1.0
16	102	1.0
16	104	3.0
16	106	1.0
16	107	1.0
16	108	1.0
16	109	1.0
16	110	1.0
16	112	1.0
16	115	2.0
16	118	1.0
16	119	3.0
16	120	1.0
16	121	3.0
17	18	15.0
17	19	21.0
17	20	6.0
17	21	2.0
17	22	3.0
17	23	7.0
17	24	3.0
17	25	3.0
17	26	2.0
17	27	3.0
17	29	2.0
17	30	1.0
17	32	2.0
17	36	1.0
17	38	1.0
17	39	1.0
17	40	2.0
17	43	1.0
17	44	1.0
17	45	1.0
17	46	2.0
17	47	1.0
17	48	3.0
17	49	4.0
17	50	1.0
17	52	1.0
17	53	1.0
17	54	4.0
17	55	3.0
17	56	1.0
17	58	3.0
17	59	3.0
17	60	4.0
17	61	1.0
17	62	1.0
17	63	2.0
17	64	1.0
17	65	2.0
17	68	1.0
17	69	2.0
17	70	3.0
17	71	1.0
17	72	1.0
17	73	1.0
17	74	4.0
17	75	1.0
17	78	2.0
17	79	2.0
17	80	1.0
17	81	2.0
17	83	2.0
17	84	1.0
17	86	1.0
17	87	2.0
17	88	1.0
17	89	2.0
17	90	1.0
17	91	2.0
17	92	2.0
17	93	2.0
17	94	1.0
17	95	1.0
17	96	1.0
17	98	1.0
17	100	2.0
17	101	2.0
17	102	1.0
17	103	1.0
17	105	2.0
17	107	2.0
17	108	1.0
17	111	1.0
17	115	2.0
17	116	1.0
17	118	1.0
17	119	1.0
17	120	1.0
17	122	1.0
18	19	9.0
18	20	4.0
18	21	2.0
18	22	4.0
18	23	3.0
18	24	3.0
18	25	2.0
18	26	1.0
18	27	1.0
18	28	1.0
18	29	1.0
18	30	1.0
18	31	2.0
18	36	1.0
18	39	2.0
18	40	1.0
18	42	1.0
18	43	1.0
18	44	1.0
18	45	2.0
18	46	1.0
18	48	1.0
18	49	1.0
18	50	2.0
18	51	3.0
18	52	3.0
18	53	1.0
18	55	1.0
18	57	5.0
18	59	1.0
18	60	2.0
18	63	1.0
18	67	2.0
18	70	2.0
18	73	2.0
18	74	1.0
18	75	1.0
18	76	1.0
18	77	1.0
18	81	2.0
18	82	1.0
18	84	1.0
18	85	2.0
18	89	1.0
18	91	1.0
18	93	1.0
18	94	2.0
18	95	1.0
18	97	1.0
18	99	1.0
18	101	1.0
18	103	1.0
18	104	1.0
18	105	2.0
18	106	2.0
18	109	2.0
18	110	1.0
18	111	2.0
18	114	1.0
18	115	3.0
18	117	1.0
18	120	1.0
19	20	13.0
19	21	5.0
19	22	8.0
19	23	3.0
19	24	6.0
19	25	1.0
19	27	4.0
19	31	1.0
19	33	1.0
19	37	1.0
19	38	1.0
19	41	3.0
19	44	1.0
19	46	1.0
19	47	1.0
19	48	1.0
19	49	1.0
19	50	2.0
19	51	2.0
19	52	3.0
19	53	4.0
19	54	3.0
19	55	1.0
19	56	1.0
19	57	2.0
19	58	2.0
19	59	2.0
19	60	5.0
19	61	2.0
19	62	1.0
19	63	1.0
19	65	1.0
19	66	2.0
19	70	2.0
19	71	1.0
19	72	3.0
19	74	2.0
19	75	1.0
19	76	2.0
19	78	2.0
19	79	2.0
19	80	2.0
19	82	3.0
19	83	2.0
19	85	1.0
19	86	1.0
19	87	1.0
19	88	1.0
19	89	2.0
19	90	1.0
19	91	2.0
19	92	2.0
19	94	1.0
19	95	1.0
19	98	1.0
19	102	1.0
19	103	1.0
19	104	1.0
19	105	1.0
19	107	1.0
19	110	5.0
19	111	1.0
19	114	1.0
19	115	3.0
19	116	2.0
19	119	1.0
19	121	2.0
20	21	9.0
20	22	5.0
20	23	5.0
20	24	4.0
20	25	3.0
20	26	1.0
20	28	5.0
20	29	2.0
20	30	4.0
20	31	1.0
20	32	2.0
20	36	1.0
20	37	1.0
20	40	1.0
20	42	2.0
20	43	1.0
20	44	2.0
20	46	1.0
20	47	1.0
20	48	1.0
20	49	2.0
20	50	2.0
20	51	2.0
20	52	9.0
20	53	2.0
20	54	2.0
20	55	3.0
20	56	2.0
20	57	2.0
20	58	1.0
20	62	4.0
20	64	3.0
20	65	3.0
20	68	1.0
20	69	2.0
20	70	1.0
20	71	2.0
20	72	1.0
20	73	2.0
20	74	1.0
20	75	2.0
20	76	2.0
20	77	3.0
20	78	1.0
20	79	2.0
20	80	1.0
20	81	1.0
20	84	3.0
20	86	1.0
20	87	1.0
20	89	1.0
20	90	1.0
20	91	3.0
20	92	2.0
20	94	2.0
20	103	1.0
20	104	1.0
20	105	2.0
20	108	1.0
20	109	1.0
20	112	1.0
20	115	1.0
20	116	1.0
20	117	2.0
20	120	2.0
20	121	2.0
21	22	9.0
21	23	5.0
21	24	8.0
21	25	1.0
21	26	1.0
21	27	5.0
21	28	2.0
21	29	3.0
21	31	2.0
21	32	1.0
21	33	1.0
21	34	1.0
21	37	1.0
21	38	2.0
21	39	2.0
21	40	1.0
21	41	1.0
21	43	3.0
21	47	1.0
21	48	2.0
21	49	3.0
21	50	4.0
21	51	3.0
21	52	2.0
21	53	2.0
21	56	1.0
21	57	2.0
21	58	1.0
21	61	1.0
21	64	1.0
21	65	2.0
21	66	1.0
21	67	1.0
21	69	1.0
21	70	2.0
21	72	1.0
21	73	1.0
21	74	1.0
21	75	2.0
21	76	1.0
21	79	1.0
21	80	2.0
21	82	2.0
21	83	1.0
21	85	3.0
21	88	2.0
21	89	1.0
21	91	2.0
21	92	1.0
21	94	1.0
21	96	1.0
21	97	1.0
21	99	2.0
21	101	1.0
21	103	3.0
21	104	1.0
21	106	2.0
21	107	1.0
21	109	1.0
21	111	1.0
21	112	1.0
21	116	1.0
21	120	1.0
22	23	11.0
22	24	8.0
22	25	4.0
22	26	1.0
22	27	1.0
22	28	2.0
22	29	2.0
22	33	1.0
22	38	1.0
22	39	3.0
22	40	1.0
22	41	2.0
22	43	1.0
22	44	2.0
22	45	2.0
22	47	1.0
22	48	2.0
22	49	2.0
22	50	2.0
22	51	2.0
22	52	2.0
22	53	1.0
22	54	2.0
22	55	3.0
22	56	5.0
22	57	4.0
22	58	1.0
22	61	2.0
22	63	1.0
22	64	1.0
22	66	2.0
22	67	1.0
22	68	2.0
22	74	1.0
22	78	3.0
22	79	1.0
22	80	1.0
22	81	1.0
22	84	1.0
22	85	2.0
22	86	1.0
22	92	1.0
22	93	1.0
22	94	2.0
22	98	1.0
22	99	2.0
22	101	2.0
22	102	2.0
22	103	1.0
22	105	1.0
22	108	1.0
22	109	1.0
22	110	1.0
22	112	1.0
22	117	2.0
22	119	1.0
22	120	1.0
22	121	2.0
22	122	2.0
23	24	7.0
23	25	2.0
23	26	3.0
23	27	1.0
23	28	2.0
23	29	1.0
23	30	1.0
23	31	3.0
23	32	2.0
23	33	1.0
23	34	1.0
23	35	2.0
23	36	1.0
23	37	1.0
23	39	2.0
23	41	1.0
23	43	2.0
23	45	1.0
23	46	3.0
23	48	1.0
23	49	1.0
23	50	5.0
23	51	2.0
23	52	2.0
23	53	2.0
23	55	1.0
23	57	3.0
23	61	4.0
23	64	1.0
23	65	1.0
23	67	1.0
23	68	3.0
23	69	4.0
23	70	1.0
23	72	1.0
23	75	3.0
23	78	1.0
23	80	2.0
23	85	1.0
23	86	2.0
23	87	3.0
23	89	1.0
23	90	1.0
23	91	2.0
23	92	1.0
23	94	1.0
23	95	1.0
23	96	1.0
23	97	2.0
23	99	1.0
23	103	1.0
23	104	1.0
23	105	3.0
23	106	1.0
23	107	1.0
23	109	2.0
23	110	1.0
23	111	1.0
23	116	1.0
23	117	3.0
23	119	1.0
23	120	1.0
24	25	4.0
24	26	4.0
24	27	2.0
24	28	3.0
24	29	4.0
24	32	4.0
24	36	2.0
24	37	2.0
24	38	1.0
24	41	3.0
24	43	2.0
24	44	2.0
24	45	1.0
24	46	4.0
24	47	3.0
24	48	1.0
24	49	5.0
24	50	2.0
24	51	1.0
24	52	5.0
24	54	2.0
24	55	3.0
24	56	1.0
24	58	2.0
24	60	3.0
24	61	1.0
24	62	2.0
24	64	3.0
24	66	1.0
24	67	1.0
24	68	1.0
24	72	1.0
24	74	1.0
24	76	1.0
24	77	2.0
24	79	1.0
24	80	1.0
24	83	1.0
24	86	1.0
24	87	1.0
24	88	2.0
24	89	1.0
24	91	1.0
24	94	1.0
24	99	1.0
24	102	1.0
24	104	1.0
24	105	1.0
24	106	1.0
24	110	2.0
24	112	1.0
24	116	3.0
24	117	1.0
24	118	1.0
24	119	2.0
25	26	11.0
25	27	3.0
25	28	1.0
25	29	3.0
25	30	3.0
25	31	2.0
25	33	2.0
25	35	2.0
25	37	1.0
25	39	2.0
25	40	1.0
25	41	3.0
25	42	2.0
25	43	1.0
25	45	2.0
25	46	5.0
25	47	3.0
25	49	1.0
25	50	1.0
25	51	6.0
25	52	3.0
25	53	2.0
25	54	4.0
25	55	2.0
25	56	3.0
25	58	5.0
25	59	1.0
25	60	1.0
25	61	3.0
25	63	1.0
25	67	2.0
25	68	4.0
25	69	1.0
25	70	3.0
25	71	2.0
25	73	3.0
25	74	1.0
25	75	2.0
25	76	2.0
25	78	1.0
25	79	1.0
25	80	1.0
25	82	1.0
25	83	1.0
25	84	2.0
25	85	1.0
25	87	1.0
25	88	1.0
25	89	1.0
25	93	1.0
25	95	1.0
25	100	2.0
25	102	2.0
25	105	2.0
25	109	3.0
25	112	2.0
25	113	1.0
25	114	1.0
25	117	1.0
25	118	2.0
25	120	2.0
25	121	1.0
25	122	1.0
26	27	5.0
26	28	2.0
26	29	4.0
26	30	3.0
26	32	1.0
26	33	1.0
26	34	1.0
26	36	2.0
26	37	2.0
26	38	1.0
26	40	1.0
26	41	2.0
26	42	2.0
26	43	1.0
26	44	2.0
26	45	1.0
26	46	2.0
26	47	5.0
26	48	8.0
26	49	2.0
26	50	3.0
26	51	4.0
26	52	6.0
26	53	2.0
26	56	2.0
26	58	1.0
26	60	2.0
26	62	2.0
26	64	1.0
26	65	1.0
26	66	1.0
26	67	1.0
26	74	1.0
26	76	2.0
26	77	1.0
26	79	1.0
26	80	1.0
26	81	1.0
26	84	1.0
26	87	1.0
26	90	3.0
26	93	1.0
26	94	1.0
26	95	2.0
26	99	1.0
26	100	1.0
26	101	1.0
26	102	1.0
26	103	1.0
26	104	2.0
26	105	2.0
26	106	2.0
26	107	1.0
26	110	2.0
26	111	1.0
26	112	1.0
26	113	1.0
26	114	3.0
26	117	2.0
26	118	2.0
26	120	1.0
26	122	1.0
27	28	3.0
27	29	1.0
27	30	1.0
27	31	1.0
27	32	3.0
27	34	1.0
27	35	1.0
27	41	1.0
27	42	2.0
27	46	3.0
27	47	2.0
27	48	1.0
27	49	4.0
27	50	3.0
27	51	2.0
27	52	1.0
27	53	3.0
27	54	3.0
27	55	2.0
27	56	3.0
27	57	2.0
27	58	3.0
27	59	1.0
27	60	4.0
27	62	2.0
27	64	1.0
27	65	3.0
27	67	1.0
27	73	2.0
27	74	2.0
27	83	1.0
27	84	1.0
27	85	2.0
27	86	1.0
27	88	1.0
27	90	1.0
27	92	1.0
27	97	1.0
27	99	2.0
27	101	1.0
27	104	1.0
27	106	2.0
27	108	2.0
27	109	2.0
27	112	1.0
27	114	1.0
27	115	1.0
27	117	1.0
27	119	1.0
27	120	1.0
27	121	1.0
27	122	1.0
28	29	9.0
28	30	6.0
28	31	4.0
28	32	3.0
28	34	1.0
28	35	2.0
28	36	2.0
28	37	1.0
28	38	2.0
28	39	3.0
28	40	3.0
28	41	2.0
28	42	3.0
28	43	1.0
28	44	1.0
28	46	1.0
28	47	5.0
28	48	1.0
28	49	2.0
28	50	2.0
28	51	3.0
28	52	1.0
28	53	1.0
28	54	2.0
28	56	1.0
28	57	3.0
28	58	1.0
28	59	1.0
28	60	2.0
28	61	2.0
28	62	3.0
28	64	1.0
28	65	4.0
28	66	1.0
28	67	2.0
28	69	1.0
28	70	2.0
28	71	2.0
28	72	1.0
28	73	1.0
28	74	2.0
28	77	3.0
28	81	2.0
28	82	2.0
28	85	1.0
28	86	1.0
28	87	1.0
28	89	2.0
28	95	1.0
28	96	1.0
28	98	1.0
28	101	1.0
28	103	1.0
28	107	1.0
28	108	1.0
28	109	2.0
28	111	2.0
28	115	2.0
28	119	2.0
28	121	1.0
28	122	1.0
29	30	6.0
29	31	2.0
29	32	3.0
29	33	1.0
29	35	2.0
29	36	2.0
29	38	1.0
29	41	5.0
29	42	2.0
29	43	1.0
29	45	2.0
29	47	1.0
29	48	3.0
29	49	1.0
29	50	1.0
29	51	3.0
29	54	2.0
29	55	2.0
29	56	2.0
29	57	1.0
29	58	3.0
29	59	2.0
29	61	2.0
29	62	1.0
29	67	2.0
29	68	1.0
29	69	3.0
29	72	1.0
29	73	2.0
29	74	1.0
29	75	1.0
29	79	1.0
29	80	1.0
29	81	1.0
29	83	2.0
29	84	1.0
29	85	1.0
29	87	1.0
29	89	1.0
29	90	1.0
29	92	1.0
29	93	1.0
29	96	2.0
29	98	1.0
29	99	1.0
29	100	1.0
29	105	2.0
29	106	2.0
29	107	1.0
29	108	1.0
29	110	2.0
29	115	2.0
29	116	2.0
29	118	1.0
29	120	1.0
29	121	1.0
29	122	1.0
30	31	4.0
30	32	1.0
30	34	1.0
30	36	1.0
30	37	1.0
30	38	1.0
30	39	3.0
30	40	2.0
30	41	3.0
30	43	2.0
30	44	1.0
30	47	2.0
30	48	1.0
30	49	3.0
30	50	3.0
30	51	1.0
30	52	2.0
30	53	1.0
30	54	3.0
30	55	2.0
30	56	4.0
30	57	1.0
30	58	1.0
30	60	3.0
30	61	1.0
30	62	2.0
30	63	2.0
30	65	1.0
30	69	1.0
30	71	2.0
30	72	1.0
30	74	1.0
30	77	2.0
30	81	1.0
30	82	1.0
30	83	1.0
30	84	1.0
30	88	1.0
30	89	1.0
30	90	1.0
30	97	1.0
30	98	1.0
30	99	1.0
30	101	1.0
30	103	1.0
30	104	1.0
30	106	1.0
30	109	1.0
30	111	1.0
30	112	1.0
30	113	1.0
30	114	2.0
30	115	1.0
30	116	1.0
30	117	1.0
30	119	1.0
30	122	1.0
31	32	3.0
31	34	1.0
31	35	2.0
31	37	1.0
31	38	1.0
31	39	3.0
31	40	8.0
31	41	1.0
31	42	3.0
31	43	1.0
31	46	1.0
31	47	3.0
31	48	2.0
31	51	1.0
31	52	2.0
31	54	1.0
31	55	1.0
31	57	2.0
31	58	1.0
31	60	2.0
31	61	3.0
31	72	1.0
31	73	1.0
31	75	1.0
31	78	1.0
31	79	1.0
31	81	1.0
31	82	2.0
31	84	1.0
31	85	1.0
31	87	1.0
31	90	2.0
31	91	1.0
31	92	1.0
31	93	1.0
31	95	1.0
31	97	1.0
31	100	1.0
31	103	1.0
31	113	1.0
31	120	2.0
32	33	8.0
32	34	1.0
32	35	1.0
32	36	2.0
32	37	4.0
32	38	5.0
32	39	8.0
32	40	11.0
32	41	2.0
32	42	6.0
32	43	1.0
32	45	3.0
32	46	1.0
32	48	1.0
32	49	1.0
32	53	1.0
32	54	1.0
32	56	1.0
32	57	3.0
32	61	1.0
32	63	1.0
32	64	3.0
32	67	1.0
32	71	2.0
32	73	2.0
32	76	1.0
32	77	2.0
32	78	1.0
32	79	2.0
32	81	1.0
32	82	1.0
32	83	1.0
32	84	2.0
32	89	3.0
32	90	1.0
32	92	1.0
32	93	1.0
32	98	1.0
32	104	1.0
32	106	2.0
32	109	1.0
32	110	1.0
32	112	1.0
32	113	1.0
32	115	1.0
32	118	1.0
32	122	1.0
33	34	4.0
33	35	1.0
33	36	2.0
33	37	5.0
33	38	14.0
33	39	2.0
33	40	3.0
33	41	2.0
33	42	1.0
33	43	2.0
33	45	1.0
33	46	1.0
33	49	1.0
33	50	2.0
33	54	2.0
33	55	1.0
33	57	1.0
33	59	1.0
33	61	1.0
33	62	1.0
33	64	2.0
33	66	1.0
33	70	1.0
33	77	1.0
33	78	1.0
33	90	1.0
33	95	1.0
33	101	1.0
33	102	1.0
33	109	2.0
33	110	2.0
33	116	1.0
33	117	1.0
33	120	1.0
34	35	4.0
34	36	5.0
34	37	30.0
34	38	4.0
34	39	2.0
34	40	1.0
34	41	2.0
34	43	1.0
34	44	1.0
34	46	2.0
34	47	1.0
34	49	4.0
34	50	1.0
34	53	1.0
34	54	1.0
34	55	1.0
34	57	1.0
34	58	2.0
34	62	1.0
34	68	1.0
34	69	1.0
34	70	1.0
34	73	1.0
34	74	1.0
34	75	1.0
34	78	1.0
34	79	2.0
34	81	1.0
34	86	1.0
34	90	2.0
34	91	1.0
34	101	1.0
34	106	1.0
34	109	1.0
34	114	1.0
34	116	1.0
35	36	20.0
35	37	5.0
35	38	3.0
35	39	1.0
35	40	1.0
35	41	2.0
35	43	3.0
35	48	1.0
35	51	1.0
35	52	2.0
35	53	1.0
35	54	2.0
35	55	1.0
35	57	1.0
35	60	1.0
35	61	3.0
35	63	1.0
35	66	2.0
35	67	1.0
35	70	1.0
35	71	3.0
35	73	1.0
35	74	1.0
35	76	1.0
35	79	1.0
35	80	1.0
35	85	1.0
35	86	1.0
35	98	1.0
35	99	3.0
35	101	1.0
35	105	1.0
35	110	1.0
35	111	1.0
35	114	2.0
35	118	1.0
35	121	1.0
35	122	1.0
36	37	8.0
36	38	5.0
36	39	2.0
36	40	1.0
36	42	1.0
36	48	1.0
36	51	1.0
36	58	1.0
36	61	1.0
36	68	1.0
36	71	2.0
36	73	1.0
36	78	1.0
36	81	1.0
36	82	1.0
36	86	1.0
36	88	1.0
36	95	1.0
36	97	1.0
36	107	1.0
36	112	1.0
36	120	1.0
36	121	1.0
37	38	1.0
37	40	1.0
37	41	2.0
37	42	4.0
37	45	1.0
37	51	2.0
37	52	1.0
37	53	1.0
37	54	1.0
37	56	2.0
37	57	1.0
37	61	1.0
37	62	1.0
37	63	1.0
37	68	1.0
37	71	1.0
37	72	2.0
37	73	1.0
37	74	1.0
37	76	3.0
37	86	1.0
37	90	1.0
37	94	1.0
37	96	2.0
37	101	1.0
37	108	1.0
37	111	2.0
37	114	2.0
37	118	1.0
38	39	6.0
38	40	4.0
38	41	5.0
38	42	3.0
38	43	3.0
38	44	1.0
38	45	4.0
38	46	1.0
38	48	1.0
38	49	1.0
38	52	1.0
38	53	1.0
38	55	2.0
38	57	1.0
38	58	3.0
38	61	1.0
38	65	1.0
38	66	1.0
38	67	3.0
38	69	1.0
38	70	2.0
38	71	2.0
38	73	1.0
38	79	1.0
38	82	1.0
38	84	1.0
38	88	1.0
38	93	1.0
38	95	1.0
38	99	1.0
38	105	1.0
38	106	1.0
38	109	1.0
38	110	1.0
38	111	1.0
38	116	1.0
38	118	1.0
39	40	1.0
39	41	4.0
39	42	2.0
39	43	3.0
39	44	3.0
39	45	1.0
39	46	1.0
39	48	2.0
39	49	2.0
39	53	3.0
39	55	1.0
39	56	3.0
39	58	1.0
39	61	1.0
39	64	1.0
39	67	2.0
39	71	2.0
39	73	1.0
39	74	1.0
39	75	1.0
39	79	1.0
39	86	1.0
39	88	2.0
39	93	1.0
39	96	2.0
39	98	1.0
39	101	1.0
39	103	2.0
39	105	1.0
39	108	1.0
39	111	1.0
39	112	1.0
39	114	1.0
39	115	1.0
39	116	1.0
39	118	1.0
40	41	3.0
40	42	2.0
40	43	2.0
40	44	1.0
40	45	1.0
40	47	3.0
40	48	1.0
40	49	3.0
40	50	1.0
40	51	1.0
40	52	1.0
40	53	2.0
40	54	1.0
40	55	1.0
40	56	1.0
40	61	3.0
40	63	1.0
40	67	2.0
40	70	1.0
40	71	3.0
40	72	1.0
40	73	1.0
40	74	2.0
40	78	2.0
40	79	1.0
40	80	4.0
40	81	3.0
40	83	2.0
40	84	2.0
40	85	3.0
40	87	1.0
40	90	2.0
40	91	1.0
40	94	3.0
40	100	2.0
40	104	1.0
40	106	1.0
40	110	1.0
40	116	3.0
40	118	3.0
40	119	1.0
40	122	5.0
41	42	2.0
41	43	1.0
41	45	1.0
41	46	2.0
41	47	1.0
41	48	2.0
41	51	3.0
41	52	1.0
41	54	1.0
41	55	1.0
41	56	1.0
41	57	1.0
41	58	1.0
41	60	2.0
41	61	1.0
41	62	1.0
41	64	2.0
41	66	2.0
41	68	1.0
41	69	1.0
41	71	1.0
41	72	1.0
41	73	1.0
41	75	2.0
41	76	2.0
41	78	1.0
41	81	2.0
41	85	1.0
41	86	2.0
41	87	1.0
41	88	1.0
41	91	2.0
41	93	1.0
41	99	2.0
41	102	2.0
41	103	1.0
41	105	1.0
41	108	1.0
41	109	1.0
41	113	2.0
41	118	3.0
41	120	1.0
41	122	1.0
42	43	2.0
42	44	2.0
42	45	1.0
42	46	3.0
42	47	1.0
42	48	1.0
42	49	1.0
42	50	3.0
42	52	1.0
42	55	1.0
42	56	1.0
42	57	2.0
42	59	1.0
42	60	1.0
42	61	1.0
42	63	1.0
42	65	2.0
42	69	1.0
42	71	1.0
42	72	1.0
42	76	1.0
42	80	1.0
42	84	1.0
42	89	2.0
42	93	1.0
42	98	2.0
42	99	1.0
42	107	1.0
42	111	1.0
42	113	3.0
42	114	1.0
42	116	1.0
42	117	1.0
42	119	1.0
42	120	1.0
42	122	1.0
43	44	5.0
43	45	3.0
43	46	1.0
43	47	2.0
43	48	3.0
43	49	1.0
43	50	3.0
43	53	2.0
43	54	2.0
43	55	1.0
43	57	2.0
43	58	1.0
43	59	1.0
43	60	1.0
43	61	2.0
43	62	1.0
43	63	2.0
43	64	1.0
43	65	1.0
43	67	1.0
43	69	1.0
43	71	1.0
43	73	1.0
43	74	1.0
43	75	2.0
43	76	2.0
43	82	1.0
43	84	1.0
43	85	1.0
43	86	1.0
43	87	2.0
43	89	2.0
43	90	1.0
43	91	1.0
43	92	1.0
43	94	1.0
43	98	1.0
43	100	1.0
43	106	2.0
43	108	1.0
44	45	1.0
44	46	1.0
44	47	3.0
44	49	1.0
44	51	3.0
44	53	1.0
44	54	5.0
44	55	3.0
44	56	1.0
44	59	2.0
44	61	1.0
44	62	2.0
44	63	2.0
44	64	1.0
44	65	1.0
44	67	1.0
44	68	1.0
44	69	1.0
44	74	2.0
44	75	1.0
44	76	1.0
44	77	1.0
44	78	1.0
44	79	1.0
44	80	1.0
44	84	1.0
44	88	1.0
44	91	1.0
44	94	1.0
44	98	1.0
44	100	1.0
44	101	1.0
44	103	1.0
44	105	1.0
44	106	1.0
44	108	1.0
44	109	1.0
44	111	1.0
44	115	1.0
44	118	2.0
44	119	1.0
45	46	5.0
45	48	2.0
45	49	1.0
45	50	2.0
45	51	3.0
45	52	3.0
45	53	2.0
45	54	5.0
45	55	1.0
45	56	3.0
45	58	1.0
45	61	2.0
45	62	2.0
45	64	1.0
45	66	3.0
45	70	1.0
45	73	1.0
45	74	1.0
45	75	1.0
45	77	1.0
45	79	2.0
45	84	1.0
45	86	3.0
45	87	2.0
45	90	1.0
45	95	1.0
45	96	1.0
45	98	2.0
45	103	1.0
45	104	1.0
45	106	1.0
45	107	1.0
45	110	1.0
45	111	3.0
45	113	1.0
45	116	1.0
45	117	1.0
45	118	2.0
46	47	6.0
46	48	1.0
46	49	2.0
46	50	2.0
46	51	4.0
46	52	2.0
46	53	1.0
46	54	5.0
46	55	3.0
46	56	6.0
46	57	4.0
46	58	2.0
46	59	1.0
46	60	1.0
46	62	3.0
46	63	1.0
46	64	4.0
46	65	2.0
46	66	1.0
46	68	1.0
46	70	2.0
46	72	1.0
46	74	3.0
46	77	2.0
46	80	1.0
46	81	3.0
46	82	2.0
46	86	1.0
46	88	1.0
46	89	1.0
46	92	1.0
46	93	1.0
46	94	1.0
46	102	2.0
46	106	1.0
46	107	2.0
46	109	1.0
46	111	1.0
46	112	2.0
46	115	1.0
46	118	1.0
46	121	1.0
46	122	1.0
47	48	1.0
47	49	6.0
47	50	2.0
47	51	2.0
47	52	2.0
47	53	2.0
47	54	3.0
47	55	2.0
47	56	5.0
47	57	4.0
47	58	3.0
47	59	2.0
47	60	1.0
47	61	1.0
47	63	1.0
47	67	1.0
47	69	1.0
47	70	1.0
47	71	1.0
47	72	1.0
47	73	1.0
47	76	1.0
47	77	1.0
47	78	1.0
47	80	1.0
47	81	1.0
47	83	1.0
47	85	1.0
47	87	2.0
47	88	2.0
47	90	2.0
47	91	2.0
47	93	1.0
47	97	2.0
47	102	1.0
47	105	1.0
47	106	2.0
47	108	1.0
47	109	1.0
47	113	1.0
47	116	1.0
47	117	1.0
48	49	4.0
48	50	3.0
48	51	9.0
48	52	9.0
48	53	5.0
48	54	5.0
48	55	5.0
48	56	4.0
48	57	2.0
48	58	3.0
48	59	1.0
48	60	2.0
48	63	2.0
48	64	3.0
48	65	2.0
48	67	3.0
48	70	2.0
48	71	3.0
48	73	1.0
48	75	1.0
48	76	3.0
48	80	2.0
48	81	1.0
48	82	1.0
48	83	1.0
48	85	2.0
48	88	1.0
48	89	1.0
48	90	1.0
48	93	1.0
48	94	1.0
48	97	1.0
48	98	1.0
48	99	1.0
48	100	1.0
48	101	2.0
48	105	1.0
48	108	1.0
48	111	1.0
48	112	1.0
48	113	1.0
48	114	2.0
48	117	2.0
48	119	1.0
48	120	1.0
48	121	1.0
49	50	9.0
49	51	5.0
49	52	8.0
49	53	3.0
49	54	3.0
49	55	3.0
49	56	1.0
49	57	3.0
49	58	3.0
49	59	2.0
49	60	2.0
49	61	2.0
49	62	2.0
49	63	3.0
49	64	1.0
49	66	6.0
49	67	1.0
49	70	1.0
49	71	1.0
49	72	1.0
49	73	2.0
49	74	2.0
49	77	1.0
49	78	1.0
49	79	3.0
49	80	1.0
49	81	1.0
49	83	1.0
49	85	1.0
49	86	1.0
49	88	2.0
49	89	1.0
49	91	2.0
49	92	1.0
49	93	2.0
49	94	2.0
49	95	2.0
49	98	1.0
49	102	1.0
49	103	1.0
49	104	2.0
49	107	1.0
49	108	1.0
49	109	2.0
49	110	1.0
49	113	3.0
49	114	2.0
49	115	1.0
49	119	3.0
49	120	1.0
49	121	2.0
49	122	2.0
50	51	1.0
50	52	3.0
50	53	3.0
50	54	2.0
50	55	2.0
50	56	4.0
50	57	2.0
50	58	5.0
50	59	2.0
50	62	1.0
50	63	1.0
50	64	1.0
50	65	1.0
50	66	2.0
50	67	1.0
50	68	3.0
50	69	4.0
50	70	2.0
50	71	2.0
50	72	4.0
50	73	2.0
50	74	1.0
50	75	1.0
50	77	1.0
50	79	1.0
50	81	2.0
50	82	1.0
50	83	3.0
50	85	1.0
50	86	2.0
50	89	2.0
50	91	2.0
50	93	1.0
50	94	2.0
50	95	3.0
50	96	1.0
50	98	3.0
50	99	2.0
50	101	1.0
50	104	1.0
50	105	3.0
50	106	3.0
50	107	1.0
50	108	1.0
50	109	2.0
50	111	2.0
50	112	1.0
50	113	1.0
50	115	1.0
50	116	2.0
50	117	2.0
50	118	1.0
50	119	1.0
50	120	3.0
50	121	1.0
51	52	6.0
51	54	3.0
51	55	4.0
51	56	2.0
51	57	7.0
51	58	3.0
51	59	1.0
51	60	2.0
51	61	3.0
51	63	3.0
51	64	1.0
51	65	2.0
51	66	1.0
51	67	5.0
51	68	1.0
51	69	3.0
51	70	2.0
51	71	1.0
51	72	2.0
51	73	1.0
51	74	3.0
51	75	2.0
51	77	1.0
51	78	1.0
51	82	1.0
51	84	1.0
51	87	1.0
51	90	1.0
51	93	1.0
51	95	2.0
51	98	2.0
51	100	1.0
51	102	2.0
51	104	1.0
51	107	2.0
51	108	2.0
51	111	1.0
51	115	2.0
51	116	2.0
51	117	2.0
51	118	2.0
51	120	1.0
51	121	1.0
51	122	1.0
52	53	13.0
52	54	6.0
52	55	1.0
52	56	5.0
52	57	5.0
52	58	2.0
52	59	4.0
52	60	7.0
52	61	1.0
52	62	1.0
52	65	2.0
52	67	2.0
52	68	4.0
52	70	2.0
52	73	1.0
52	74	1.0
52	75	3.0
52	77	1.0
52	79	1.0
52	80	1.0
52	81	2.0
52	82	1.0
52	83	1.0
52	85	2.0
52	89	1.0
52	92	1.0
52	93	3.0
52	95	1.0
52	96	1.0
52	98	1.0
52	103	1.0
52	105	1.0
52	107	2.0
52	108	2.0
52	109	1.0
52	111	1.0
52	112	3.0
52	114	1.0
52	116	1.0
52	118	1.0
52	119	4.0
52	120	2.0
52	121	2.0
52	122	3.0
53	54	3.0
53	55	2.0
53	56	3.0
53	57	3.0
53	58	2.0
53	59	2.0
53	60	2.0
53	61	2.0
53	62	4.0
53	63	2.0
53	64	3.0
53	66	1.0
53	68	3.0
53	69	1.0
53	72	2.0
53	73	1.0
53	74	1.0
53	75	2.0
53	77	1.0
53	78	4.0
53	79	1.0
53	81	1.0
53	82	1.0
53	85	3.0
53	92	2.0
53	93	1.0
53	94	1.0
53	95	3.0
53	98	1.0
53	99	2.0
53	100	1.0
53	102	1.0
53	107	1.0
53	108	1.0
53	109	2.0
53	110	2.0
53	111	1.0
53	113	2.0
53	114	1.0
53	115	1.0
53	116	1.0
53	118	1.0
53	119	1.0
53	120	1.0
53	122	1.0
54	55	4.0
54	56	6.0
54	57	3.0
54	58	5.0
54	59	5.0
54	60	3.0
54	61	5.0
54	62	6.0
54	63	1.0
54	64	3.0
54	66	2.0
54	67	2.0
54	68	2.0
54	69	3.0
54	71	2.0
54	72	1.0
54	73	3.0
54	74	3.0
54	75	1.0
54	76	1.0
54	77	2.0
54	78	3.0
54	79	3.0
54	80	1.0
54	82	2.0
54	83	1.0
54	84	2.0
54	85	1.0
54	86	2.0
54	87	1.0
54	88	2.0
54	89	2.0
54	90	3.0
54	91	1.0
54	92	2.0
54	94	1.0
54	96	2.0
54	97	2.0
54	98	1.0
54	99	2.0
54	100	1.0
54	103	1.0
54	105	1.0
54	106	1.0
54	108	1.0
54	111	2.0
54	112	2.0
54	116	2.0
54	118	1.0
54	119	1.0
54	121	1.0
55	56	29.0
55	57	3.0
55	58	1.0
55	59	3.0
55	60	3.0
55	63	3.0
55	64	2.0
55	65	5.0
55	66	3.0
55	67	2.0
55	68	1.0
55	69	2.0
55	70	4.0
55	71	2.0
55	72	3.0
55	73	1.0
55	75	1.0
55	76	1.0
55	77	2.0
55	81	1.0
55	82	1.0
55	83	1.0
55	84	1.0
55	87	1.0
55	88	1.0
55	89	2.0
55	90	1.0
55	91	1.0
55	95	1.0
55	96	1.0
55	97	1.0
55	98	2.0
55	99	1.0
55	100	2.0
55	101	2.0
55	104	3.0
55	105	1.0
55	107	1.0
55	108	1.0
55	109	1.0
55	112	1.0
55	115	1.0
55	116	1.0
55	118	1.0
55	120	1.0
56	57	6.0
56	58	3.0
56	59	1.0
56	60	4.0
56	61	3.0
56	62	5.0
56	63	2.0
56	64	3.0
56	65	1.0
56	66	1.0
56	67	3.0
56	68	1.0
56	69	3.0
56	70	2.0
56	71	1.0
56	72	1.0
56	73	2.0
56	74	6.0
56	75	1.0
56	76	1.0
56	77	1.0
56	79	2.0
56	80	1.0
56	81	1.0
56	82	2.0
56	83	2.0
56	84	4.0
56	85	2.0
56	86	1.0
56	88	2.0
56	89	1.0
56	93	1.0
56	94	1.0
56	96	1.0
56	97	1.0
56	100	1.0
56	103	1.0
56	104	1.0
56	106	2.0
56	107	2.0
56	108	1.0
56	111	2.0
56	114	1.0
56	115	1.0
56	116	1.0
56	117	1.0
56	121	2.0
56	122	2.0
57	58	8.0
57	59	6.0
57	60	8.0
57	61	5.0
57	62	7.0
57	63	5.0
57	64	3.0
57	65	2.0
57	66	1.0
57	67	1.0
57	68	1.0
57	69	2.0
57	71	2.0
57	72	2.0
57	73	1.0
57	74	4.0
57	75	2.0
57	76	1.0
57	77	1.0
57	79	1.0
57	80	1.0
57	81	1.0
57	82	1.0
57	84	2.0
57	86	1.0
57	87	2.0
57	88	2.0
57	91	1.0
57	93	2.0
57	94	1.0
57	95	2.0
57	96	1.0
57	97	2.0
57	99	1.0
57	100	1.0
57	102	2.0
57	103	2.0
57	104	1.0
57	105	1.0
57	107	1.0
57	108	1.0
57	109	3.0
57	110	1.0
57	112	1.0
57	113	2.0
57	114	1.0
57	116	1.0
57	117	1.0
57	119	1.0
57	120	2.0
57	121	2.0
57	122	1.0
58	59	6.0
58	60	3.0
58	61	21.0
58	62	1.0
58	63	6.0
58	64	3.0
58	65	6.0
58	66	4.0
58	67	5.0
58	69	2.0
58	70	5.0
58	71	2.0
58	72	1.0
58	73	3.0
58	74	2.0
58	76	8.0
58	77	1.0
58	78	1.0
58	80	1.0
58	81	2.0
58	82	1.0
58	84	3.0
58	85	4.0
58	86	2.0
58	87	2.0
58	88	1.0
58	90	1.0
58	92	1.0
58	93	2.0
58	95	1.0
58	96	2.0
58	100	1.0
58	105	1.0
58	108	3.0
58	109	1.0
58	110	1.0
58	111	1.0
58	113	2.0
58	114	2.0
58	117	4.0
58	118	3.0
58	119	1.0
58	120	2.0
58	121	1.0
58	122	2.0
59	60	26.0
59	61	1.0
59	62	1.0
59	63	4.0
59	64	5.0
59	65	1.0
59	66	2.0
59	67	4.0
59	68	4.0
59	69	4.0
59	70	2.0
59	71	5.0
59	72	2.0
59	73	3.0
59	74	1.0
59	75	4.0
59	76	1.0
59	77	2.0
59	78	2.0
59	80	2.0
59	81	2.0
59	82	2.0
59	83	1.0
59	85	1.0
59	86	1.0
59	87	3.0
59	88	1.0
59	91	1.0
59	93	1.0
59	95	2.0
59	97	2.0
59	98	1.0
59	99	1.0
59	100	1.0
59	102	1.0
59	104	2.0
59	107	2.0
59	108	2.0
59	109	1.0
59	111	1.0
59	115	1.0
59	116	2.0
59	117	3.0
59	119	1.0
59	121	1.0
59	122	1.0
60	61	2.0
60	62	5.0
60	63	6.0
60	64	4.0
60	65	2.0
60	66	2.0
60	67	1.0
60	68	4.0
60	69	2.0
60	70	3.0
60	71	5.0
60	72	1.0
60	73	2.0
60	74	2.0
60	75	2.0
60	76	2.0
60	77	1.0
60	78	2.0
60	83	4.0
60	84	3.0
60	86	1.0
60	87	2.0
60	88	1.0
60	89	2.0
60	90	3.0
60	91	2.0
60	92	1.0
60	93	2.0
60	94	2.0
60	95	3.0
60	96	2.0
60	97	2.0
60	100	2.0
60	101	1.0
60	103	1.0
60	104	1.0
60	105	1.0
60	106	1.0
60	107	4.0
60	109	1.0
60	111	1.0
60	112	1.0
60	113	1.0
60	114	1.0
60	115	4.0
60	116	3.0
60	118	1.0
60	120	2.0
60	121	1.0
61	62	10.0
61	63	2.0
61	64	5.0
61	65	5.0
61	66	4.0
61	67	6.0
61	68	4.0
61	69	4.0
61	70	3.0
61	71	1.0
61	72	3.0
61	73	4.0
61	74	3.0
61	75	2.0
61	76	3.0
61	77	2.0
61	78	2.0
61	79	1.0
61	81	2.0
61	82	1.0
61	83	3.0
61	84	4.0
61	85	1.0
61	88	2.0
61	90	4.0
61	91	2.0
61	93	1.0
61	94	1.0
61	97	1.0
61	98	2.0
61	99	2.0
61	101	2.0
61	102	2.0
61	104	2.0
61	107	1.0
61	108	2.0
61	110	1.0
61	112	1.0
61	113	2.0
61	114	1.0
61	115	1.0
61	117	1.0
61	118	2.0
61	119	1.0
61	120	3.0
61	121	4.0
61	122	3.0
62	63	4.0
62	64	8.0
62	65	2.0
62	66	7.0
62	67	3.0
62	68	7.0
62	69	6.0
62	70	3.0
62	71	1.0
62	72	1.0
62	73	3.0
62	76	1.0
62	77	4.0
62	78	5.0
62	79	4.0
62	80	4.0
62	82	2.0
62	84	1.0
62	86	2.0
62	88	1.0
62	90	1.0
62	91	1.0
62	93	2.0
62	94	2.0
62	95	1.0
62	96	1.0
62	99	1.0
62	101	1.0
62	102	1.0
62	103	1.0
62	105	1.0
62	106	2.0
62	107	2.0
62	108	1.0
62	109	1.0
62	112	1.0
62	113	1.0
62	114	2.0
62	116	2.0
62	117	2.0
62	118	3.0
62	119	1.0
62	121	1.0
62	122	2.0
63	64	22.0
63	65	12.0
63	66	4.0
63	67	5.0
63	68	7.0
63	69	1.0
63	70	5.0
63	72	3.0
63	73	3.0
63	74	2.0
63	75	1.0
63	79	4.0
63	80	2.0
63	81	1.0
63	82	1.0
63	84	3.0
63	85	1.0
63	86	1.0
63	88	1.0
63	89	1.0
63	92	2.0
63	93	1.0
63	94	2.0
63	95	1.0
63	97	1.0
63	100	1.0
63	101	1.0
63	103	1.0
63	104	2.0
63	105	2.0
63	106	1.0
63	107	1.0
63	108	1.0
63	112	2.0
63	115	1.0
63	116	2.0
63	117	2.0
63	118	2.0
63	119	2.0
63	120	2.0
64	65	10.0
64	66	5.0
64	67	8.0
64	68	6.0
64	69	3.0
64	70	1.0
64	71	2.0
64	72	3.0
64	74	2.0
64	75	2.0
64	76	1.0
64	78	1.0
64	79	5.0
64	80	2.0
64	81	2.0
64	82	1.0
64	83	1.0
64	84	1.0
64	85	3.0
64	89	2.0
64	90	2.0
64	91	1.0
64	92	1.0
64	93	2.0
64	96	3.0
64	97	2.0
64	98	2.0
64	103	1.0
64	104	1.0
64	105	1.0
64	107	1.0
64	108	1.0
64	109	2.0
64	110	1.0
64	111	1.0
64	115	1.0
64	117	1.0
64	120	2.0
64	121	1.0
65	66	14.0
65	67	5.0
65	68	3.0
65	69	4.0
65	70	4.0
65	71	1.0
65	72	4.0
65	73	2.0
65	74	2.0
65	75	1.0
65	76	2.0
65	78	1.0
65	79	1.0
65	80	2.0
65	81	1.0
65	82	1.0
65	83	3.0
65	84	1.0
65	85	3.0
65	86	2.0
65	87	2.0
65	88	2.0
65	90	2.0
65	91	2.0
65	92	2.0
65	93	1.0
65	94	4.0
65	95	1.0
65	96	2.0
65	97	2.0
65	98	1.0
65	99	3.0
65	101	3.0
65	102	1.0
65	106	1.0
65	108	1.0
65	110	2.0
65	112	1.0
65	113	2.0
65	114	2.0
65	115	1.0
65	116	1.0
65	117	1.0
65	118	1.0
65	119	1.0
65	120	6.0
65	122	2.0
66	67	7.0
66	68	6.0
66	69	2.0
66	70	3.0
66	72	2.0
66	74	1.0
66	75	1.0
66	76	5.0
66	78	3.0
66	79	3.0
66	80	3.0
66	82	1.0
66	83	1.0
66	84	2.0
66	85	2.0
66	86	2.0
66	87	1.0
66	88	3.0
66	90	3.0
66	91	2.0
66	92	3.0
66	94	2.0
66	97	1.0
66	100	4.0
66	103	1.0
66	105	2.0
66	106	1.0
66	109	1.0
66	110	1.0
66	112	1.0
66	115	2.0
66	116	2.0
66	117	2.0
66	118	3.0
66	119	2.0
66	122	1.0
67	68	16.0
67	69	7.0
67	70	3.0
67	71	4.0
67	72	5.0
67	73	3.0
67	74	3.0
67	75	4.0
67	76	3.0
67	78	3.0
67	79	5.0
67	80	3.0
67	81	2.0
67	82	3.0
67	83	4.0
67	84	4.0
67	85	2.0
67	87	1.0
67	88	1.0
67	89	1.0
67	90	3.0
67	91	4.0
67	92	4.0
67	93	3.0
67	94	1.0
67	95	2.0
67	96	2.0
67	98	2.0
67	99	1.0
67	102	3.0
67	103	1.0
67	104	3.0
67	105	1.0
67	107	1.0
67	108	3.0
67	110	1.0
67	112	1.0
67	113	1.0
67	114	2.0
67	115	1.0
67	117	2.0
67	120	2.0
68	69	7.0
68	70	8.0
68	71	4.0
68	72	3.0
68	73	3.0
68	74	2.0
68	75	5.0
68	76	4.0
68	77	2.0
68	78	3.0
68	80	4.0
68	81	3.0
68	82	1.0
68	83	2.0
68	84	3.0
68	85	2.0
68	86	1.0
68	87	1.0
68	88	2.0
68	89	2.0
68	92	3.0
68	93	5.0
68	94	2.0
68	95	3.0
68	96	3.0
68	99	2.0
68	101	2.0
68	104	1.0
68	105	2.0
68	106	1.0
68	107	1.0
68	108	3.0
68	109	2.0
68	110	3.0
68	112	1.0
68	114	1.0
68	115	2.0
68	116	4.0
68	117	2.0
68	118	1.0
68	119	3.0
68	120	3.0
69	70	5.0
69	71	2.0
69	72	3.0
69	73	4.0
69	74	3.0
69	75	4.0
69	76	1.0
69	77	3.0
69	78	3.0
69	79	3.0
69	80	2.0
69	81	2.0
69	82	1.0
69	83	2.0
69	84	3.0
69	85	4.0
69	86	2.0
69	87	1.0
69	89	4.0
69	90	2.0
69	91	1.0
69	92	3.0
69	93	3.0
69	94	4.0
69	96	1.0
69	97	1.0
69	98	1.0
69	100	1.0
69	101	1.0
69	102	1.0
69	104	2.0
69	105	1.0
69	106	1.0
69	107	1.0
69	108	2.0
69	109	1.0
69	110	2.0
69	112	2.0
69	113	1.0
69	115	1.0
69	117	1.0
69	118	1.0
69	119	2.0
69	120	2.0
69	121	1.0
70	71	5.0
70	72	6.0
70	73	12.0
70	74	8.0
70	75	11.0
70	76	14.0
70	77	3.0
70	78	5.0
70	79	4.0
70	80	2.0
70	81	8.0
70	82	3.0
70	83	2.0
70	84	4.0
70	85	5.0
70	86	6.0
70	87	2.0
70	88	1.0
70	89	5.0
70	90	4.0
70	91	1.0
70	93	2.0
70	94	2.0
70	95	3.0
70	96	4.0
70	97	1.0
70	99	2.0
70	100	1.0
70	101	3.0
70	103	1.0
70	106	1.0
70	110	1.0
70	112	1.0
70	113	1.0
70	114	1.0
70	118	1.0
70	120	3.0
70	121	3.0
70	122	1.0
71	72	30.0
71	73	6.0
71	74	5.0
71	75	5.0
71	76	4.0
71	77	8.0
71	78	1.0
71	79	3.0
71	80	2.0
71	81	2.0
71	82	5.0
71	83	4.0
71	84	2.0
71	85	2.0
71	86	1.0
71	87	1.0
71	88	2.0
71	89	2.0
71	90	7.0
71	91	1.0
71	92	1.0
71	93	3.0
71	95	5.0
71	96	3.0
71	97	2.0
71	98	1.0
71	101	3.0
71	102	1.0
71	103	1.0
71	104	1.0
71	105	1.0
71	108	3.0
71	109	3.0
71	110	1.0
71	112	2.0
71	113	2.0
71	114	4.0
71	115	1.0
71	116	3.0
71	117	2.0
71	118	2.0
71	120	3.0
71	121	3.0
72	73	7.0
72	74	8.0
72	75	6.0
72	76	3.0
72	77	10.0
72	78	1.0
72	79	2.0
72	81	3.0
72	82	1.0
72	83	3.0
72	84	2.0
72	85	1.0
72	88	5.0
72	89	2.0
72	90	2.0
72	91	4.0
72	92	1.0
72	93	2.0
72	94	1.0
72	96	1.0
72	97	2.0
72	98	3.0
72	99	1.0
72	100	3.0
72	101	1.0
72	102	1.0
72	103	3.0
72	104	1.0
72	105	3.0
72	106	1.0
72	107	1.0
72	108	4.0
72	109	2.0
72	110	2.0
72	113	1.0
72	115	2.0
72	116	3.0
72	117	3.0
72	118	2.0
72	119	1.0
72	120	3.0
72	121	4.0
72	122	2.0
73	74	14.0
73	75	6.0
73	76	18.0
73	77	9.0
73	78	9.0
73	79	3.0
73	80	4.0
73	81	6.0
73	82	3.0
73	83	2.0
73	84	6.0
73	85	6.0
73	86	1.0
73	87	2.0
73	90	1.0
73	91	1.0
73	92	1.0
73	93	2.0
73	94	2.0
73	95	4.0
73	97	2.0
73	99	4.0
73	100	1.0
73	103	3.0
73	104	3.0
73	105	3.0
73	106	2.0
73	107	4.0
73	108	1.0
73	109	2.0
73	110	3.0
73	112	1.0
73	114	2.0
73	115	1.0
73	116	2.0
73	117	2.0
73	118	2.0
73	119	2.0
73	120	1.0
73	121	1.0
73	122	1.0
74	75	4.0
74	76	16.0
74	77	15.0
74	78	6.0
74	79	2.0
74	80	2.0
74	81	10.0
74	82	9.0
74	83	4.0
74	84	5.0
74	85	2.0
74	86	2.0
74	87	1.0
74	88	3.0
74	89	3.0
74	90	4.0
74	91	2.0
74	94	2.0
74	95	4.0
74	96	2.0
74	97	1.0
74	99	2.0
74	100	2.0
74	101	1.0
74	102	1.0
74	103	3.0
74	105	3.0
74	106	6.0
74	107	2.0
74	108	1.0
74	109	2.0
74	110	3.0
74	111	1.0
74	112	3.0
74	113	2.0
74	116	6.0
74	117	1.0
74	118	2.0
74	119	3.0
74	122	1.0
75	76	10.0
75	77	4.0
75	78	17.0
75	79	7.0
75	80	9.0
75	81	10.0
75	82	3.0
75	83	5.0
75	84	4.0
75	85	10.0
75	86	3.0
75	87	4.0
75	88	2.0
75	89	5.0
75	90	5.0
75	91	3.0
75	92	3.0
75	93	3.0
75	94	5.0
75	95	1.0
75	96	2.0
75	97	2.0
75	98	2.0
75	99	5.0
75	100	3.0
75	102	2.0
75	103	4.0
75	104	5.0
75	105	2.0
75	106	1.0
75	108	6.0
75	109	1.0
75	110	2.0
75	112	3.0
75	113	1.0
75	114	3.0
75	115	3.0
75	116	2.0
75	117	4.0
75	118	1.0
75	119	4.0
75	120	2.0
75	121	3.0
75	122	1.0
76	77	11.0
76	78	14.0
76	79	6.0
76	80	7.0
76	81	2.0
76	82	6.0
76	83	2.0
76	84	6.0
76	85	6.0
76	86	5.0
76	87	3.0
76	88	1.0
76	89	4.0
76	90	1.0
76	91	6.0
76	92	2.0
76	93	3.0
76	94	1.0
76	95	4.0
76	96	2.0
76	97	1.0
76	98	1.0
76	99	3.0
76	100	2.0
76	101	4.0
76	103	1.0
76	104	3.0
76	106	4.0
76	107	3.0
76	108	3.0
76	110	1.0
76	111	1.0
76	112	2.0
76	114	1.0
76	115	1.0
76	116	1.0
76	117	1.0
76	119	4.0
76	120	5.0
76	121	2.0
76	122	2.0
77	78	5.0
77	79	3.0
77	80	4.0
77	81	10.0
77	82	6.0
77	83	7.0
77	84	3.0
77	85	5.0
77	86	3.0
77	89	3.0
77	90	2.0
77	91	3.0
77	93	1.0
77	94	4.0
77	98	1.0
77	99	1.0
77	100	1.0
77	101	3.0
77	102	2.0
77	107	2.0
77	109	1.0
77	110	3.0
77	112	1.0
77	114	5.0
77	115	2.0
77	116	6.0
77	117	1.0
77	119	2.0
77	120	1.0
77	122	5.0
78	79	8.0
78	80	11.0
78	81	12.0
78	82	12.0
78	83	5.0
78	84	8.0
78	85	3.0
78	86	3.0
78	87	3.0
78	88	4.0
78	89	5.0
78	90	4.0
78	91	6.0
78	93	1.0
78	94	4.0
78	95	2.0
78	96	5.0
78	97	1.0
78	98	1.0
78	99	1.0
78	100	1.0
78	102	1.0
78	103	1.0
78	104	2.0
78	105	3.0
78	106	2.0
78	107	3.0
78	108	2.0
78	109	2.0
78	110	2.0
78	111	1.0
78	112	4.0
78	113	2.0
78	114	2.0
78	115	3.0
78	116	3.0
78	117	2.0
78	118	4.0
78	119	1.0
78	120	1.0
78	121	1.0
78	122	2.0
79	80	17.0
79	81	4.0
79	82	4.0
79	83	7.0
79	84	2.0
79	85	5.0
79	86	5.0
79	87	3.0
79	88	3.0
79	89	2.0
79	90	3.0
79	91	2.0
79	93	2.0
79	94	1.0
79	95	2.0
79	96	1.0
79	97	3.0
79	98	1.0
79	99	4.0
79	100	2.0
79	102	1.0
79	104	1.0
79	105	2.0
79	106	1.0
79	107	2.0
79	108	3.0
79	110	2.0
79	112	1.0
79	113	1.0
79	114	2.0
79	115	3.0
79	116	2.0
79	117	3.0
79	118	5.0
79	119	1.0
79	120	1.0
79	121	3.0
80	81	11.0
80	82	5.0
80	83	3.0
80	84	9.0
80	85	14.0
80	86	7.0
80	87	1.0
80	88	2.0
80	89	4.0
80	90	4.0
80	91	4.0
80	92	1.0
80	93	1.0
80	94	2.0
80	95	2.0
80	96	2.0
80	97	1.0
80	99	1.0
80	100	2.0
80	101	3.0
80	102	2.0
80	103	1.0
80	104	1.0
80	105	1.0
80	107	1.0
80	109	4.0
80	110	1.0
80	111	1.0
80	112	3.0
80	113	2.0
80	114	1.0
80	115	2.0
80	116	2.0
80	117	1.0
80	118	1.0
80	121	2.0
80	122	4.0
81	82	11.0
81	83	8.0
81	84	10.0
81	85	5.0
81	86	3.0
81	87	1.0
81	88	1.0
81	89	2.0
81	90	2.0
81	91	3.0
81	93	3.0
81	95	4.0
81	96	3.0
81	97	3.0
81	98	1.0
81	99	1.0
81	100	2.0
81	101	1.0
81	102	1.0
81	103	1.0
81	105	3.0
81	108	1.0
81	109	3.0
81	110	2.0
81	111	2.0
81	113	3.0
81	114	1.0
81	115	3.0
81	116	1.0
81	117	3.0
81	118	1.0
81	119	2.0
81	120	1.0
81	122	1.0
82	83	10.0
82	84	23.0
82	85	22.0
82	86	6.0
82	87	3.0
82	88	2.0
82	89	2.0
82	90	6.0
82	91	4.0
82	93	2.0
82	94	6.0
82	95	3.0
82	96	3.0
82	98	1.0
82	99	1.0
82	100	1.0
82	101	3.0
82	102	1.0
82	103	2.0
82	104	2.0
82	105	3.0
82	106	2.0
82	108	1.0
82	109	1.0
82	110	3.0
82	111	2.0
82	112	4.0
82	113	1.0
82	114	1.0
82	115	2.0
82	116	4.0
82	117	2.0
82	118	2.0
82	119	1.0
82	120	2.0
82	121	1.0
82	122	1.0
83	84	18.0
83	85	22.0
83	86	11.0
83	87	5.0
83	88	4.0
83	89	1.0
83	90	7.0
83	91	5.0
83	92	3.0
83	93	4.0
83	94	5.0
83	95	5.0
83	96	3.0
83	97	1.0
83	98	2.0
83	99	1.0
83	101	2.0
83	103	1.0
83	104	3.0
83	105	1.0
83	106	1.0
83	107	2.0
83	108	3.0
83	109	4.0
83	110	2.0
83	112	3.0
83	113	3.0
83	114	2.0
83	115	1.0
83	117	2.0
83	118	2.0
83	120	3.0
83	122	4.0
84	85	11.0
84	86	5.0
84	87	4.0
84	88	1.0
84	89	1.0
84	90	8.0
84	91	8.0
84	92	4.0
84	93	4.0
84	94	2.0
84	95	2.0
84	96	8.0
84	97	1.0
84	98	5.0
84	99	8.0
84	100	2.0
84	101	4.0
84	102	1.0
84	104	3.0
84	105	1.0
84	106	2.0
84	107	2.0
84	108	3.0
84	109	1.0
84	110	4.0
84	111	1.0
84	112	3.0
84	113	1.0
84	114	2.0
84	115	3.0
84	116	2.0
84	117	1.0
84	118	5.0
84	119	3.0
84	121	2.0
85	86	6.0
85	87	1.0
85	88	3.0
85	89	9.0
85	90	7.0
85	91	4.0
85	92	6.0
85	93	7.0
85	94	3.0
85	95	3.0
85	96	2.0
85	97	3.0
85	98	2.0
85	99	1.0
85	100	4.0
85	101	4.0
85	102	1.0
85	103	2.0
85	104	2.0
85	105	1.0
85	106	1.0
85	107	5.0
85	108	1.0
85	110	3.0
85	111	3.0
85	112	2.0
85	114	1.0
85	115	2.0
85	116	3.0
85	117	2.0
85	118	2.0
85	119	2.0
85	121	1.0
85	122	1.0
86	87	7.0
86	88	4.0
86	89	11.0
86	90	4.0
86	91	3.0
86	93	1.0
86	94	4.0
86	95	2.0
86	96	1.0
86	97	5.0
86	98	5.0
86	99	2.0
86	100	2.0
86	101	2.0
86	102	1.0
86	103	3.0
86	104	3.0
86	105	3.0
86	106	2.0
86	107	2.0
86	108	1.0
86	109	2.0
86	110	4.0
86	113	1.0
86	114	3.0
86	115	2.0
86	116	3.0
86	118	2.0
86	119	2.0
86	120	3.0
86	121	4.0
86	122	2.0
87	88	23.0
87	89	1.0
87	90	3.0
87	91	1.0
87	92	4.0
87	93	3.0
87	94	6.0
87	95	5.0
87	96	3.0
87	97	2.0
87	98	2.0
87	99	4.0
87	100	1.0
87	101	2.0
87	102	1.0
87	104	1.0
87	105	2.0
87	106	1.0
87	107	2.0
87	108	2.0
87	109	1.0
87	110	3.0
87	111	3.0
87	112	2.0
87	114	4.0
87	116	1.0
87	122	3.0
88	89	4.0
88	90	5.0
88	91	1.0
88	92	5.0
88	93	4.0
88	94	4.0
88	95	3.0
88	96	4.0
88	97	2.0
88	99	3.0
88	100	1.0
88	101	1.0
88	102	3.0
88	103	3.0
88	104	2.0
88	105	4.0
88	106	2.0
88	107	1.0
88	108	1.0
88	109	1.0
88	110	1.0
88	111	3.0
88	113	1.0
88	116	2.0
88	118	1.0
88	120	4.0
89	90	4.0
89	91	4.0
89	92	3.0
89	93	8.0
89	94	5.0
89	95	5.0
89	96	3.0
89	97	2.0
89	98	4.0
89	99	2.0
89	100	1.0
89	101	2.0
89	102	2.0
89	103	2.0
89	104	3.0
89	105	1.0
89	106	2.0
89	107	3.0
89	108	4.0
89	109	1.0
89	110	1.0
89	114	1.0
89	115	1.0
89	117	2.0
89	118	4.0
89	119	1.0
89	120	1.0
89	121	4.0
89	122	3.0
90	91	15.0
90	92	2.0
90	93	6.0
90	94	5.0
90	95	5.0
90	96	3.0
90	97	1.0
90	98	4.0
90	99	5.0
90	100	4.0
90	101	1.0
90	102	5.0
90	103	1.0
90	104	3.0
90	105	1.0
90	106	3.0
90	107	2.0
90	108	4.0
90	109	1.0
90	110	2.0
90	111	2.0
90	112	2.0
90	113	4.0
90	114	3.0
90	115	1.0
90	116	2.0
90	117	1.0
90	118	1.0
90	119	2.0
90	120	1.0
90	121	2.0
91	92	5.0
91	93	13.0
91	94	13.0
91	95	5.0
91	96	8.0
91	97	4.0
91	98	2.0
91	99	7.0
91	100	6.0
91	101	1.0
91	102	4.0
91	103	2.0
91	104	3.0
91	105	1.0
91	106	2.0
91	107	6.0
91	108	4.0
91	109	3.0
91	110	2.0
91	111	3.0
91	112	3.0
91	113	6.0
91	114	2.0
91	115	4.0
91	116	2.0
91	117	1.0
91	118	1.0
91	119	2.0
91	120	1.0
91	121	1.0
91	122	1.0
92	93	11.0
92	94	8.0
92	95	11.0
92	96	10.0
92	97	2.0
92	98	2.0
92	99	4.0
92	100	1.0
92	102	2.0
92	103	3.0
92	104	3.0
92	105	3.0
92	107	3.0
92	108	1.0
92	109	2.0
92	110	2.0
92	111	2.0
92	112	1.0
92	113	2.0
92	114	1.0
92	115	2.0
92	117	1.0
92	118	1.0
92	120	3.0
92	122	2.0
93	94	13.0
93	95	6.0
93	96	5.0
93	98	3.0
93	99	4.0
93	100	6.0
93	101	2.0
93	102	1.0
93	103	1.0
93	104	2.0
93	105	3.0
93	106	4.0
93	107	1.0
93	109	4.0
93	110	2.0
93	111	3.0
93	113	2.0
93	115	1.0
93	116	2.0
93	117	2.0
93	118	1.0
93	119	2.0
93	120	1.0
93	121	1.0
93	122	1.0
94	95	16.0
94	96	6.0
94	97	4.0
94	98	7.0
94	99	3.0
94	100	3.0
94	101	3.0
94	102	2.0
94	104	2.0
94	106	1.0
94	107	5.0
94	108	1.0
94	109	1.0
94	110	2.0
94	111	2.0
94	113	2.0
94	114	1.0
94	116	1.0
94	117	5.0
94	119	2.0
94	120	1.0
94	122	2.0
95	96	15.0
95	97	5.0
95	98	1.0
95	99	4.0
95	100	3.0
95	101	2.0
95	102	3.0
95	103	2.0
95	104	1.0
95	105	4.0
95	106	6.0
95	107	2.0
95	108	2.0
95	109	2.0
95	110	4.0
95	111	1.0
95	112	5.0
95	114	3.0
95	115	1.0
95	117	1.0
95	118	3.0
95	119	1.0
95	121	1.0
96	97	4.0
96	98	5.0
96	99	5.0
96	100	5.0
96	101	6.0
96	102	2.0
96	103	3.0
96	104	1.0
96	105	2.0
96	106	3.0
96	107	2.0
96	108	2.0
96	109	4.0
96	112	1.0
96	114	2.0
96	116	1.0
96	118	3.0
96	121	2.0
97	98	7.0
97	99	1.0
97	100	7.0
97	101	4.0
97	102	5.0
97	103	3.0
97	105	2.0
97	106	2.0
97	107	1.0
97	108	5.0
97	109	3.0
97	110	2.0
97	111	2.0
97	112	3.0
97	115	1.0
97	116	1.0
97	117	1.0
97	119	3.0
97	120	1.0
97	121	2.0
97	122	4.0
98	99	12.0
98	100	9.0
98	101	1.0
98	102	1.0
98	103	4.0
98	104	4.0
98	105	2.0
98	106	4.0
98	108	4.0
98	109	1.0
98	110	2.0
98	111	1.0
98	112	4.0
98	116	1.0
98	117	2.0
98	118	5.0
98	119	3.0
98	120	2.0
98	121	2.0
98	122	4.0
99	100	10.0
99	101	1.0
99	102	1.0
99	103	2.0
99	104	6.0
99	105	6.0
99	106	6.0
99	107	4.0
99	108	2.0
99	110	2.0
99	111	5.0
99	112	1.0
99	113	3.0
99	114	2.0
99	116	4.0
99	117	3.0
99	118	3.0
99	119	2.0
99	122	3.0
100	101	7.0
100	102	3.0
100	105	4.0
100	106	9.0
100	107	7.0
100	108	1.0
100	109	4.0
100	110	1.0
100	111	1.0
100	112	5.0
100	113	3.0
100	114	4.0
100	115	3.0
100	116	2.0
100	117	3.0
100	118	6.0
100	119	1.0
100	122	3.0
101	102	4.0
101	103	3.0
101	104	6.0
101	106	5.0
101	107	6.0
101	108	1.0
101	109	5.0
101	110	5.0
101	111	6.0
101	112	4.0
101	113	4.0
101	114	3.0
101	115	1.0
101	116	2.0
101	117	1.0
101	118	7.0
101	119	3.0
101	120	2.0
101	121	1.0
101	122	1.0
102	103	11.0
102	104	3.0
102	105	2.0
102	106	5.0
102	107	4.0
102	108	2.0
102	109	1.0
102	110	4.0
102	111	3.0
102	112	2.0
102	113	2.0
102	114	2.0
102	115	2.0
102	116	3.0
102	117	2.0
102	118	5.0
102	119	4.0
102	120	1.0
102	121	1.0
102	122	4.0
103	104	4.0
103	106	4.0
103	107	5.0
103	108	5.0
103	109	4.0
103	110	1.0
103	111	5.0
103	112	5.0
103	113	2.0
103	114	1.0
103	115	1.0
103	117	4.0
103	118	2.0
103	119	3.0
103	121	3.0
103	122	4.0
104	105	6.0
104	106	1.0
104	107	1.0
104	108	2.0
104	109	6.0
104	110	4.0
104	111	5.0
104	112	4.0
104	113	3.0
104	114	3.0
104	115	7.0
104	116	2.0
104	118	4.0
104	119	2.0
104	120	3.0
104	121	2.0
104	122	3.0
105	106	7.0
105	107	5.0
105	108	7.0
105	109	10.0
105	110	4.0
105	111	1.0
105	112	5.0
105	113	2.0
105	114	2.0
105	115	4.0
105	116	2.0
105	117	1.0
105	118	4.0
105	119	3.0
105	120	2.0
105	121	5.0
105	122	1.0
106	107	11.0
106	108	7.0
106	109	7.0
106	110	2.0
106	112	5.0
106	113	3.0
106	114	6.0
106	115	4.0
106	116	2.0
106	117	3.0
106	118	7.0
106	119	7.0
106	120	4.0
106	121	5.0
106	122	1.0
107	108	5.0
107	109	6.0
107	110	4.0
107	111	8.0
107	112	3.0
107	113	1.0
107	114	8.0
107	115	4.0
107	116	2.0
107	117	3.0
107	118	14.0
107	119	8.0
107	120	8.0
107	121	3.0
107	122	1.0
108	109	15.0
108	110	9.0
108	111	6.0
108	112	2.0
108	113	2.0
108	114	6.0
108	115	7.0
108	116	5.0
108	117	12.0
108	118	8.0
108	119	7.0
108	120	3.0
108	121	8.0
108	122	3.0
109	110	24.0
109	111	3.0
109	112	7.0
109	113	2.0
109	114	8.0
109	115	7.0
109	116	7.0
109	117	4.0
109	118	3.0
109	119	2.0
109	120	1.0
109	121	10.0
109	122	5.0
110	111	3.0
110	112	7.0
110	113	5.0
110	114	5.0
110	115	8.0
110	116	10.0
110	117	5.0
110	118	1.0
110	119	4.0
110	120	3.0
110	121	5.0
110	122	2.0
111	112	15.0
111	113	8.0
111	114	8.0
111	115	1.0
111	116	1.0
111	117	2.0
111	118	3.0
111	119	2.0
111	120	1.0
111	121	4.0
111	122	4.0
112	113	9.0
112	114	8.0
112	115	2.0
112	116	1.0
112	117	2.0
112	118	3.0
112	119	1.0
112	120	3.0
112	121	8.0
112	122	4.0
113	114	6.0
113	115	3.0
113	116	1.0
113	117	3.0
113	118	9.0
113	119	6.0
113	120	5.0
113	121	3.0
113	122	5.0
114	115	2.0
114	116	1.0
114	117	4.0
114	118	13.0
114	119	9.0
114	120	4.0
114	121	6.0
114	122	1.0
115	116	4.0
115	117	8.0
115	118	8.0
115	121	4.0
115	122	1.0
116	117	9.0
116	118	5.0
116	119	1.0
116	120	7.0
116	121	3.0
116	122	4.0
117	118	4.0
117	120	3.0
117	121	1.0
117	122	2.0
118	119	4.0
118	120	1.0
118	121	7.0
118	122	3.0
119	120	5.0
119	121	4.0
119	122	5.0
120	121	3.0
120	122	11.0
121	122	4.0
