1	2	25.0
1	3	15.0
1	4	14.0
1	5	7.0
1	6	9.0
1	7	4.0
1	8	9.0
1	9	8.0
1	10	11.0
1	11	8.0
1	12	9.0
1	13	6.0
1	14	7.0
1	15	6.0
1	16	3.0
1	17	6.0
1	18	1.0
1	19	1.0
1	20	2.0
1	21	2.0
1	22	9.0
1	23	3.0
1	24	4.0
1	25	3.0
1	26	3.0
1	27	5.0
1	28	3.0
1	29	2.0
1	30	5.0
1	31	4.0
1	32	11.0
1	34	5.0
1	35	1.0
1	36	3.0
1	37	1.0
1	38	2.0
1	39	2.0
1	40	2.0
1	41	2.0
1	43	2.0
1	44	1.0
1	45	4.0
1	46	3.0
1	47	3.0
1	48	6.0
1	49	4.0
1	50	7.0
1	51	3.0
1	52	7.0
1	53	4.0
1	54	6.0
1	55	5.0
1	56	3.0
1	57	5.0
1	58	7.0
1	59	6.0
1	60	7.0
1	61	4.0
1	62	1.0
1	63	2.0
1	64	8.0
1	65	1.0
1	66	3.0
1	67	2.0
1	68	4.0
1	69	3.0
1	70	4.0
1	71	4.0
1	72	4.0
1	73	7.0
1	74	1.0
1	75	5.0
1	76	1.0
1	77	2.0
1	78	5.0
1	79	7.0
1	80	2.0
1	81	4.0
1	82	1.0
1	83	2.0
1	84	3.0
1	85	3.0
1	86	3.0
1	87	2.0
1	88	2.0
1	89	5.0
1	90	3.0
1	91	3.0
1	92	8.0
1	93	8.0
1	94	5.0
1	95	3.0
1	96	4.0
1	97	2.0
1	98	7.0
1	99	3.0
1	100	3.0
1	101	1.0
1	102	6.0
1	103	3.0
1	104	4.0
1	105	6.0
1	106	4.0
1	107	4.0
1	108	4.0
1	109	5.0
1	110	2.0
1	111	9.0
1	112	6.0
1	113	7.0
1	114	6.0
1	115	6.0
1	116	6.0
1	117	6.0
1	118	6.0
1	119	1.0
1	120	7.0
1	121	5.0
1	122	9.0
2	3	27.0
2	4	17.0
2	5	16.0
2	6	14.0
2	7	12.0
2	8	18.0
2	9	10.0
2	10	15.0
2	11	4.0
2	12	9.0
2	13	6.0
2	14	12.0
2	15	6.0
2	16	8.0
2	17	10.0
2	18	8.0
2	19	7.0
2	20	1.0
2	21	4.0
2	22	4.0
2	23	8.0
2	24	7.0
2	25	4.0
2	26	2.0
2	27	1.0
2	28	7.0
2	29	4.0
2	30	3.0
2	31	3.0
2	32	5.0
2	33	3.0
2	34	2.0
2	35	3.0
2	36	2.0
2	37	4.0
2	38	2.0
2	39	5.0
2	40	7.0
2	41	4.0
2	42	6.0
2	43	2.0
2	44	3.0
2	45	2.0
2	46	4.0
2	47	4.0
2	48	6.0
2	49	4.0
2	50	6.0
2	51	2.0
2	52	8.0
2	53	7.0
2	54	5.0
2	55	4.0
2	56	8.0
2	57	2.0
2	58	1.0
2	59	5.0
2	60	7.0
2	61	6.0
2	62	3.0
2	63	6.0
2	64	1.0
2	65	4.0
2	66	4.0
2	67	1.0
2	68	1.0
2	69	3.0
2	70	2.0
2	71	8.0
2	72	4.0
2	73	6.0
2	74	7.0
2	75	8.0
2	76	6.0
2	77	6.0
2	78	8.0
2	79	8.0
2	80	4.0
2	81	7.0
2	82	5.0
2	83	7.0
2	84	5.0
2	85	6.0
2	86	2.0
2	87	4.0
2	88	4.0
2	89	3.0
2	90	4.0
2	91	7.0
2	92	3.0
2	93	4.0
2	94	4.0
2	95	5.0
2	96	4.0
2	97	8.0
2	98	2.0
2	99	7.0
2	100	2.0
2	101	10.0
2	102	2.0
2	103	3.0
2	104	2.0
2	105	4.0
2	106	4.0
2	107	8.0
2	108	3.0
2	109	6.0
2	110	4.0
2	111	5.0
2	112	9.0
2	113	6.0
2	114	4.0
2	115	7.0
2	116	5.0
2	117	8.0
2	118	6.0
2	119	6.0
2	120	6.0
2	121	11.0
2	122	5.0
3	4	51.0
3	5	34.0
3	6	28.0
3	7	23.0
3	8	21.0
3	9	10.0
3	10	11.0
3	11	15.0
3	12	12.0
3	13	5.0
3	14	6.0
3	15	7.0
3	16	5.0
3	17	5.0
3	18	17.0
3	19	6.0
3	20	9.0
3	21	7.0
3	22	5.0
3	23	5.0
3	24	7.0
3	25	7.0
3	26	3.0
3	27	2.0
3	28	3.0
3	29	4.0
3	30	4.0
3	31	7.0
3	32	4.0
3	33	6.0
3	35	2.0
3	36	2.0
3	37	3.0
3	38	5.0
3	39	2.0
3	40	6.0
3	41	6.0
3	42	4.0
3	43	4.0
3	44	3.0
3	45	5.0
3	46	3.0
3	47	4.0
3	48	6.0
3	49	11.0
3	50	11.0
3	51	7.0
3	52	5.0
3	53	5.0
3	54	6.0
3	55	9.0
3	56	5.0
3	57	12.0
3	58	3.0
3	59	10.0
3	60	4.0
3	61	3.0
3	62	4.0
3	63	2.0
3	64	5.0
3	65	5.0
3	66	7.0
3	67	7.0
3	68	2.0
3	69	9.0
3	70	7.0
3	71	4.0
3	72	8.0
3	73	4.0
3	74	2.0
3	75	2.0
3	76	6.0
3	77	6.0
3	78	3.0
3	79	4.0
3	80	4.0
3	81	6.0
3	82	4.0
3	83	5.0
3	84	7.0
3	86	5.0
3	87	4.0
3	88	2.0
3	89	5.0
3	90	6.0
3	91	3.0
3	92	6.0
3	93	2.0
3	94	6.0
3	95	5.0
3	96	2.0
3	97	6.0
3	98	9.0
3	99	5.0
3	100	6.0
3	101	9.0
3	102	8.0
3	103	4.0
3	104	6.0
3	105	6.0
3	106	7.0
3	107	10.0
3	108	6.0
3	109	5.0
3	110	3.0
3	111	6.0
3	112	6.0
3	113	4.0
3	114	6.0
3	115	11.0
3	116	10.0
3	117	6.0
3	118	4.0
3	119	7.0
3	120	6.0
3	121	8.0
3	122	12.0
4	5	56.0
4	6	38.0
4	7	40.0
4	8	26.0
4	9	20.0
4	10	16.0
4	11	14.0
4	12	12.0
4	13	10.0
4	14	9.0
4	15	5.0
4	16	10.0
4	17	11.0
4	18	6.0
4	19	9.0
4	20	1.0
4	21	6.0
4	22	4.0
4	23	5.0
4	24	3.0
4	25	5.0
4	26	4.0
4	27	4.0
4	28	4.0
4	29	5.0
4	30	6.0
4	31	5.0
4	32	3.0
4	33	4.0
4	34	3.0
4	35	2.0
4	36	3.0
4	37	3.0
4	38	2.0
4	39	5.0
4	40	2.0
4	41	3.0
4	42	6.0
4	43	3.0
4	44	7.0
4	45	7.0
4	46	1.0
4	47	4.0
4	48	6.0
4	49	5.0
4	50	8.0
4	51	5.0
4	52	6.0
4	53	3.0
4	54	7.0
4	55	4.0
4	56	3.0
4	57	5.0
4	58	5.0
4	59	9.0
4	60	8.0
4	61	4.0
4	62	6.0
4	63	8.0
4	64	7.0
4	65	8.0
4	66	4.0
4	67	5.0
4	68	3.0
4	69	6.0
4	70	4.0
4	71	10.0
4	72	10.0
4	73	7.0
4	74	11.0
4	75	4.0
4	76	8.0
4	77	7.0
4	78	11.0
4	79	4.0
4	80	7.0
4	81	13.0
4	82	6.0
4	83	9.0
4	84	2.0
4	85	6.0
4	86	2.0
4	87	6.0
4	88	7.0
4	89	2.0
4	90	4.0
4	91	5.0
4	92	2.0
4	93	5.0
4	94	3.0
4	95	4.0
4	96	2.0
4	97	5.0
4	98	7.0
4	99	6.0
4	100	9.0
4	101	7.0
4	102	6.0
4	103	9.0
4	104	4.0
4	105	5.0
4	106	3.0
4	107	11.0
4	108	13.0
4	109	7.0
4	110	6.0
4	111	12.0
4	112	10.0
4	113	4.0
4	114	11.0
4	115	2.0
4	116	12.0
4	117	8.0
4	118	9.0
4	119	10.0
4	120	12.0
4	121	9.0
4	122	6.0
5	6	79.0
5	7	124.0
5	8	28.0
5	9	16.0
5	10	21.0
5	11	22.0
5	12	13.0
5	13	10.0
5	14	5.0
5	15	2.0
5	16	7.0
5	17	6.0
5	18	11.0
5	19	11.0
5	20	9.0
5	21	11.0
5	22	8.0
5	23	5.0
5	24	5.0
5	25	8.0
5	26	10.0
5	27	6.0
5	28	4.0
5	29	3.0
5	30	5.0
5	31	4.0
5	32	3.0
5	33	3.0
5	34	3.0
5	36	3.0
5	37	2.0
5	38	3.0
5	39	10.0
5	40	3.0
5	41	7.0
5	42	8.0
5	43	4.0
5	44	4.0
5	45	3.0
5	46	6.0
5	47	2.0
5	48	11.0
5	49	4.0
5	50	12.0
5	51	9.0
5	52	11.0
5	53	1.0
5	54	5.0
5	55	2.0
5	56	5.0
5	57	6.0
5	58	4.0
5	59	15.0
5	60	3.0
5	61	4.0
5	62	4.0
5	63	6.0
5	64	3.0
5	65	6.0
5	66	5.0
5	67	5.0
5	68	4.0
5	69	7.0
5	70	1.0
5	71	10.0
5	72	9.0
5	73	9.0
5	74	5.0
5	75	6.0
5	76	5.0
5	77	13.0
5	78	9.0
5	79	8.0
5	80	4.0
5	81	8.0
5	82	8.0
5	83	5.0
5	84	4.0
5	85	2.0
5	86	7.0
5	87	3.0
5	88	3.0
5	89	2.0
5	90	9.0
5	91	5.0
5	92	8.0
5	93	2.0
5	94	6.0
5	95	1.0
5	96	6.0
5	97	7.0
5	98	5.0
5	99	6.0
5	100	6.0
5	101	1.0
5	102	6.0
5	103	2.0
5	104	5.0
5	105	4.0
5	106	2.0
5	107	4.0
5	108	9.0
5	109	8.0
5	110	11.0
5	111	8.0
5	112	8.0
5	113	7.0
5	114	12.0
5	115	5.0
5	116	15.0
5	117	17.0
5	118	10.0
5	119	8.0
5	120	10.0
5	121	8.0
5	122	8.0
6	7	62.0
6	8	18.0
6	9	9.0
6	10	14.0
6	11	25.0
6	12	11.0
6	13	6.0
6	14	11.0
6	15	11.0
6	16	6.0
6	17	8.0
6	18	7.0
6	19	5.0
6	20	14.0
6	21	11.0
6	22	5.0
6	23	7.0
6	24	7.0
6	25	8.0
6	26	9.0
6	27	8.0
6	28	4.0
6	29	4.0
6	30	5.0
6	31	8.0
6	32	6.0
6	33	4.0
6	34	3.0
6	35	1.0
6	36	4.0
6	37	3.0
6	38	1.0
6	39	6.0
6	40	7.0
6	41	6.0
6	42	5.0
6	43	2.0
6	44	5.0
6	45	5.0
6	46	2.0
6	47	4.0
6	48	5.0
6	49	6.0
6	50	6.0
6	51	4.0
6	52	7.0
6	53	6.0
6	54	4.0
6	55	3.0
6	56	4.0
6	57	5.0
6	58	6.0
6	59	5.0
6	60	7.0
6	61	6.0
6	62	8.0
6	63	6.0
6	64	8.0
6	65	4.0
6	66	9.0
6	67	3.0
6	68	5.0
6	69	7.0
6	70	7.0
6	71	10.0
6	72	7.0
6	73	10.0
6	74	11.0
6	75	4.0
6	76	8.0
6	77	12.0
6	78	3.0
6	79	9.0
6	80	6.0
6	81	5.0
6	82	10.0
6	83	10.0
6	84	4.0
6	85	4.0
6	86	1.0
6	87	4.0
6	88	4.0
6	89	5.0
6	90	7.0
6	91	7.0
6	92	2.0
6	93	6.0
6	94	2.0
6	95	9.0
6	96	3.0
6	97	5.0
6	98	3.0
6	99	5.0
6	100	3.0
6	101	2.0
6	103	5.0
6	104	5.0
6	105	7.0
6	106	5.0
6	107	3.0
6	108	9.0
6	109	9.0
6	110	9.0
6	111	5.0
6	112	4.0
6	113	8.0
6	114	8.0
6	115	6.0
6	116	9.0
6	117	10.0
6	118	7.0
6	119	8.0
6	120	8.0
6	121	7.0
6	122	7.0
7	8	20.0
7	9	11.0
7	10	16.0
7	11	18.0
7	12	10.0
7	13	3.0
7	14	7.0
7	15	10.0
7	16	9.0
7	17	9.0
7	18	7.0
7	19	11.0
7	20	10.0
7	21	12.0
7	22	8.0
7	23	8.0
7	24	9.0
7	25	5.0
7	26	4.0
7	27	5.0
7	28	5.0
7	29	7.0
7	30	6.0
7	31	7.0
7	32	5.0
7	33	2.0
7	34	5.0
7	35	4.0
7	36	5.0
7	37	3.0
7	38	6.0
7	39	1.0
7	40	5.0
7	41	3.0
7	42	5.0
7	43	2.0
7	44	3.0
7	45	5.0
7	46	3.0
7	47	10.0
7	48	6.0
7	49	9.0
7	50	8.0
7	51	8.0
7	52	5.0
7	53	7.0
7	54	4.0
7	55	4.0
7	56	4.0
7	57	5.0
7	58	3.0
7	59	13.0
7	60	9.0
7	61	8.0
7	62	10.0
7	63	5.0
7	64	4.0
7	65	5.0
7	66	1.0
7	67	9.0
7	68	9.0
7	69	2.0
7	70	5.0
7	71	16.0
7	72	10.0
7	73	10.0
7	74	10.0
7	75	14.0
7	76	5.0
7	77	7.0
7	78	5.0
7	79	7.0
7	80	4.0
7	81	10.0
7	82	10.0
7	83	2.0
7	84	6.0
7	85	5.0
7	86	6.0
7	87	2.0
7	88	3.0
7	89	7.0
7	90	1.0
7	91	5.0
7	92	6.0
7	93	8.0
7	94	5.0
7	95	2.0
7	96	2.0
7	97	8.0
7	98	7.0
7	99	10.0
7	100	7.0
7	101	4.0
7	102	9.0
7	103	6.0
7	104	13.0
7	105	7.0
7	106	9.0
7	107	5.0
7	108	5.0
7	109	11.0
7	110	4.0
7	111	7.0
7	112	10.0
7	113	12.0
7	114	8.0
7	115	6.0
7	116	11.0
7	117	11.0
7	118	10.0
7	119	13.0
7	120	7.0
7	121	10.0
7	122	6.0
8	9	26.0
8	10	39.0
8	11	30.0
8	12	16.0
8	13	5.0
8	14	10.0
8	15	13.0
8	16	9.0
8	17	9.0
8	18	9.0
8	19	12.0
8	20	3.0
8	21	8.0
8	22	3.0
8	23	7.0
8	24	2.0
8	25	6.0
8	26	4.0
8	27	5.0
8	28	2.0
8	29	1.0
8	30	4.0
8	31	4.0
8	32	2.0
8	33	1.0
8	34	2.0
8	36	3.0
8	38	1.0
8	39	4.0
8	40	4.0
8	41	4.0
8	42	3.0
8	43	2.0
8	44	4.0
8	45	3.0
8	46	5.0
8	47	3.0
8	48	9.0
8	49	6.0
8	50	5.0
8	51	7.0
8	52	4.0
8	53	2.0
8	54	4.0
8	55	6.0
8	56	4.0
8	57	4.0
8	58	6.0
8	59	11.0
8	60	10.0
8	61	8.0
8	62	6.0
8	63	7.0
8	64	5.0
8	65	5.0
8	66	9.0
8	67	3.0
8	68	6.0
8	69	13.0
8	70	5.0
8	71	9.0
8	72	5.0
8	73	13.0
8	74	7.0
8	75	11.0
8	76	12.0
8	77	5.0
8	78	8.0
8	79	3.0
8	80	4.0
8	81	6.0
8	82	9.0
8	83	6.0
8	84	3.0
8	85	7.0
8	86	4.0
8	87	4.0
8	88	4.0
8	89	13.0
8	90	3.0
8	91	7.0
8	92	4.0
8	93	3.0
8	94	4.0
8	95	6.0
8	96	3.0
8	97	4.0
8	98	11.0
8	99	9.0
8	100	5.0
8	101	10.0
8	102	5.0
8	103	6.0
8	104	9.0
8	105	4.0
8	106	8.0
8	107	8.0
8	108	7.0
8	109	9.0
8	110	10.0
8	111	10.0
8	112	7.0
8	113	15.0
8	114	13.0
8	115	4.0
8	116	9.0
8	117	12.0
8	118	13.0
8	119	11.0
8	120	5.0
8	121	7.0
8	122	12.0
9	10	43.0
9	11	20.0
9	12	26.0
9	13	15.0
9	14	13.0
9	15	8.0
9	16	14.0
9	17	9.0
9	18	8.0
9	19	16.0
9	20	6.0
9	21	9.0
9	22	12.0
9	23	4.0
9	24	5.0
9	25	3.0
9	26	6.0
9	27	6.0
9	28	4.0
9	29	5.0
9	30	5.0
9	31	8.0
9	32	2.0
9	33	4.0
9	34	1.0
9	35	3.0
9	36	1.0
9	38	2.0
9	39	5.0
9	40	5.0
9	41	1.0
9	42	3.0
9	43	1.0
9	44	3.0
9	45	3.0
9	46	4.0
9	47	5.0
9	48	6.0
9	49	3.0
9	50	3.0
9	51	10.0
9	52	4.0
9	53	10.0
9	54	6.0
9	55	2.0
9	56	6.0
9	57	5.0
9	58	3.0
9	59	11.0
9	60	4.0
9	61	7.0
9	62	7.0
9	63	6.0
9	64	6.0
9	65	10.0
9	66	7.0
9	67	4.0
9	68	6.0
9	69	5.0
9	70	5.0
9	71	10.0
9	72	7.0
9	73	11.0
9	74	10.0
9	75	5.0
9	76	7.0
9	77	6.0
9	78	5.0
9	79	4.0
9	80	1.0
9	81	2.0
9	82	7.0
9	83	7.0
9	84	7.0
9	85	5.0
9	86	2.0
9	87	3.0
9	88	3.0
9	89	4.0
9	90	5.0
9	91	6.0
9	92	7.0
9	93	9.0
9	94	4.0
9	95	5.0
9	96	8.0
9	97	6.0
9	99	4.0
9	100	5.0
9	101	7.0
9	102	4.0
9	103	3.0
9	104	5.0
9	105	9.0
9	106	7.0
9	107	6.0
9	108	5.0
9	109	6.0
9	110	4.0
9	111	6.0
9	112	4.0
9	113	8.0
9	114	8.0
9	115	7.0
9	116	11.0
9	117	9.0
9	118	9.0
9	119	8.0
9	120	15.0
9	121	12.0
9	122	15.0
10	11	58.0
10	12	34.0
10	13	9.0
10	14	20.0
10	15	10.0
10	16	14.0
10	17	8.0
10	18	13.0
10	19	10.0
10	20	5.0
10	21	7.0
10	22	6.0
10	23	8.0
10	24	6.0
10	25	6.0
10	26	8.0
10	27	9.0
10	28	4.0
10	29	9.0
10	30	6.0
10	31	3.0
10	32	5.0
10	33	1.0
10	34	3.0
10	35	1.0
10	36	4.0
10	37	5.0
10	38	2.0
10	39	1.0
10	40	6.0
10	41	8.0
10	42	1.0
10	43	6.0
10	44	1.0
10	45	6.0
10	46	2.0
10	47	2.0
10	48	3.0
10	49	5.0
10	50	3.0
10	51	7.0
10	52	8.0
10	53	10.0
10	54	3.0
10	55	5.0
10	56	5.0
10	57	1.0
10	58	6.0
10	59	8.0
10	60	8.0
10	61	6.0
10	62	4.0
10	63	2.0
10	64	6.0
10	65	5.0
10	66	6.0
10	67	7.0
10	68	5.0
10	69	5.0
10	70	2.0
10	71	10.0
10	72	8.0
10	73	4.0
10	74	4.0
10	75	12.0
10	76	3.0
10	77	9.0
10	78	5.0
10	79	7.0
10	80	6.0
10	81	14.0
10	82	8.0
10	83	2.0
10	84	5.0
10	85	8.0
10	86	9.0
10	87	5.0
10	88	3.0
10	89	6.0
10	90	6.0
10	91	4.0
10	92	6.0
10	93	4.0
10	94	2.0
10	95	5.0
10	96	4.0
10	97	7.0
10	98	4.0
10	99	1.0
10	100	3.0
10	101	2.0
10	102	6.0
10	103	10.0
10	104	4.0
10	105	5.0
10	106	7.0
10	107	5.0
10	108	9.0
10	109	5.0
10	110	6.0
10	111	6.0
10	112	9.0
10	113	6.0
10	114	6.0
10	115	13.0
10	116	10.0
10	117	6.0
10	118	8.0
10	119	6.0
10	120	11.0
10	121	14.0
10	122	6.0
11	12	29.0
11	13	17.0
11	14	14.0
11	15	19.0
11	16	15.0
11	17	15.0
11	18	18.0
11	19	13.0
11	20	9.0
11	21	8.0
11	22	8.0
11	23	7.0
11	24	4.0
11	25	7.0
11	26	10.0
11	27	9.0
11	28	12.0
11	29	9.0
11	30	5.0
11	31	5.0
11	32	4.0
11	33	3.0
11	34	2.0
11	35	1.0
11	36	3.0
11	37	5.0
11	38	4.0
11	39	7.0
11	40	2.0
11	41	7.0
11	42	5.0
11	43	3.0
11	44	7.0
11	45	4.0
11	46	7.0
11	47	6.0
11	48	10.0
11	49	10.0
11	50	12.0
11	51	5.0
11	52	5.0
11	53	5.0
11	54	8.0
11	55	1.0
11	56	4.0
11	57	8.0
11	58	8.0
11	59	8.0
11	60	13.0
11	61	4.0
11	62	7.0
11	63	5.0
11	64	9.0
11	65	4.0
11	66	6.0
11	67	3.0
11	68	3.0
11	69	6.0
11	70	13.0
11	71	11.0
11	72	4.0
11	73	17.0
11	74	5.0
11	75	6.0
11	76	10.0
11	77	9.0
11	78	3.0
11	79	8.0
11	80	6.0
11	81	6.0
11	82	6.0
11	83	6.0
11	84	4.0
11	85	4.0
11	86	10.0
11	87	5.0
11	88	7.0
11	89	10.0
11	90	6.0
11	91	2.0
11	92	5.0
11	93	4.0
11	94	6.0
11	95	7.0
11	96	2.0
11	97	6.0
11	98	6.0
11	99	4.0
11	100	6.0
11	101	7.0
11	102	8.0
11	103	5.0
11	104	4.0
11	105	6.0
11	106	4.0
11	107	7.0
11	108	7.0
11	109	5.0
11	110	4.0
11	111	8.0
11	112	5.0
11	113	4.0
11	114	5.0
11	115	8.0
11	116	9.0
11	117	10.0
11	118	9.0
11	119	6.0
11	120	8.0
11	121	11.0
11	122	7.0
12	13	22.0
12	14	33.0
12	15	27.0
12	16	11.0
12	17	21.0
12	18	16.0
12	19	14.0
12	20	12.0
12	21	11.0
12	22	11.0
12	23	15.0
12	24	5.0
12	25	2.0
12	26	5.0
12	27	3.0
12	28	9.0
12	29	5.0
12	30	5.0
12	31	7.0
12	32	3.0
12	33	3.0
12	34	2.0
12	35	1.0
12	36	2.0
12	37	3.0
12	38	3.0
12	39	5.0
12	40	10.0
12	41	5.0
12	42	3.0
12	43	2.0
12	45	4.0
12	46	3.0
12	47	3.0
12	48	5.0
12	49	6.0
12	50	11.0
12	51	10.0
12	52	8.0
12	53	8.0
12	54	9.0
12	55	7.0
12	56	4.0
12	57	8.0
12	58	5.0
12	59	3.0
12	60	9.0
12	61	8.0
12	62	8.0
12	63	7.0
12	64	9.0
12	65	4.0
12	66	4.0
12	67	6.0
12	68	3.0
12	69	8.0
12	70	6.0
12	71	5.0
12	72	5.0
12	73	5.0
12	74	6.0
12	75	3.0
12	76	6.0
12	77	11.0
12	78	6.0
12	79	4.0
12	80	5.0
12	81	8.0
12	82	10.0
12	83	2.0
12	84	6.0
12	85	13.0
12	86	2.0
12	87	3.0
12	88	5.0
12	89	3.0
12	90	6.0
12	91	4.0
12	92	2.0
12	93	4.0
12	94	2.0
12	95	3.0
12	96	5.0
12	97	5.0
12	98	5.0
12	99	5.0
12	100	7.0
12	101	10.0
12	102	6.0
12	103	6.0
12	104	6.0
12	105	4.0
12	106	4.0
12	107	10.0
12	108	5.0
12	109	7.0
12	110	7.0
12	111	6.0
12	112	5.0
12	113	3.0
12	114	3.0
12	115	8.0
12	116	6.0
12	117	13.0
12	118	15.0
12	119	7.0
12	120	16.0
12	121	8.0
12	122	10.0
13	14	90.0
13	15	35.0
13	16	20.0
13	17	19.0
13	18	10.0
13	19	25.0
13	20	18.0
13	21	11.0
13	22	5.0
13	23	12.0
13	24	4.0
13	25	3.0
13	26	9.0
13	27	4.0
13	28	7.0
13	29	1.0
13	30	4.0
13	31	4.0
13	32	4.0
13	33	3.0
13	34	2.0
13	35	4.0
13	36	2.0
13	37	2.0
13	38	6.0
13	39	5.0
13	40	5.0
13	41	6.0
13	42	1.0
13	43	1.0
13	44	2.0
13	45	2.0
13	46	4.0
13	47	7.0
13	48	8.0
13	49	4.0
13	50	8.0
13	51	4.0
13	52	4.0
13	53	4.0
13	54	7.0
13	55	4.0
13	56	8.0
13	57	6.0
13	58	5.0
13	59	3.0
13	60	8.0
13	61	2.0
13	62	7.0
13	63	3.0
13	64	5.0
13	65	7.0
13	66	3.0
13	67	5.0
13	68	7.0
13	69	4.0
13	70	5.0
13	71	7.0
13	72	6.0
13	73	6.0
13	74	4.0
13	75	3.0
13	76	4.0
13	77	1.0
13	78	8.0
13	79	7.0
13	80	3.0
13	81	7.0
13	82	4.0
13	83	6.0
13	84	5.0
13	85	2.0
13	86	7.0
13	87	5.0
13	88	1.0
13	89	3.0
13	90	8.0
13	91	1.0
13	92	5.0
13	93	3.0
13	94	5.0
13	95	3.0
13	96	4.0
13	97	2.0
13	98	2.0
13	99	3.0
13	100	5.0
13	101	3.0
13	102	4.0
13	103	4.0
13	104	3.0
13	105	3.0
13	106	6.0
13	107	4.0
13	108	7.0
13	109	3.0
13	110	2.0
13	111	5.0
13	112	7.0
13	113	3.0
13	114	2.0
13	115	6.0
13	116	6.0
13	117	10.0
13	118	6.0
13	119	7.0
13	120	6.0
13	121	6.0
13	122	9.0
14	15	53.0
14	16	23.0
14	17	18.0
14	18	21.0
14	19	15.0
14	20	15.0
14	21	10.0
14	22	9.0
14	23	13.0
14	24	11.0
14	25	5.0
14	26	7.0
14	27	3.0
14	28	4.0
14	29	6.0
14	30	4.0
14	31	7.0
14	32	3.0
14	33	3.0
14	34	1.0
14	35	4.0
14	36	4.0
14	37	3.0
14	38	2.0
14	39	3.0
14	40	2.0
14	41	6.0
14	42	3.0
14	43	4.0
14	44	2.0
14	45	1.0
14	46	4.0
14	47	7.0
14	48	6.0
14	49	7.0
14	50	5.0
14	51	2.0
14	52	9.0
14	53	1.0
14	54	3.0
14	55	5.0
14	56	6.0
14	57	9.0
14	58	3.0
14	59	3.0
14	60	4.0
14	61	3.0
14	62	7.0
14	63	3.0
14	64	3.0
14	65	9.0
14	66	7.0
14	67	4.0
14	68	3.0
14	69	6.0
14	70	6.0
14	71	8.0
14	72	7.0
14	73	6.0
14	74	5.0
14	75	4.0
14	76	3.0
14	77	6.0
14	78	6.0
14	79	4.0
14	80	4.0
14	81	7.0
14	82	5.0
14	83	6.0
14	84	3.0
14	85	7.0
14	86	3.0
14	87	4.0
14	88	2.0
14	89	5.0
14	90	4.0
14	91	6.0
14	92	5.0
14	93	1.0
14	95	8.0
14	96	3.0
14	97	2.0
14	98	4.0
14	99	2.0
14	100	3.0
14	101	4.0
14	102	10.0
14	103	2.0
14	104	3.0
14	105	3.0
14	106	9.0
14	107	5.0
14	108	2.0
14	109	6.0
14	110	7.0
14	111	6.0
14	112	5.0
14	113	4.0
14	114	8.0
14	115	8.0
14	116	6.0
14	117	3.0
14	118	6.0
14	119	4.0
14	120	3.0
14	121	6.0
14	122	7.0
15	16	36.0
15	17	26.0
15	18	10.0
15	19	30.0
15	20	22.0
15	21	19.0
15	22	8.0
15	23	11.0
15	24	15.0
15	25	7.0
15	26	6.0
15	27	7.0
15	28	5.0
15	29	9.0
15	30	7.0
15	31	8.0
15	32	5.0
15	33	7.0
15	34	2.0
15	35	3.0
15	36	2.0
15	37	4.0
15	38	1.0
15	39	2.0
15	40	5.0
15	41	3.0
15	42	6.0
15	43	5.0
15	44	5.0
15	45	3.0
15	46	6.0
15	47	4.0
15	48	8.0
15	49	5.0
15	50	5.0
15	51	6.0
15	52	10.0
15	53	6.0
15	54	3.0
15	55	11.0
15	56	5.0
15	57	7.0
15	58	8.0
15	59	11.0
15	60	4.0
15	61	5.0
15	62	11.0
15	63	4.0
15	64	4.0
15	65	2.0
15	66	2.0
15	67	4.0
15	68	6.0
15	69	9.0
15	70	4.0
15	71	6.0
15	72	3.0
15	73	5.0
15	74	6.0
15	75	5.0
15	76	7.0
15	77	6.0
15	78	5.0
15	79	6.0
15	80	3.0
15	81	5.0
15	82	7.0
15	83	6.0
15	84	3.0
15	85	1.0
15	86	7.0
15	87	1.0
15	88	6.0
15	89	1.0
15	90	3.0
15	91	6.0
15	92	3.0
15	93	2.0
15	94	3.0
15	95	3.0
15	96	4.0
15	97	2.0
15	98	3.0
15	99	3.0
15	100	3.0
15	101	8.0
15	102	1.0
15	103	4.0
15	104	4.0
15	105	8.0
15	106	5.0
15	107	4.0
15	108	1.0
15	109	6.0
15	110	3.0
15	111	7.0
15	112	4.0
15	113	5.0
15	114	5.0
15	115	8.0
15	116	2.0
15	117	3.0
15	118	3.0
15	119	5.0
15	120	6.0
15	121	4.0
15	122	9.0
16	17	102.0
16	18	60.0
16	19	85.0
16	20	22.0
16	21	20.0
16	22	15.0
16	23	17.0
16	24	13.0
16	25	11.0
16	26	6.0
16	27	8.0
16	28	7.0
16	29	10.0
16	30	12.0
16	31	5.0
16	32	7.0
16	33	1.0
16	34	2.0
16	35	2.0
16	36	3.0
16	37	2.0
16	38	5.0
16	39	3.0
16	40	4.0
16	41	5.0
16	42	4.0
16	43	3.0
16	44	7.0
16	45	2.0
16	46	7.0
16	47	2.0
16	48	8.0
16	49	14.0
16	50	6.0
16	51	8.0
16	52	10.0
16	53	9.0
16	54	5.0
16	55	4.0
16	56	12.0
16	57	10.0
16	58	6.0
16	59	4.0
16	60	9.0
16	61	9.0
16	62	6.0
16	63	5.0
16	64	7.0
16	65	2.0
16	66	9.0
16	67	7.0
16	68	5.0
16	69	4.0
16	70	8.0
16	71	4.0
16	72	7.0
16	73	2.0
16	74	3.0
16	75	4.0
16	76	5.0
16	77	4.0
16	78	1.0
16	79	4.0
16	81	7.0
16	82	10.0
16	83	5.0
16	84	6.0
16	85	6.0
16	86	4.0
16	87	4.0
16	88	4.0
16	89	2.0
16	90	4.0
16	91	8.0
16	92	3.0
16	93	1.0
16	94	3.0
16	95	4.0
16	96	6.0
16	97	3.0
16	98	6.0
16	99	5.0
16	100	6.0
16	101	5.0
16	102	5.0
16	103	5.0
16	104	7.0
16	105	4.0
16	106	9.0
16	107	6.0
16	108	3.0
16	109	7.0
16	110	5.0
16	111	7.0
16	112	5.0
16	113	8.0
16	114	6.0
16	115	3.0
16	116	7.0
16	117	2.0
16	118	3.0
16	119	5.0
16	120	6.0
16	121	5.0
16	122	1.0
17	18	94.0
17	19	80.0
17	20	37.0
17	21	28.0
17	22	16.0
17	23	18.0
17	24	13.0
17	25	8.0
17	26	11.0
17	27	5.0
17	28	7.0
17	29	3.0
17	30	12.0
17	31	4.0
17	32	2.0
17	33	8.0
17	34	2.0
17	35	4.0
17	36	2.0
17	37	6.0
17	38	2.0
17	39	3.0
17	40	2.0
17	41	3.0
17	42	4.0
17	43	1.0
17	44	2.0
17	45	2.0
17	46	4.0
17	47	1.0
17	48	7.0
17	49	11.0
17	50	12.0
17	51	5.0
17	52	6.0
17	53	10.0
17	54	7.0
17	55	6.0
17	56	7.0
17	57	7.0
17	58	5.0
17	59	9.0
17	60	7.0
17	61	7.0
17	62	6.0
17	63	10.0
17	64	7.0
17	65	3.0
17	66	5.0
17	67	4.0
17	68	5.0
17	69	5.0
17	70	7.0
17	71	7.0
17	72	7.0
17	73	9.0
17	74	7.0
17	75	5.0
17	76	9.0
17	77	4.0
17	78	4.0
17	79	7.0
17	80	5.0
17	81	1.0
17	82	3.0
17	83	3.0
17	84	9.0
17	85	5.0
17	86	9.0
17	87	4.0
17	88	3.0
17	89	2.0
17	90	5.0
17	91	2.0
17	92	4.0
17	93	7.0
17	94	8.0
17	95	3.0
17	96	3.0
17	97	6.0
17	98	2.0
17	99	4.0
17	100	11.0
17	101	5.0
17	102	7.0
17	103	6.0
17	104	7.0
17	105	4.0
17	106	1.0
17	107	5.0
17	108	4.0
17	109	3.0
17	110	3.0
17	111	3.0
17	112	4.0
17	113	5.0
17	114	3.0
17	115	5.0
17	116	7.0
17	117	8.0
17	118	3.0
17	119	2.0
17	120	13.0
17	121	7.0
17	122	5.0
18	19	38.0
18	20	25.0
18	21	17.0
18	22	19.0
18	23	20.0
18	24	11.0
18	25	3.0
18	26	10.0
18	27	7.0
18	28	9.0
18	29	4.0
18	30	5.0
18	31	7.0
18	32	5.0
18	33	5.0
18	34	1.0
18	35	2.0
18	36	2.0
18	37	4.0
18	38	10.0
18	39	5.0
18	40	6.0
18	41	4.0
18	42	13.0
18	43	4.0
18	44	4.0
18	45	4.0
18	46	9.0
18	47	2.0
18	48	16.0
18	49	13.0
18	50	10.0
18	51	6.0
18	52	15.0
18	53	9.0
18	54	12.0
18	55	7.0
18	56	7.0
18	57	9.0
18	58	7.0
18	59	5.0
18	60	12.0
18	61	5.0
18	62	8.0
18	63	1.0
18	64	6.0
18	65	2.0
18	66	6.0
18	67	8.0
18	68	5.0
18	69	8.0
18	70	8.0
18	71	4.0
18	72	3.0
18	73	3.0
18	74	9.0
18	75	9.0
18	76	5.0
18	77	7.0
18	78	6.0
18	79	5.0
18	80	10.0
18	81	4.0
18	82	4.0
18	83	8.0
18	84	2.0
18	85	4.0
18	86	1.0
18	87	7.0
18	88	2.0
18	89	6.0
18	90	2.0
18	91	2.0
18	92	5.0
18	93	6.0
18	94	4.0
18	95	6.0
18	96	6.0
18	97	3.0
18	98	2.0
18	99	4.0
18	100	2.0
18	101	3.0
18	103	6.0
18	104	6.0
18	105	3.0
18	106	5.0
18	107	2.0
18	108	9.0
18	109	5.0
18	110	4.0
18	111	5.0
18	112	5.0
18	113	2.0
18	114	1.0
18	115	5.0
18	116	4.0
18	117	3.0
18	118	4.0
18	119	5.0
18	120	7.0
18	121	4.0
18	122	9.0
19	20	50.0
19	21	17.0
19	22	14.0
19	23	16.0
19	24	13.0
19	25	11.0
19	26	9.0
19	27	7.0
19	28	5.0
19	29	9.0
19	30	5.0
19	31	6.0
19	32	4.0
19	33	6.0
19	34	3.0
19	36	2.0
19	37	4.0
19	38	2.0
19	39	5.0
19	40	12.0
19	41	8.0
19	42	8.0
19	43	1.0
19	44	1.0
19	45	5.0
19	46	2.0
19	47	7.0
19	48	11.0
19	49	7.0
19	50	11.0
19	51	12.0
19	52	9.0
19	53	12.0
19	54	7.0
19	55	9.0
19	56	8.0
19	57	8.0
19	58	7.0
19	59	7.0
19	60	9.0
19	61	8.0
19	62	3.0
19	63	6.0
19	64	5.0
19	65	2.0
19	66	5.0
19	67	7.0
19	68	5.0
19	69	8.0
19	70	4.0
19	71	5.0
19	72	7.0
19	73	6.0
19	74	7.0
19	75	4.0
19	76	8.0
19	77	8.0
19	78	2.0
19	79	5.0
19	80	11.0
19	81	4.0
19	82	3.0
19	83	6.0
19	84	7.0
19	85	3.0
19	86	4.0
19	87	6.0
19	88	3.0
19	89	2.0
19	90	2.0
19	91	3.0
19	93	4.0
19	94	3.0
19	95	6.0
19	96	1.0
19	97	5.0
19	98	6.0
19	99	9.0
19	100	3.0
19	101	3.0
19	102	1.0
19	103	4.0
19	104	7.0
19	105	2.0
19	106	2.0
19	107	3.0
19	108	7.0
19	109	5.0
19	110	5.0
19	111	2.0
19	112	3.0
19	113	3.0
19	114	3.0
19	115	7.0
19	116	2.0
19	117	3.0
19	118	5.0
19	119	5.0
19	120	4.0
19	121	4.0
19	122	6.0
20	21	46.0
20	22	30.0
20	23	25.0
20	24	21.0
20	25	17.0
20	26	6.0
20	27	7.0
20	28	8.0
20	29	5.0
20	30	12.0
20	31	9.0
20	32	4.0
20	33	5.0
20	34	4.0
20	35	2.0
20	36	1.0
20	37	4.0
20	38	2.0
20	39	6.0
20	40	4.0
20	41	6.0
20	42	2.0
20	43	6.0
20	44	1.0
20	45	4.0
20	46	2.0
20	47	6.0
20	48	11.0
20	49	11.0
20	50	10.0
20	51	15.0
20	52	12.0
20	53	15.0
20	54	7.0
20	55	10.0
20	56	9.0
20	57	9.0
20	58	5.0
20	59	13.0
20	60	4.0
20	61	2.0
20	62	13.0
20	63	8.0
20	64	10.0
20	65	5.0
20	66	8.0
20	67	4.0
20	68	3.0
20	69	6.0
20	70	8.0
20	71	9.0
20	72	4.0
20	73	8.0
20	74	3.0
20	75	12.0
20	76	6.0
20	77	7.0
20	78	4.0
20	79	6.0
20	80	4.0
20	81	5.0
20	82	2.0
20	83	5.0
20	84	4.0
20	85	6.0
20	86	2.0
20	87	3.0
20	88	6.0
20	89	6.0
20	90	3.0
20	91	2.0
20	92	2.0
20	93	5.0
20	94	3.0
20	95	4.0
20	96	4.0
20	97	3.0
20	98	2.0
20	99	5.0
20	100	9.0
20	101	10.0
20	102	3.0
20	103	4.0
20	104	4.0
20	105	8.0
20	106	3.0
20	107	1.0
20	108	6.0
20	109	8.0
20	110	5.0
20	111	4.0
20	112	4.0
20	113	3.0
20	114	7.0
20	115	6.0
20	116	5.0
20	117	5.0
20	118	4.0
20	119	4.0
20	120	5.0
20	121	5.0
20	122	5.0
21	22	29.0
21	23	23.0
21	24	27.0
21	25	14.0
21	26	12.0
21	27	11.0
21	28	6.0
21	29	5.0
21	30	11.0
21	31	5.0
21	32	4.0
21	33	1.0
21	34	7.0
21	35	5.0
21	36	4.0
21	37	3.0
21	38	4.0
21	39	4.0
21	40	4.0
21	41	4.0
21	42	5.0
21	43	2.0
21	44	2.0
21	45	4.0
21	46	10.0
21	47	9.0
21	48	10.0
21	49	9.0
21	50	13.0
21	51	11.0
21	52	11.0
21	53	14.0
21	54	6.0
21	55	3.0
21	56	1.0
21	57	13.0
21	58	5.0
21	59	6.0
21	60	9.0
21	61	10.0
21	62	6.0
21	63	9.0
21	64	4.0
21	65	3.0
21	66	6.0
21	67	5.0
21	68	6.0
21	69	6.0
21	70	5.0
21	71	6.0
21	72	7.0
21	73	3.0
21	74	9.0
21	75	5.0
21	76	4.0
21	77	7.0
21	78	3.0
21	79	4.0
21	80	6.0
21	81	1.0
21	82	5.0
21	83	4.0
21	84	2.0
21	86	3.0
21	87	5.0
21	88	6.0
21	89	2.0
21	90	7.0
21	91	2.0
21	92	4.0
21	93	2.0
21	94	2.0
21	95	5.0
21	96	4.0
21	97	5.0
21	98	3.0
21	99	2.0
21	100	1.0
21	101	2.0
21	102	3.0
21	103	5.0
21	104	2.0
21	105	6.0
21	106	4.0
21	107	5.0
21	108	7.0
21	109	3.0
21	110	7.0
21	111	1.0
21	112	4.0
21	113	2.0
21	114	3.0
21	115	3.0
21	116	1.0
21	117	7.0
21	118	2.0
21	119	6.0
21	120	4.0
21	121	5.0
21	122	2.0
22	23	60.0
22	24	52.0
22	25	16.0
22	26	16.0
22	27	9.0
22	28	13.0
22	29	17.0
22	30	7.0
22	31	8.0
22	32	3.0
22	33	2.0
22	34	3.0
22	35	2.0
22	36	6.0
22	37	2.0
22	38	4.0
22	39	2.0
22	40	12.0
22	41	4.0
22	42	3.0
22	43	6.0
22	44	5.0
22	45	3.0
22	46	10.0
22	47	7.0
22	48	13.0
22	49	12.0
22	50	8.0
22	51	8.0
22	52	16.0
22	53	17.0
22	54	3.0
22	55	6.0
22	56	2.0
22	57	10.0
22	58	8.0
22	59	6.0
22	60	8.0
22	61	5.0
22	62	5.0
22	63	3.0
22	64	5.0
22	65	7.0
22	66	1.0
22	67	1.0
22	68	6.0
22	69	6.0
22	70	1.0
22	71	12.0
22	72	8.0
22	73	5.0
22	74	10.0
22	75	5.0
22	76	2.0
22	77	3.0
22	78	1.0
22	79	4.0
22	80	3.0
22	81	4.0
22	82	3.0
22	83	7.0
22	84	6.0
22	85	4.0
22	86	3.0
22	87	1.0
22	88	4.0
22	89	3.0
22	90	4.0
22	91	5.0
22	92	11.0
22	93	7.0
22	94	4.0
22	95	3.0
22	96	1.0
22	97	7.0
22	98	3.0
22	99	3.0
22	100	7.0
22	101	4.0
22	102	3.0
22	103	8.0
22	104	2.0
22	105	8.0
22	106	5.0
22	107	3.0
22	108	4.0
22	109	5.0
22	110	5.0
22	111	2.0
22	112	7.0
22	113	1.0
22	114	4.0
22	115	2.0
22	116	2.0
22	117	6.0
22	118	1.0
22	119	4.0
22	120	3.0
22	121	3.0
22	122	6.0
23	24	46.0
23	25	23.0
23	26	17.0
23	27	8.0
23	28	6.0
23	29	16.0
23	30	10.0
23	31	10.0
23	32	5.0
23	33	3.0
23	36	4.0
23	37	2.0
23	39	1.0
23	40	7.0
23	41	5.0
23	42	4.0
23	43	8.0
23	44	4.0
23	45	8.0
23	46	5.0
23	47	5.0
23	48	9.0
23	49	5.0
23	50	10.0
23	51	13.0
23	52	10.0
23	53	10.0
23	54	8.0
23	55	9.0
23	56	4.0
23	57	6.0
23	58	6.0
23	59	8.0
23	60	5.0
23	61	1.0
23	62	5.0
23	63	4.0
23	64	5.0
23	65	5.0
23	66	4.0
23	67	2.0
23	68	6.0
23	69	2.0
23	70	7.0
23	71	2.0
23	72	4.0
23	73	4.0
23	74	6.0
23	75	3.0
23	76	4.0
23	77	3.0
23	78	5.0
23	79	3.0
23	80	5.0
23	81	1.0
23	83	2.0
23	84	5.0
23	85	10.0
23	86	5.0
23	87	3.0
23	88	2.0
23	89	2.0
23	90	5.0
23	91	4.0
23	92	4.0
23	93	2.0
23	94	7.0
23	95	3.0
23	96	7.0
23	97	4.0
23	98	5.0
23	99	3.0
23	100	6.0
23	101	3.0
23	102	1.0
23	103	2.0
23	104	3.0
23	105	2.0
23	106	6.0
23	107	5.0
23	108	2.0
23	109	4.0
23	110	4.0
23	111	3.0
23	112	4.0
23	113	1.0
23	114	4.0
23	115	3.0
23	116	5.0
23	117	3.0
23	118	10.0
23	119	5.0
23	120	1.0
23	121	3.0
23	122	3.0
24	25	27.0
24	26	9.0
24	27	10.0
24	28	9.0
24	29	11.0
24	30	8.0
24	31	12.0
24	32	7.0
24	33	6.0
24	35	2.0
24	36	4.0
24	37	7.0
24	38	6.0
24	39	6.0
24	40	4.0
24	41	10.0
24	42	5.0
24	43	6.0
24	44	4.0
24	45	8.0
24	46	7.0
24	47	9.0
24	48	15.0
24	49	8.0
24	50	9.0
24	51	12.0
24	52	9.0
24	53	5.0
24	54	5.0
24	55	4.0
24	56	8.0
24	57	6.0
24	58	8.0
24	59	7.0
24	60	6.0
24	62	7.0
24	63	6.0
24	64	6.0
24	65	8.0
24	66	5.0
24	67	6.0
24	68	5.0
24	69	2.0
24	70	6.0
24	71	2.0
24	72	3.0
24	73	8.0
24	74	3.0
24	75	3.0
24	76	5.0
24	77	3.0
24	78	8.0
24	79	12.0
24	80	1.0
24	81	2.0
24	82	3.0
24	83	3.0
24	84	4.0
24	85	4.0
24	86	5.0
24	87	1.0
24	88	1.0
24	89	7.0
24	90	4.0
24	91	4.0
24	92	3.0
24	93	2.0
24	94	2.0
24	95	2.0
24	96	2.0
24	98	5.0
24	99	2.0
24	100	5.0
24	101	2.0
24	102	1.0
24	103	3.0
24	104	3.0
24	105	2.0
24	106	2.0
24	107	4.0
24	108	1.0
24	109	5.0
24	110	4.0
24	111	1.0
24	112	4.0
24	113	5.0
24	114	6.0
24	115	4.0
24	116	3.0
24	117	6.0
24	118	4.0
24	119	6.0
24	120	5.0
24	121	5.0
24	122	4.0
25	26	25.0
25	27	18.0
25	28	15.0
25	29	21.0
25	30	12.0
25	31	6.0
25	32	6.0
25	33	2.0
25	34	6.0
25	35	2.0
25	36	2.0
25	37	5.0
25	38	5.0
25	39	3.0
25	40	8.0
25	41	12.0
25	42	3.0
25	43	10.0
25	44	7.0
25	45	7.0
25	46	8.0
25	47	7.0
25	48	14.0
25	49	10.0
25	50	13.0
25	51	16.0
25	52	9.0
25	53	8.0
25	54	7.0
25	55	8.0
25	56	11.0
25	57	10.0
25	58	4.0
25	59	6.0
25	60	9.0
25	61	11.0
25	62	3.0
25	63	3.0
25	64	9.0
25	65	5.0
25	66	2.0
25	67	7.0
25	68	3.0
25	69	4.0
25	70	8.0
25	71	7.0
25	72	8.0
25	73	9.0
25	74	5.0
25	75	7.0
25	76	6.0
25	78	3.0
25	79	5.0
25	80	2.0
25	81	5.0
25	82	3.0
25	83	2.0
25	84	5.0
25	85	3.0
25	86	5.0
25	87	2.0
25	88	4.0
25	89	5.0
25	90	5.0
25	91	1.0
25	92	2.0
25	93	4.0
25	94	2.0
25	95	3.0
25	96	5.0
25	97	3.0
25	98	3.0
25	99	5.0
25	100	4.0
25	101	5.0
25	102	5.0
25	103	5.0
25	104	1.0
25	105	2.0
25	106	3.0
25	107	3.0
25	108	5.0
25	109	6.0
25	110	1.0
25	111	4.0
25	112	6.0
25	113	2.0
25	114	3.0
25	115	1.0
25	116	4.0
25	117	7.0
25	118	2.0
25	119	6.0
25	120	5.0
25	121	4.0
25	122	2.0
26	27	34.0
26	28	19.0
26	29	15.0
26	30	9.0
26	31	4.0
26	32	7.0
26	33	5.0
26	34	7.0
26	35	1.0
26	36	1.0
26	37	4.0
26	38	2.0
26	39	7.0
26	40	6.0
26	41	7.0
26	42	6.0
26	43	7.0
26	44	6.0
26	45	4.0
26	46	15.0
26	47	19.0
26	48	32.0
26	49	17.0
26	50	11.0
26	51	13.0
26	52	15.0
26	53	13.0
26	54	7.0
26	55	8.0
26	56	14.0
26	57	6.0
26	58	9.0
26	59	10.0
26	60	8.0
26	61	4.0
26	62	5.0
26	63	3.0
26	64	3.0
26	65	4.0
26	66	4.0
26	67	4.0
26	68	10.0
26	69	9.0
26	70	6.0
26	71	4.0
26	72	7.0
26	73	4.0
26	74	5.0
26	75	4.0
26	76	7.0
26	77	9.0
26	78	5.0
26	79	4.0
26	80	1.0
26	81	3.0
26	82	4.0
26	84	3.0
26	85	2.0
26	86	4.0
26	87	1.0
26	88	6.0
26	89	3.0
26	90	2.0
26	91	1.0
26	92	3.0
26	93	1.0
26	94	3.0
26	95	2.0
26	96	5.0
26	97	4.0
26	98	5.0
26	99	5.0
26	100	1.0
26	101	5.0
26	102	3.0
26	103	2.0
26	104	2.0
26	105	3.0
26	107	1.0
26	108	4.0
26	109	3.0
26	110	5.0
26	111	8.0
26	112	2.0
26	113	2.0
26	114	4.0
26	115	3.0
26	116	5.0
26	117	5.0
26	118	6.0
26	119	2.0
26	120	7.0
26	121	3.0
26	122	7.0
27	28	21.0
27	29	19.0
27	30	14.0
27	31	9.0
27	32	8.0
27	33	4.0
27	34	5.0
27	35	3.0
27	36	6.0
27	37	4.0
27	38	4.0
27	39	8.0
27	40	8.0
27	41	9.0
27	42	11.0
27	43	8.0
27	44	7.0
27	45	14.0
27	46	16.0
27	47	14.0
27	48	23.0
27	49	12.0
27	50	16.0
27	51	17.0
27	52	13.0
27	53	10.0
27	54	8.0
27	55	5.0
27	56	12.0
27	57	9.0
27	58	9.0
27	59	4.0
27	60	7.0
27	61	2.0
27	62	9.0
27	63	3.0
27	64	5.0
27	65	6.0
27	66	9.0
27	67	6.0
27	68	6.0
27	69	2.0
27	70	3.0
27	71	3.0
27	72	4.0
27	73	2.0
27	74	5.0
27	75	8.0
27	76	3.0
27	77	6.0
27	78	5.0
27	79	7.0
27	80	8.0
27	81	6.0
27	82	3.0
27	83	3.0
27	84	3.0
27	85	3.0
27	86	3.0
27	87	6.0
27	88	2.0
27	90	4.0
27	91	1.0
27	92	2.0
27	93	6.0
27	94	2.0
27	95	3.0
27	96	5.0
27	97	3.0
27	98	3.0
27	99	1.0
27	100	4.0
27	101	1.0
27	102	3.0
27	103	2.0
27	104	1.0
27	105	5.0
27	106	1.0
27	107	2.0
27	108	8.0
27	109	7.0
27	110	5.0
27	111	2.0
27	112	2.0
27	113	3.0
27	115	2.0
27	116	5.0
27	117	2.0
27	118	6.0
27	119	2.0
27	120	2.0
27	121	1.0
27	122	3.0
28	29	49.0
28	30	25.0
28	31	14.0
28	32	11.0
28	33	2.0
28	34	6.0
28	35	4.0
28	36	7.0
28	37	7.0
28	38	3.0
28	39	8.0
28	40	12.0
28	41	17.0
28	42	12.0
28	43	13.0
28	44	7.0
28	45	3.0
28	46	1.0
28	47	11.0
28	48	10.0
28	49	15.0
28	50	7.0
28	51	14.0
28	52	9.0
28	53	2.0
28	54	10.0
28	55	7.0
28	56	6.0
28	57	6.0
28	58	6.0
28	59	7.0
28	60	7.0
28	61	4.0
28	62	2.0
28	63	2.0
28	64	3.0
28	65	8.0
28	66	5.0
28	67	2.0
28	68	5.0
28	69	4.0
28	70	1.0
28	71	6.0
28	72	4.0
28	73	6.0
28	74	6.0
28	75	2.0
28	76	2.0
28	77	1.0
28	78	2.0
28	79	6.0
28	80	5.0
28	81	3.0
28	82	4.0
28	83	4.0
28	84	4.0
28	85	3.0
28	86	6.0
28	87	1.0
28	88	5.0
28	89	2.0
28	90	3.0
28	91	2.0
28	92	4.0
28	93	2.0
28	94	2.0
28	95	5.0
28	97	1.0
28	98	1.0
28	99	3.0
28	100	2.0
28	101	4.0
28	102	2.0
28	103	3.0
28	104	2.0
28	105	6.0
28	106	3.0
28	107	2.0
28	108	1.0
28	109	7.0
28	110	2.0
28	111	4.0
28	112	4.0
28	113	3.0
28	114	2.0
28	115	3.0
28	116	3.0
28	117	2.0
28	118	1.0
28	119	1.0
28	120	4.0
28	121	4.0
28	122	3.0
29	30	32.0
29	31	10.0
29	32	14.0
29	33	6.0
29	34	9.0
29	35	4.0
29	36	7.0
29	37	6.0
29	38	6.0
29	39	11.0
29	40	13.0
29	41	10.0
29	42	14.0
29	43	11.0
29	44	4.0
29	45	7.0
29	46	5.0
29	47	10.0
29	48	15.0
29	49	8.0
29	50	7.0
29	51	11.0
29	52	6.0
29	53	8.0
29	54	6.0
29	55	2.0
29	56	5.0
29	57	2.0
29	58	5.0
29	59	6.0
29	60	4.0
29	61	2.0
29	62	2.0
29	63	2.0
29	64	6.0
29	65	5.0
29	66	5.0
29	67	2.0
29	68	3.0
29	69	2.0
29	70	6.0
29	71	1.0
29	72	5.0
29	73	4.0
29	74	1.0
29	75	1.0
29	76	2.0
29	77	4.0
29	78	6.0
29	79	4.0
29	80	7.0
29	81	4.0
29	82	3.0
29	83	4.0
29	84	7.0
29	85	3.0
29	86	3.0
29	87	3.0
29	89	4.0
29	90	4.0
29	91	1.0
29	92	2.0
29	93	2.0
29	94	6.0
29	95	4.0
29	96	4.0
29	97	5.0
29	98	1.0
29	99	4.0
29	100	1.0
29	101	3.0
29	102	6.0
29	103	1.0
29	104	4.0
29	106	4.0
29	107	3.0
29	108	3.0
29	109	3.0
29	110	4.0
29	111	2.0
29	112	3.0
29	113	2.0
29	114	3.0
29	115	6.0
29	116	4.0
29	117	4.0
29	118	1.0
29	119	6.0
29	120	4.0
29	121	3.0
29	122	3.0
30	31	13.0
30	32	12.0
30	33	7.0
30	34	8.0
30	35	1.0
30	36	8.0
30	37	2.0
30	38	8.0
30	39	3.0
30	40	15.0
30	41	15.0
30	42	14.0
30	43	9.0
30	44	8.0
30	45	9.0
30	46	3.0
30	47	10.0
30	48	6.0
30	49	5.0
30	50	11.0
30	51	8.0
30	52	4.0
30	53	7.0
30	54	3.0
30	55	5.0
30	56	2.0
30	57	6.0
30	58	6.0
30	59	5.0
30	60	4.0
30	61	4.0
30	62	5.0
30	63	5.0
30	64	6.0
30	65	3.0
30	66	5.0
30	67	6.0
30	68	3.0
30	69	8.0
30	70	3.0
30	71	7.0
30	72	6.0
30	73	2.0
30	74	9.0
30	76	2.0
30	77	1.0
30	78	2.0
30	79	3.0
30	80	2.0
30	82	2.0
30	83	3.0
30	84	4.0
30	85	1.0
30	86	6.0
30	87	2.0
30	88	2.0
30	89	5.0
30	90	4.0
30	91	1.0
30	92	1.0
30	93	2.0
30	94	3.0
30	95	5.0
30	96	2.0
30	98	3.0
30	99	5.0
30	100	3.0
30	101	1.0
30	102	3.0
30	103	6.0
30	104	2.0
30	105	3.0
30	106	3.0
30	107	1.0
30	108	3.0
30	110	4.0
30	111	2.0
30	112	4.0
30	113	1.0
30	114	2.0
30	115	2.0
30	116	3.0
30	118	4.0
30	119	1.0
30	120	1.0
30	121	4.0
30	122	4.0
31	32	22.0
31	33	9.0
31	34	11.0
31	35	12.0
31	36	4.0
31	37	8.0
31	38	13.0
31	39	17.0
31	40	27.0
31	41	18.0
31	42	13.0
31	43	7.0
31	44	9.0
31	45	7.0
31	46	7.0
31	47	7.0
31	48	12.0
31	49	7.0
31	50	9.0
31	51	5.0
31	52	5.0
31	53	6.0
31	54	6.0
31	55	5.0
31	56	3.0
31	57	2.0
31	58	5.0
31	59	2.0
31	60	2.0
31	61	2.0
31	62	6.0
31	63	8.0
31	64	4.0
31	65	4.0
31	66	2.0
31	67	2.0
31	68	3.0
31	69	6.0
31	70	2.0
31	71	1.0
31	72	4.0
31	73	5.0
31	74	5.0
31	75	1.0
31	76	1.0
31	77	5.0
31	78	1.0
31	79	3.0
31	80	2.0
31	82	2.0
31	83	2.0
31	84	5.0
31	85	4.0
31	86	4.0
31	87	3.0
31	88	4.0
31	89	2.0
31	91	1.0
31	92	2.0
31	93	4.0
31	94	6.0
31	95	2.0
31	96	1.0
31	97	2.0
31	98	1.0
31	99	3.0
31	100	2.0
31	101	4.0
31	102	4.0
31	103	2.0
31	104	4.0
31	105	5.0
31	106	5.0
31	107	2.0
31	108	2.0
31	109	4.0
31	110	2.0
31	111	3.0
31	112	3.0
31	113	1.0
31	114	1.0
31	115	3.0
31	116	1.0
31	117	3.0
31	118	6.0
31	119	3.0
31	120	4.0
31	121	5.0
31	122	2.0
32	33	28.0
32	34	10.0
32	35	8.0
32	36	11.0
32	37	14.0
32	38	20.0
32	39	40.0
32	40	25.0
32	41	20.0
32	42	10.0
32	43	6.0
32	44	5.0
32	45	4.0
32	46	7.0
32	47	3.0
32	48	3.0
32	49	6.0
32	50	1.0
32	51	6.0
32	52	4.0
32	53	4.0
32	54	6.0
32	55	4.0
32	56	8.0
32	57	5.0
32	58	9.0
32	60	4.0
32	61	2.0
32	62	7.0
32	63	3.0
32	64	2.0
32	65	3.0
32	66	2.0
32	67	2.0
32	68	6.0
32	69	1.0
32	70	4.0
32	71	3.0
32	72	4.0
32	73	2.0
32	74	3.0
32	75	5.0
32	76	4.0
32	77	2.0
32	78	5.0
32	79	2.0
32	80	3.0
32	81	3.0
32	82	5.0
32	83	5.0
32	84	1.0
32	85	3.0
32	86	5.0
32	88	2.0
32	89	4.0
32	90	3.0
32	91	2.0
32	92	4.0
32	93	5.0
32	95	1.0
32	96	2.0
32	97	4.0
32	98	3.0
32	99	4.0
32	100	5.0
32	101	2.0
32	102	2.0
32	103	1.0
32	104	3.0
32	105	3.0
32	106	6.0
32	107	4.0
32	109	2.0
32	110	7.0
32	111	1.0
32	112	2.0
32	113	1.0
32	114	2.0
32	115	7.0
32	116	4.0
32	117	5.0
32	119	4.0
32	120	3.0
32	121	2.0
32	122	2.0
33	34	30.0
33	35	7.0
33	36	11.0
33	37	19.0
33	38	92.0
33	39	22.0
33	40	12.0
33	41	7.0
33	42	8.0
33	43	11.0
33	44	3.0
33	45	4.0
33	46	4.0
33	47	4.0
33	48	6.0
33	49	6.0
33	50	2.0
33	51	3.0
33	52	5.0
33	53	4.0
33	54	10.0
33	55	5.0
33	56	3.0
33	57	5.0
33	58	7.0
33	59	5.0
33	60	6.0
33	61	4.0
33	63	4.0
33	64	6.0
33	65	6.0
33	66	3.0
33	67	4.0
33	68	2.0
33	69	2.0
33	71	2.0
33	72	2.0
33	73	6.0
33	74	1.0
33	75	2.0
33	76	1.0
33	78	2.0
33	79	3.0
33	80	2.0
33	81	2.0
33	82	3.0
33	85	2.0
33	86	2.0
33	87	3.0
33	88	2.0
33	89	5.0
33	90	2.0
33	91	2.0
33	92	1.0
33	93	3.0
33	94	3.0
33	95	2.0
33	96	5.0
33	97	2.0
33	98	1.0
33	99	3.0
33	100	1.0
33	102	1.0
33	103	1.0
33	104	1.0
33	105	2.0
33	106	3.0
33	107	2.0
33	108	6.0
33	109	5.0
33	111	2.0
33	112	1.0
33	114	2.0
33	115	3.0
33	116	4.0
33	117	2.0
33	118	3.0
33	119	3.0
33	120	2.0
33	121	6.0
33	122	2.0
34	35	20.0
34	36	17.0
34	37	142.0
34	38	23.0
34	39	13.0
34	40	11.0
34	41	6.0
34	42	7.0
34	43	5.0
34	44	6.0
34	45	4.0
34	46	3.0
34	47	5.0
34	48	2.0
34	49	1.0
34	50	5.0
34	51	7.0
34	52	3.0
34	53	3.0
34	54	3.0
34	55	3.0
34	56	5.0
34	57	1.0
34	58	1.0
34	59	6.0
34	60	4.0
34	61	1.0
34	62	1.0
34	63	3.0
34	65	3.0
34	66	4.0
34	67	2.0
34	68	7.0
34	69	1.0
34	70	1.0
34	71	2.0
34	72	1.0
34	73	1.0
34	74	2.0
34	75	2.0
34	76	4.0
34	77	2.0
34	78	2.0
34	79	4.0
34	80	1.0
34	82	3.0
34	84	6.0
34	85	2.0
34	86	1.0
34	87	4.0
34	88	3.0
34	89	3.0
34	90	3.0
34	91	1.0
34	92	1.0
34	93	2.0
34	94	1.0
34	95	3.0
34	97	4.0
34	98	1.0
34	99	2.0
34	100	1.0
34	101	1.0
34	102	4.0
34	105	2.0
34	106	1.0
34	107	3.0
34	108	2.0
34	109	1.0
34	110	1.0
34	111	2.0
34	112	2.0
34	113	2.0
34	114	2.0
34	115	2.0
34	116	8.0
34	117	2.0
34	118	5.0
34	119	4.0
34	120	1.0
34	121	1.0
34	122	1.0
35	36	127.0
35	37	24.0
35	38	19.0
35	39	8.0
35	40	11.0
35	41	2.0
35	42	8.0
35	43	4.0
35	44	4.0
35	45	3.0
35	46	6.0
35	47	4.0
35	48	4.0
35	49	1.0
35	50	5.0
35	51	6.0
35	52	2.0
35	53	3.0
35	54	1.0
35	55	2.0
35	57	4.0
35	58	2.0
35	59	3.0
35	60	6.0
35	61	4.0
35	63	7.0
35	64	4.0
35	65	1.0
35	67	1.0
35	68	1.0
35	69	3.0
35	71	2.0
35	72	2.0
35	74	2.0
35	75	1.0
35	76	3.0
35	77	1.0
35	79	1.0
35	80	3.0
35	81	3.0
35	82	1.0
35	83	1.0
35	84	4.0
35	86	2.0
35	87	2.0
35	88	2.0
35	89	3.0
35	90	1.0
35	91	1.0
35	93	2.0
35	94	3.0
35	95	2.0
35	98	3.0
35	100	5.0
35	101	1.0
35	102	1.0
35	104	1.0
35	105	1.0
35	106	2.0
35	107	2.0
35	108	1.0
35	109	3.0
35	110	1.0
35	111	1.0
35	112	3.0
35	114	3.0
35	115	3.0
35	116	1.0
35	117	3.0
35	118	5.0
35	120	2.0
35	121	1.0
35	122	2.0
36	37	26.0
36	38	11.0
36	39	10.0
36	40	5.0
36	41	2.0
36	42	4.0
36	43	1.0
36	44	3.0
36	45	3.0
36	46	3.0
36	47	5.0
36	48	3.0
36	50	4.0
36	51	1.0
36	52	3.0
36	53	3.0
36	54	3.0
36	55	1.0
36	57	2.0
36	58	2.0
36	60	2.0
36	61	3.0
36	62	1.0
36	63	2.0
36	64	3.0
36	65	2.0
36	66	2.0
36	68	1.0
36	69	2.0
36	70	1.0
36	71	3.0
36	72	3.0
36	73	1.0
36	74	2.0
36	75	2.0
36	76	2.0
36	78	2.0
36	81	1.0
36	82	3.0
36	83	4.0
36	84	3.0
36	86	1.0
36	87	2.0
36	88	1.0
36	89	2.0
36	90	1.0
36	91	2.0
36	92	1.0
36	94	2.0
36	95	2.0
36	96	2.0
36	97	2.0
36	98	5.0
36	99	7.0
36	101	4.0
36	102	4.0
36	103	4.0
36	104	2.0
36	105	2.0
36	106	2.0
36	107	1.0
36	108	4.0
36	110	3.0
36	113	1.0
36	114	2.0
36	115	4.0
36	116	2.0
36	118	2.0
36	119	1.0
36	120	2.0
36	121	2.0
36	122	2.0
37	38	17.0
37	39	14.0
37	40	4.0
37	41	9.0
37	42	5.0
37	43	11.0
37	44	4.0
37	45	1.0
37	46	4.0
37	47	5.0
37	48	1.0
37	49	3.0
37	50	1.0
37	51	2.0
37	52	5.0
37	54	7.0
37	55	2.0
37	56	1.0
37	57	4.0
37	58	4.0
37	59	1.0
37	60	4.0
37	61	3.0
37	62	1.0
37	63	3.0
37	64	4.0
37	65	6.0
37	66	1.0
37	67	3.0
37	68	4.0
37	69	4.0
37	71	1.0
37	72	3.0
37	73	1.0
37	74	3.0
37	75	1.0
37	76	1.0
37	77	3.0
37	79	1.0
37	80	3.0
37	81	5.0
37	82	3.0
37	83	1.0
37	84	4.0
37	85	1.0
37	86	3.0
37	87	1.0
37	88	3.0
37	90	5.0
37	91	2.0
37	92	2.0
37	94	2.0
37	95	3.0
37	96	2.0
37	98	3.0
37	99	1.0
37	100	1.0
37	101	3.0
37	103	1.0
37	104	2.0
37	105	2.0
37	107	2.0
37	108	3.0
37	109	4.0
37	110	1.0
37	111	1.0
37	112	3.0
37	114	2.0
37	115	3.0
37	116	2.0
37	117	5.0
37	118	1.0
37	119	2.0
37	120	1.0
37	122	3.0
38	39	18.0
38	40	10.0
38	41	11.0
38	42	8.0
38	43	9.0
38	44	4.0
38	45	4.0
38	46	3.0
38	47	3.0
38	48	5.0
38	49	2.0
38	50	4.0
38	51	7.0
38	52	2.0
38	53	4.0
38	54	2.0
38	55	2.0
38	56	7.0
38	57	3.0
38	58	3.0
38	59	1.0
38	60	6.0
38	61	2.0
38	62	1.0
38	63	3.0
38	64	1.0
38	65	1.0
38	66	3.0
38	67	2.0
38	69	3.0
38	70	6.0
38	71	5.0
38	72	4.0
38	73	2.0
38	74	4.0
38	75	3.0
38	76	4.0
38	77	2.0
38	78	1.0
38	79	1.0
38	80	2.0
38	81	4.0
38	82	2.0
38	83	3.0
38	84	6.0
38	85	1.0
38	86	3.0
38	88	1.0
38	89	6.0
38	90	1.0
38	91	2.0
38	92	2.0
38	93	1.0
38	94	3.0
38	95	3.0
38	96	2.0
38	98	1.0
38	100	2.0
38	101	2.0
38	102	1.0
38	103	4.0
38	104	2.0
38	105	1.0
38	106	4.0
38	108	1.0
38	109	4.0
38	110	1.0
38	111	2.0
38	112	1.0
38	113	1.0
38	114	4.0
38	116	3.0
38	117	4.0
38	118	5.0
38	119	2.0
38	120	1.0
38	121	2.0
38	122	1.0
39	40	14.0
39	41	12.0
39	42	7.0
39	43	8.0
39	44	6.0
39	45	5.0
39	46	4.0
39	47	9.0
39	48	1.0
39	49	4.0
39	50	6.0
39	51	6.0
39	52	5.0
39	53	5.0
39	54	2.0
39	55	6.0
39	56	4.0
39	57	4.0
39	58	5.0
39	59	3.0
39	60	2.0
39	61	6.0
39	62	4.0
39	63	7.0
39	64	5.0
39	65	3.0
39	66	2.0
39	67	3.0
39	68	2.0
39	69	4.0
39	70	1.0
39	71	4.0
39	72	1.0
39	73	4.0
39	74	5.0
39	75	3.0
39	76	2.0
39	77	4.0
39	78	2.0
39	79	1.0
39	80	2.0
39	81	6.0
39	82	2.0
39	83	3.0
39	84	2.0
39	85	6.0
39	86	2.0
39	87	2.0
39	88	4.0
39	89	3.0
39	90	1.0
39	91	3.0
39	92	2.0
39	93	1.0
39	94	2.0
39	95	2.0
39	96	2.0
39	97	1.0
39	98	2.0
39	99	3.0
39	102	1.0
39	103	3.0
39	104	1.0
39	105	1.0
39	106	3.0
39	108	4.0
39	110	1.0
39	111	2.0
39	112	3.0
39	113	6.0
39	114	1.0
39	115	4.0
39	116	1.0
39	117	4.0
39	118	1.0
39	119	2.0
39	120	6.0
39	121	3.0
39	122	4.0
40	41	24.0
40	42	20.0
40	43	10.0
40	44	2.0
40	45	9.0
40	46	6.0
40	47	3.0
40	48	5.0
40	49	8.0
40	50	7.0
40	51	6.0
40	52	3.0
40	53	3.0
40	54	4.0
40	55	2.0
40	56	5.0
40	57	5.0
40	59	7.0
40	60	3.0
40	61	5.0
40	62	4.0
40	63	8.0
40	64	1.0
40	65	3.0
40	66	1.0
40	68	1.0
40	69	8.0
40	70	3.0
40	71	1.0
40	72	2.0
40	73	4.0
40	75	1.0
40	76	3.0
40	77	3.0
40	78	3.0
40	79	1.0
40	80	2.0
40	81	4.0
40	82	3.0
40	83	4.0
40	84	1.0
40	85	3.0
40	86	2.0
40	87	4.0
40	88	4.0
40	89	2.0
40	90	1.0
40	91	9.0
40	92	2.0
40	93	3.0
40	94	4.0
40	95	5.0
40	96	1.0
40	98	2.0
40	99	1.0
40	101	2.0
40	102	2.0
40	104	2.0
40	105	4.0
40	106	2.0
40	107	3.0
40	108	5.0
40	109	1.0
40	110	1.0
40	111	1.0
40	112	3.0
40	113	6.0
40	114	3.0
40	115	2.0
40	116	5.0
40	117	4.0
40	118	4.0
40	119	1.0
40	120	1.0
40	121	4.0
40	122	3.0
41	42	23.0
41	43	6.0
41	44	7.0
41	45	8.0
41	46	11.0
41	47	8.0
41	48	7.0
41	49	9.0
41	50	12.0
41	51	9.0
41	52	4.0
41	53	2.0
41	54	7.0
41	55	7.0
41	56	6.0
41	57	6.0
41	58	9.0
41	59	5.0
41	60	2.0
41	61	6.0
41	62	3.0
41	63	2.0
41	64	2.0
41	65	3.0
41	66	5.0
41	67	1.0
41	68	5.0
41	69	4.0
41	70	1.0
41	71	5.0
41	72	2.0
41	73	3.0
41	74	2.0
41	75	5.0
41	76	5.0
41	77	2.0
41	78	6.0
41	79	6.0
41	80	4.0
41	81	8.0
41	82	5.0
41	83	1.0
41	84	3.0
41	85	3.0
41	86	2.0
41	87	2.0
41	88	3.0
41	89	2.0
41	90	1.0
41	91	5.0
41	92	5.0
41	93	1.0
41	94	3.0
41	95	1.0
41	96	1.0
41	97	2.0
41	98	5.0
41	99	3.0
41	100	2.0
41	101	3.0
41	102	4.0
41	103	1.0
41	104	3.0
41	105	6.0
41	106	1.0
41	107	2.0
41	108	6.0
41	109	2.0
41	110	3.0
41	111	2.0
41	113	3.0
41	114	3.0
41	115	4.0
41	116	8.0
41	117	2.0
41	118	7.0
41	120	5.0
41	121	6.0
41	122	5.0
42	43	26.0
42	44	7.0
42	45	6.0
42	46	6.0
42	47	4.0
42	48	5.0
42	49	7.0
42	50	2.0
42	51	10.0
42	52	3.0
42	53	3.0
42	54	5.0
42	55	8.0
42	56	7.0
42	57	5.0
42	58	3.0
42	59	6.0
42	60	1.0
42	61	2.0
42	62	1.0
42	63	5.0
42	64	5.0
42	65	4.0
42	66	1.0
42	67	5.0
42	68	3.0
42	69	5.0
42	70	2.0
42	71	2.0
42	72	1.0
42	73	1.0
42	74	5.0
42	75	4.0
42	76	1.0
42	77	2.0
42	78	3.0
42	79	3.0
42	80	5.0
42	81	4.0
42	82	5.0
42	83	4.0
42	84	6.0
42	85	4.0
42	86	6.0
42	88	1.0
42	89	2.0
42	90	2.0
42	91	2.0
42	92	8.0
42	94	2.0
42	95	3.0
42	97	7.0
42	98	7.0
42	99	2.0
42	100	4.0
42	101	7.0
42	102	3.0
42	103	1.0
42	104	1.0
42	105	2.0
42	106	3.0
42	107	3.0
42	109	1.0
42	110	1.0
42	112	4.0
42	113	4.0
42	114	5.0
42	115	2.0
42	116	1.0
42	117	3.0
42	118	1.0
42	119	2.0
42	120	4.0
42	121	3.0
42	122	4.0
43	44	19.0
43	45	9.0
43	46	9.0
43	47	7.0
43	48	7.0
43	49	5.0
43	50	5.0
43	51	9.0
43	52	6.0
43	53	2.0
43	54	4.0
43	55	3.0
43	56	3.0
43	57	4.0
43	58	4.0
43	59	4.0
43	60	1.0
43	61	3.0
43	62	5.0
43	63	1.0
43	64	6.0
43	65	3.0
43	66	1.0
43	67	5.0
43	68	4.0
43	69	3.0
43	70	2.0
43	71	4.0
43	72	6.0
43	73	4.0
43	74	4.0
43	75	2.0
43	76	3.0
43	77	3.0
43	78	6.0
43	79	4.0
43	80	4.0
43	81	3.0
43	82	4.0
43	83	1.0
43	84	1.0
43	85	6.0
43	86	6.0
43	87	1.0
43	88	3.0
43	89	3.0
43	90	4.0
43	91	2.0
43	92	5.0
43	93	5.0
43	94	2.0
43	95	1.0
43	96	2.0
43	97	3.0
43	98	2.0
43	99	1.0
43	100	3.0
43	102	5.0
43	103	2.0
43	104	2.0
43	105	2.0
43	106	1.0
43	107	1.0
43	108	3.0
43	109	1.0
43	110	3.0
43	111	2.0
43	112	4.0
43	113	2.0
43	114	1.0
43	115	4.0
43	116	4.0
43	117	2.0
43	118	3.0
43	119	4.0
43	121	2.0
43	122	1.0
44	45	23.0
44	46	10.0
44	47	10.0
44	48	6.0
44	49	7.0
44	50	11.0
44	51	1.0
44	52	10.0
44	53	8.0
44	54	2.0
44	55	11.0
44	56	6.0
44	57	5.0
44	58	7.0
44	59	3.0
44	60	7.0
44	61	8.0
44	62	2.0
44	63	5.0
44	64	2.0
44	65	3.0
44	66	7.0
44	67	2.0
44	68	6.0
44	69	3.0
44	70	5.0
44	71	10.0
44	72	3.0
44	73	4.0
44	74	9.0
44	75	5.0
44	77	4.0
44	78	5.0
44	79	4.0
44	80	2.0
44	81	4.0
44	82	4.0
44	83	4.0
44	84	1.0
44	85	4.0
44	86	5.0
44	87	1.0
44	88	1.0
44	89	2.0
44	90	5.0
44	91	3.0
44	92	3.0
44	93	1.0
44	94	3.0
44	95	4.0
44	96	3.0
44	97	4.0
44	98	3.0
44	99	1.0
44	100	2.0
44	101	2.0
44	102	3.0
44	103	3.0
44	104	1.0
44	105	3.0
44	106	3.0
44	108	3.0
44	109	7.0
44	110	2.0
44	111	1.0
44	113	4.0
44	114	3.0
44	115	3.0
44	116	3.0
44	117	2.0
44	118	4.0
44	119	1.0
44	120	2.0
44	121	3.0
44	122	5.0
45	46	16.0
45	47	21.0
45	48	6.0
45	49	8.0
45	50	3.0
45	51	11.0
45	52	12.0
45	53	4.0
45	54	5.0
45	55	11.0
45	56	10.0
45	57	5.0
45	58	6.0
45	59	4.0
45	60	4.0
45	61	10.0
45	62	6.0
45	63	6.0
45	64	4.0
45	65	5.0
45	66	3.0
45	67	3.0
45	68	3.0
45	69	3.0
45	70	2.0
45	71	6.0
45	72	7.0
45	73	6.0
45	74	4.0
45	75	3.0
45	76	4.0
45	77	1.0
45	78	6.0
45	79	4.0
45	80	4.0
45	81	1.0
45	82	1.0
45	83	5.0
45	84	3.0
45	85	3.0
45	86	4.0
45	87	5.0
45	88	3.0
45	89	1.0
45	90	4.0
45	91	1.0
45	92	3.0
45	93	4.0
45	94	2.0
45	95	4.0
45	96	1.0
45	97	1.0
45	98	1.0
45	99	2.0
45	100	3.0
45	101	2.0
45	102	3.0
45	103	3.0
45	104	4.0
45	105	1.0
45	106	5.0
45	107	2.0
45	108	3.0
45	109	1.0
45	110	1.0
45	111	1.0
45	112	2.0
45	113	3.0
45	114	4.0
45	115	6.0
45	116	1.0
45	117	2.0
45	118	3.0
45	119	6.0
45	120	3.0
45	121	2.0
45	122	4.0
46	47	34.0
46	48	19.0
46	49	8.0
46	50	6.0
46	51	10.0
46	52	7.0
46	53	13.0
46	54	4.0
46	55	13.0
46	56	13.0
46	57	8.0
46	58	9.0
46	59	5.0
46	60	8.0
46	61	6.0
46	62	4.0
46	63	6.0
46	64	6.0
46	65	1.0
46	66	8.0
46	67	6.0
46	68	4.0
46	69	7.0
46	70	3.0
46	71	1.0
46	72	8.0
46	73	4.0
46	74	1.0
46	75	2.0
46	76	2.0
46	77	3.0
46	78	2.0
46	79	1.0
46	80	4.0
46	81	2.0
46	82	2.0
46	83	2.0
46	84	2.0
46	85	8.0
46	86	4.0
46	87	1.0
46	88	1.0
46	90	4.0
46	91	6.0
46	92	5.0
46	93	1.0
46	94	3.0
46	95	2.0
46	96	2.0
46	97	3.0
46	98	2.0
46	99	1.0
46	100	3.0
46	101	3.0
46	102	4.0
46	103	2.0
46	104	3.0
46	105	7.0
46	106	2.0
46	107	1.0
46	108	6.0
46	109	8.0
46	110	4.0
46	111	2.0
46	112	2.0
46	113	2.0
46	114	5.0
46	115	1.0
46	116	3.0
46	118	3.0
46	119	3.0
46	121	5.0
46	122	3.0
47	48	21.0
47	49	12.0
47	50	10.0
47	51	15.0
47	52	20.0
47	53	16.0
47	54	9.0
47	55	22.0
47	56	19.0
47	57	8.0
47	58	14.0
47	59	5.0
47	60	3.0
47	61	10.0
47	62	7.0
47	63	11.0
47	64	6.0
47	65	11.0
47	66	7.0
47	67	3.0
47	68	3.0
47	69	6.0
47	70	4.0
47	71	3.0
47	72	3.0
47	73	6.0
47	74	8.0
47	75	6.0
47	76	5.0
47	77	7.0
47	78	5.0
47	79	4.0
47	80	5.0
47	81	4.0
47	82	1.0
47	83	4.0
47	84	2.0
47	85	5.0
47	86	3.0
47	87	7.0
47	88	2.0
47	89	7.0
47	90	4.0
47	91	2.0
47	92	2.0
47	93	2.0
47	94	4.0
47	95	5.0
47	96	3.0
47	97	4.0
47	98	5.0
47	99	2.0
47	100	2.0
47	101	3.0
47	102	2.0
47	103	1.0
47	104	4.0
47	105	3.0
47	106	4.0
47	107	3.0
47	108	3.0
47	109	3.0
47	110	1.0
47	111	3.0
47	112	7.0
47	113	3.0
47	114	4.0
47	115	3.0
47	117	5.0
47	118	5.0
47	119	5.0
47	120	4.0
47	121	6.0
47	122	4.0
48	49	26.0
48	50	14.0
48	51	27.0
48	52	31.0
48	53	18.0
48	54	19.0
48	55	11.0
48	56	9.0
48	57	11.0
48	58	9.0
48	59	9.0
48	60	6.0
48	61	10.0
48	62	10.0
48	63	8.0
48	64	3.0
48	65	6.0
48	66	9.0
48	67	3.0
48	68	12.0
48	69	8.0
48	70	9.0
48	71	1.0
48	72	8.0
48	73	4.0
48	74	6.0
48	75	4.0
48	76	8.0
48	77	6.0
48	78	4.0
48	79	2.0
48	80	4.0
48	81	3.0
48	82	3.0
48	83	3.0
48	84	4.0
48	85	3.0
48	86	4.0
48	87	5.0
48	88	5.0
48	89	3.0
48	90	3.0
48	91	6.0
48	92	5.0
48	93	3.0
48	94	3.0
48	95	5.0
48	96	2.0
48	97	5.0
48	98	1.0
48	99	4.0
48	100	3.0
48	101	2.0
48	102	2.0
48	103	1.0
48	104	7.0
48	105	4.0
48	106	2.0
48	107	2.0
48	108	3.0
48	109	5.0
48	110	4.0
48	111	2.0
48	113	6.0
48	114	3.0
48	115	6.0
48	116	7.0
48	117	3.0
48	118	5.0
48	119	1.0
48	120	4.0
48	121	4.0
48	122	4.0
49	50	51.0
49	51	62.0
49	52	24.0
49	53	13.0
49	54	16.0
49	55	12.0
49	56	9.0
49	57	12.0
49	58	13.0
49	59	7.0
49	60	12.0
49	61	13.0
49	62	4.0
49	63	8.0
49	64	6.0
49	65	11.0
49	66	4.0
49	67	6.0
49	68	6.0
49	69	5.0
49	70	9.0
49	71	5.0
49	72	8.0
49	73	14.0
49	74	3.0
49	75	7.0
49	76	3.0
49	77	11.0
49	78	2.0
49	79	4.0
49	80	3.0
49	81	10.0
49	82	9.0
49	83	4.0
49	84	4.0
49	85	5.0
49	86	4.0
49	88	6.0
49	89	1.0
49	90	3.0
49	91	4.0
49	92	4.0
49	93	3.0
49	94	7.0
49	95	3.0
49	96	4.0
49	97	3.0
49	98	4.0
49	99	11.0
49	100	2.0
49	101	3.0
49	102	1.0
49	103	4.0
49	104	3.0
49	105	6.0
49	106	3.0
49	107	9.0
49	108	4.0
49	109	5.0
49	110	6.0
49	111	7.0
49	112	2.0
49	113	5.0
49	114	3.0
49	115	6.0
49	116	8.0
49	117	1.0
49	118	3.0
49	119	4.0
49	120	3.0
49	121	4.0
49	122	5.0
50	51	17.0
50	52	25.0
50	53	8.0
50	54	10.0
50	55	8.0
50	56	13.0
50	57	18.0
50	58	7.0
50	59	11.0
50	60	5.0
50	61	10.0
50	62	5.0
50	63	6.0
50	64	7.0
50	65	8.0
50	66	3.0
50	67	9.0
50	68	7.0
50	69	9.0
50	70	1.0
50	71	4.0
50	72	5.0
50	73	6.0
50	74	3.0
50	75	7.0
50	76	11.0
50	77	5.0
50	78	8.0
50	79	6.0
50	80	5.0
50	81	6.0
50	82	11.0
50	83	6.0
50	84	5.0
50	85	3.0
50	86	10.0
50	87	2.0
50	88	5.0
50	89	3.0
50	90	3.0
50	91	5.0
50	92	3.0
50	93	4.0
50	94	5.0
50	95	4.0
50	96	4.0
50	97	1.0
50	98	2.0
50	99	7.0
50	100	5.0
50	102	4.0
50	103	4.0
50	104	4.0
50	105	4.0
50	106	5.0
50	107	5.0
50	108	3.0
50	109	4.0
50	110	3.0
50	111	5.0
50	112	3.0
50	113	4.0
50	114	4.0
50	115	5.0
50	116	1.0
50	117	5.0
50	118	3.0
50	119	4.0
50	120	8.0
50	121	6.0
50	122	5.0
51	52	25.0
51	53	15.0
51	54	24.0
51	55	10.0
51	56	10.0
51	57	13.0
51	58	9.0
51	59	18.0
51	60	11.0
51	61	8.0
51	62	9.0
51	63	4.0
51	64	4.0
51	65	8.0
51	66	4.0
51	67	7.0
51	68	14.0
51	69	6.0
51	70	8.0
51	71	9.0
51	72	6.0
51	73	5.0
51	74	6.0
51	75	10.0
51	76	6.0
51	77	3.0
51	78	5.0
51	79	5.0
51	80	1.0
51	81	4.0
51	82	5.0
51	83	6.0
51	84	8.0
51	85	3.0
51	86	1.0
51	87	2.0
51	88	2.0
51	89	6.0
51	90	4.0
51	91	9.0
51	92	6.0
51	93	4.0
51	94	2.0
51	95	7.0
51	96	5.0
51	97	4.0
51	98	2.0
51	99	2.0
51	100	9.0
51	101	3.0
51	102	3.0
51	103	3.0
51	104	1.0
51	105	4.0
51	106	6.0
51	107	5.0
51	108	2.0
51	109	1.0
51	110	2.0
51	111	2.0
51	112	2.0
51	113	4.0
51	114	3.0
51	115	6.0
51	116	4.0
51	117	2.0
51	118	5.0
51	119	2.0
51	120	2.0
51	121	7.0
51	122	4.0
52	53	41.0
52	54	29.0
52	55	16.0
52	56	17.0
52	57	10.0
52	58	19.0
52	59	9.0
52	60	18.0
52	61	11.0
52	62	7.0
52	63	10.0
52	64	9.0
52	65	5.0
52	66	7.0
52	67	7.0
52	68	8.0
52	69	6.0
52	70	10.0
52	71	6.0
52	72	4.0
52	73	17.0
52	74	11.0
52	75	3.0
52	76	4.0
52	77	5.0
52	78	5.0
52	79	5.0
52	80	10.0
52	81	4.0
52	82	6.0
52	83	4.0
52	84	6.0
52	85	2.0
52	86	5.0
52	87	6.0
52	88	5.0
52	89	6.0
52	90	7.0
52	91	4.0
52	92	3.0
52	93	3.0
52	94	4.0
52	95	4.0
52	96	1.0
52	97	6.0
52	98	4.0
52	99	1.0
52	100	4.0
52	101	1.0
52	102	1.0
52	103	2.0
52	104	3.0
52	105	3.0
52	106	2.0
52	107	6.0
52	108	6.0
52	109	5.0
52	110	5.0
52	111	3.0
52	113	6.0
52	114	4.0
52	115	3.0
52	116	6.0
52	117	3.0
52	118	2.0
52	119	7.0
52	120	3.0
52	121	3.0
52	122	7.0
53	54	37.0
53	55	18.0
53	56	14.0
53	57	19.0
53	58	14.0
53	59	8.0
53	60	12.0
53	61	14.0
53	62	10.0
53	63	8.0
53	64	7.0
53	65	5.0
53	66	7.0
53	67	10.0
53	68	7.0
53	69	7.0
53	70	4.0
53	71	7.0
53	72	10.0
53	73	6.0
53	74	8.0
53	75	6.0
53	76	6.0
53	77	6.0
53	78	6.0
53	79	10.0
53	80	2.0
53	81	3.0
53	82	5.0
53	83	8.0
53	84	3.0
53	85	1.0
53	86	3.0
53	87	5.0
53	88	4.0
53	90	6.0
53	91	5.0
53	92	4.0
53	93	4.0
53	94	2.0
53	95	5.0
53	96	3.0
53	97	5.0
53	98	3.0
53	99	3.0
53	100	3.0
53	101	2.0
53	102	7.0
53	103	5.0
53	104	4.0
53	105	3.0
53	106	6.0
53	107	2.0
53	108	3.0
53	109	5.0
53	110	2.0
53	111	4.0
53	112	6.0
53	113	3.0
53	114	1.0
53	115	6.0
53	116	4.0
53	117	3.0
53	118	3.0
53	119	5.0
53	120	4.0
53	121	8.0
53	122	3.0
54	55	24.0
54	56	26.0
54	57	38.0
54	58	19.0
54	59	13.0
54	60	17.0
54	61	16.0
54	62	15.0
54	63	4.0
54	64	12.0
54	65	11.0
54	66	10.0
54	67	9.0
54	68	16.0
54	69	10.0
54	70	11.0
54	71	7.0
54	72	12.0
54	73	8.0
54	74	6.0
54	75	16.0
54	76	5.0
54	77	7.0
54	78	6.0
54	79	5.0
54	80	6.0
54	81	3.0
54	82	4.0
54	83	5.0
54	84	7.0
54	85	7.0
54	86	5.0
54	87	4.0
54	88	2.0
54	89	4.0
54	90	7.0
54	91	2.0
54	92	7.0
54	93	6.0
54	94	4.0
54	95	4.0
54	96	5.0
54	97	1.0
54	98	5.0
54	99	5.0
54	100	1.0
54	101	3.0
54	102	7.0
54	103	2.0
54	104	5.0
54	105	1.0
54	106	4.0
54	107	2.0
54	108	3.0
54	109	2.0
54	110	2.0
54	111	4.0
54	112	8.0
54	113	6.0
54	114	4.0
54	115	4.0
54	116	8.0
54	117	6.0
54	118	3.0
54	119	3.0
54	120	6.0
54	121	2.0
54	122	8.0
55	56	112.0
55	57	23.0
55	58	16.0
55	59	16.0
55	60	9.0
55	61	25.0
55	62	21.0
55	63	8.0
55	64	11.0
55	65	8.0
55	66	9.0
55	67	13.0
55	68	8.0
55	69	9.0
55	70	14.0
55	71	6.0
55	72	7.0
55	73	10.0
55	74	4.0
55	75	10.0
55	76	5.0
55	77	3.0
55	78	9.0
55	79	14.0
55	80	8.0
55	81	8.0
55	82	4.0
55	83	9.0
55	84	5.0
55	85	5.0
55	86	3.0
55	87	7.0
55	88	1.0
55	89	3.0
55	90	3.0
55	91	3.0
55	92	6.0
55	93	1.0
55	94	4.0
55	95	4.0
55	96	5.0
55	97	3.0
55	98	3.0
55	99	6.0
55	100	5.0
55	101	2.0
55	102	3.0
55	103	4.0
55	104	5.0
55	105	3.0
55	106	3.0
55	108	4.0
55	109	6.0
55	110	1.0
55	111	4.0
55	112	4.0
55	113	2.0
55	114	4.0
55	115	5.0
55	116	4.0
55	117	2.0
55	118	7.0
55	119	6.0
55	120	7.0
55	121	7.0
55	122	8.0
56	57	32.0
56	58	21.0
56	59	5.0
56	60	14.0
56	61	14.0
56	62	19.0
56	63	10.0
56	64	7.0
56	65	11.0
56	66	9.0
56	67	16.0
56	68	10.0
56	69	3.0
56	70	9.0
56	71	14.0
56	72	8.0
56	73	2.0
56	74	5.0
56	75	6.0
56	76	8.0
56	77	5.0
56	78	5.0
56	79	5.0
56	80	5.0
56	81	6.0
56	82	7.0
56	83	3.0
56	84	3.0
56	85	4.0
56	86	3.0
56	87	4.0
56	89	6.0
56	90	3.0
56	91	7.0
56	92	3.0
56	93	1.0
56	94	6.0
56	95	1.0
56	96	3.0
56	97	3.0
56	98	3.0
56	99	7.0
56	100	3.0
56	101	3.0
56	102	5.0
56	103	4.0
56	104	3.0
56	105	8.0
56	106	3.0
56	107	3.0
56	108	7.0
56	109	6.0
56	110	6.0
56	111	9.0
56	112	3.0
56	113	2.0
56	114	6.0
56	115	3.0
56	116	8.0
56	117	5.0
56	118	8.0
56	119	2.0
56	120	2.0
56	121	2.0
56	122	4.0
57	58	41.0
57	59	20.0
57	60	17.0
57	61	32.0
57	62	24.0
57	63	14.0
57	64	21.0
57	65	13.0
57	66	11.0
57	67	17.0
57	68	14.0
57	69	14.0
57	70	9.0
57	71	12.0
57	72	14.0
57	73	6.0
57	74	13.0
57	75	10.0
57	76	9.0
57	77	11.0
57	78	7.0
57	79	6.0
57	80	9.0
57	81	9.0
57	82	4.0
57	83	6.0
57	84	6.0
57	85	7.0
57	86	10.0
57	87	6.0
57	88	10.0
57	89	9.0
57	90	9.0
57	91	8.0
57	92	2.0
57	93	3.0
57	94	5.0
57	95	3.0
57	96	1.0
57	97	4.0
57	98	2.0
57	99	6.0
57	100	5.0
57	101	4.0
57	102	8.0
57	103	5.0
57	104	5.0
57	105	2.0
57	106	3.0
57	107	7.0
57	108	3.0
57	109	3.0
57	110	6.0
57	111	4.0
57	112	6.0
57	113	1.0
57	114	7.0
57	115	7.0
57	116	9.0
57	117	4.0
57	118	7.0
57	119	3.0
57	120	5.0
57	121	6.0
57	122	3.0
58	59	19.0
58	60	23.0
58	61	92.0
58	62	31.0
58	63	22.0
58	64	23.0
58	65	15.0
58	66	10.0
58	67	23.0
58	68	14.0
58	69	22.0
58	70	20.0
58	71	7.0
58	72	13.0
58	73	12.0
58	74	16.0
58	75	10.0
58	76	7.0
58	77	10.0
58	78	11.0
58	79	8.0
58	80	5.0
58	81	12.0
58	82	4.0
58	83	9.0
58	84	7.0
58	85	5.0
58	86	5.0
58	87	7.0
58	88	4.0
58	89	4.0
58	90	8.0
58	91	8.0
58	92	6.0
58	93	2.0
58	94	7.0
58	95	6.0
58	96	6.0
58	97	2.0
58	98	3.0
58	99	4.0
58	100	3.0
58	101	2.0
58	102	5.0
58	103	9.0
58	104	2.0
58	105	5.0
58	106	3.0
58	107	4.0
58	108	3.0
58	109	4.0
58	110	6.0
58	111	5.0
58	112	4.0
58	113	3.0
58	114	5.0
58	115	11.0
58	116	6.0
58	117	7.0
58	118	6.0
58	119	7.0
58	120	9.0
58	121	3.0
58	122	4.0
59	60	98.0
59	61	22.0
59	62	11.0
59	63	11.0
59	64	14.0
59	65	13.0
59	66	10.0
59	67	8.0
59	68	15.0
59	69	14.0
59	70	13.0
59	71	14.0
59	72	21.0
59	73	15.0
59	74	24.0
59	75	10.0
59	76	16.0
59	77	18.0
59	78	12.0
59	79	9.0
59	80	9.0
59	81	10.0
59	82	6.0
59	83	11.0
59	84	6.0
59	85	9.0
59	87	10.0
59	88	5.0
59	89	5.0
59	90	5.0
59	91	6.0
59	92	6.0
59	93	8.0
59	94	5.0
59	95	6.0
59	96	11.0
59	97	2.0
59	98	2.0
59	99	4.0
59	100	9.0
59	101	2.0
59	102	5.0
59	103	7.0
59	104	3.0
59	105	6.0
59	106	3.0
59	107	4.0
59	108	7.0
59	109	3.0
59	110	5.0
59	111	9.0
59	112	4.0
59	113	3.0
59	114	5.0
59	115	4.0
59	116	6.0
59	117	8.0
59	118	5.0
59	119	7.0
59	120	5.0
59	121	9.0
59	122	3.0
60	61	23.0
60	62	12.0
60	63	9.0
60	64	8.0
60	65	9.0
60	66	8.0
60	67	10.0
60	68	19.0
60	69	12.0
60	70	13.0
60	71	18.0
60	72	18.0
60	73	7.0
60	74	16.0
60	75	6.0
60	76	15.0
60	77	14.0
60	78	8.0
60	79	8.0
60	80	9.0
60	81	4.0
60	82	6.0
60	83	11.0
60	84	12.0
60	85	8.0
60	86	7.0
60	87	8.0
60	88	6.0
60	89	4.0
60	90	7.0
60	91	7.0
60	92	8.0
60	93	8.0
60	94	6.0
60	95	4.0
60	96	3.0
60	97	5.0
60	98	4.0
60	99	8.0
60	100	4.0
60	101	8.0
60	102	4.0
60	104	9.0
60	105	6.0
60	106	1.0
60	107	9.0
60	108	4.0
60	109	5.0
60	110	8.0
60	111	6.0
60	112	2.0
60	113	6.0
60	114	11.0
60	115	7.0
60	116	7.0
60	117	6.0
60	118	9.0
60	119	7.0
60	120	4.0
60	121	7.0
60	122	1.0
61	62	21.0
61	63	24.0
61	64	29.0
61	65	16.0
61	66	12.0
61	67	23.0
61	68	15.0
61	69	19.0
61	70	17.0
61	71	8.0
61	72	11.0
61	73	9.0
61	74	12.0
61	75	5.0
61	76	9.0
61	77	10.0
61	78	4.0
61	79	11.0
61	80	10.0
61	81	10.0
61	82	7.0
61	83	5.0
61	84	5.0
61	85	12.0
61	86	6.0
61	88	5.0
61	89	4.0
61	90	13.0
61	91	9.0
61	92	4.0
61	93	5.0
61	94	5.0
61	95	2.0
61	96	6.0
61	97	2.0
61	98	3.0
61	99	3.0
61	100	6.0
61	101	6.0
61	102	2.0
61	103	1.0
61	104	7.0
61	105	9.0
61	106	2.0
61	107	4.0
61	108	7.0
61	110	4.0
61	111	1.0
61	112	4.0
61	113	2.0
61	114	3.0
61	115	5.0
61	116	13.0
61	117	2.0
61	118	6.0
61	119	4.0
61	120	2.0
61	121	5.0
61	122	6.0
62	63	27.0
62	64	19.0
62	65	37.0
62	66	29.0
62	67	19.0
62	68	15.0
62	69	15.0
62	70	12.0
62	71	3.0
62	72	9.0
62	73	7.0
62	74	10.0
62	75	6.0
62	76	11.0
62	77	8.0
62	78	9.0
62	79	11.0
62	80	10.0
62	81	6.0
62	82	10.0
62	83	6.0
62	84	7.0
62	85	8.0
62	86	4.0
62	87	10.0
62	88	8.0
62	89	4.0
62	90	7.0
62	91	3.0
62	92	5.0
62	93	5.0
62	94	4.0
62	95	6.0
62	96	5.0
62	97	2.0
62	98	4.0
62	99	4.0
62	100	9.0
62	101	3.0
62	102	3.0
62	103	5.0
62	104	2.0
62	105	3.0
62	106	6.0
62	107	12.0
62	108	4.0
62	109	2.0
62	110	6.0
62	111	3.0
62	112	4.0
62	113	2.0
62	114	5.0
62	115	1.0
62	116	5.0
62	117	6.0
62	118	4.0
62	119	4.0
62	120	4.0
62	121	9.0
62	122	1.0
63	64	102.0
63	65	83.0
63	66	33.0
63	67	19.0
63	68	22.0
63	69	17.0
63	70	11.0
63	71	7.0
63	72	8.0
63	73	5.0
63	74	14.0
63	75	13.0
63	76	12.0
63	77	7.0
63	78	2.0
63	79	7.0
63	80	9.0
63	81	6.0
63	82	10.0
63	83	11.0
63	84	6.0
63	85	12.0
63	86	9.0
63	87	3.0
63	88	12.0
63	89	6.0
63	90	15.0
63	91	1.0
63	92	3.0
63	93	8.0
63	94	14.0
63	95	2.0
63	96	7.0
63	97	4.0
63	98	4.0
63	99	1.0
63	100	1.0
63	101	2.0
63	102	6.0
63	103	4.0
63	104	3.0
63	105	4.0
63	106	2.0
63	107	4.0
63	108	9.0
63	109	5.0
63	110	4.0
63	111	3.0
63	112	2.0
63	113	2.0
63	114	5.0
63	115	3.0
63	116	4.0
63	117	5.0
63	118	6.0
63	119	5.0
63	120	2.0
63	121	4.0
63	122	3.0
64	65	42.0
64	66	27.0
64	67	21.0
64	68	17.0
64	69	10.0
64	70	11.0
64	71	11.0
64	72	7.0
64	73	6.0
64	74	10.0
64	75	15.0
64	76	13.0
64	77	13.0
64	78	10.0
64	79	7.0
64	80	8.0
64	81	10.0
64	82	10.0
64	83	4.0
64	84	3.0
64	85	9.0
64	86	10.0
64	87	8.0
64	88	8.0
64	89	2.0
64	90	5.0
64	91	4.0
64	92	5.0
64	93	8.0
64	94	4.0
64	95	4.0
64	96	6.0
64	97	3.0
64	98	4.0
64	99	6.0
64	100	7.0
64	101	1.0
64	102	3.0
64	103	4.0
64	104	3.0
64	105	5.0
64	106	6.0
64	107	3.0
64	108	5.0
64	109	2.0
64	110	9.0
64	111	4.0
64	112	4.0
64	113	3.0
64	114	3.0
64	115	4.0
64	116	6.0
64	117	7.0
64	118	2.0
64	119	4.0
64	120	5.0
64	121	2.0
64	122	4.0
65	66	41.0
65	67	19.0
65	68	16.0
65	69	14.0
65	70	14.0
65	71	6.0
65	72	8.0
65	73	4.0
65	74	6.0
65	75	7.0
65	76	11.0
65	77	14.0
65	78	17.0
65	79	7.0
65	80	8.0
65	81	5.0
65	82	10.0
65	83	4.0
65	84	7.0
65	85	6.0
65	86	8.0
65	87	5.0
65	88	5.0
65	89	6.0
65	90	8.0
65	91	3.0
65	92	5.0
65	93	10.0
65	94	5.0
65	95	6.0
65	96	6.0
65	97	5.0
65	98	11.0
65	99	4.0
65	100	1.0
65	101	4.0
65	102	2.0
65	103	4.0
65	104	3.0
65	105	4.0
65	106	2.0
65	107	5.0
65	108	4.0
65	109	3.0
65	110	3.0
65	111	3.0
65	112	6.0
65	113	3.0
65	114	3.0
65	115	4.0
65	116	5.0
65	117	3.0
65	118	6.0
65	119	1.0
65	120	5.0
65	121	6.0
65	122	4.0
66	67	31.0
66	68	22.0
66	69	13.0
66	70	14.0
66	71	7.0
66	72	9.0
66	73	8.0
66	74	12.0
66	75	10.0
66	76	12.0
66	77	8.0
66	78	5.0
66	79	12.0
66	80	9.0
66	81	9.0
66	82	9.0
66	83	7.0
66	84	11.0
66	85	12.0
66	86	7.0
66	87	9.0
66	88	9.0
66	89	5.0
66	90	4.0
66	91	5.0
66	92	11.0
66	93	5.0
66	94	6.0
66	95	9.0
66	96	2.0
66	97	6.0
66	98	6.0
66	99	3.0
66	100	4.0
66	101	4.0
66	102	3.0
66	103	3.0
66	104	5.0
66	105	5.0
66	106	4.0
66	107	7.0
66	108	2.0
66	109	2.0
66	110	6.0
66	111	6.0
66	112	6.0
66	113	5.0
66	114	4.0
66	115	4.0
66	116	3.0
66	117	5.0
66	118	5.0
66	119	2.0
66	121	4.0
66	122	4.0
67	68	103.0
67	69	40.0
67	70	21.0
67	71	17.0
67	72	18.0
67	73	11.0
67	74	9.0
67	75	17.0
67	76	13.0
67	77	11.0
67	78	10.0
67	79	12.0
67	80	14.0
67	81	11.0
67	82	14.0
67	83	6.0
67	84	10.0
67	85	11.0
67	86	17.0
67	87	8.0
67	88	5.0
67	89	11.0
67	90	5.0
67	91	8.0
67	92	5.0
67	93	8.0
67	94	8.0
67	95	3.0
67	96	6.0
67	97	6.0
67	98	4.0
67	99	4.0
67	100	9.0
67	101	8.0
67	102	8.0
67	103	4.0
67	104	7.0
67	105	7.0
67	106	8.0
67	107	4.0
67	108	3.0
67	109	3.0
67	110	3.0
67	111	3.0
67	112	4.0
67	113	8.0
67	114	4.0
67	115	6.0
67	116	8.0
67	117	5.0
67	118	7.0
67	119	3.0
67	120	7.0
67	121	1.0
67	122	8.0
68	69	56.0
68	70	18.0
68	71	11.0
68	72	12.0
68	73	10.0
68	74	11.0
68	75	13.0
68	76	17.0
68	77	13.0
68	78	10.0
68	79	8.0
68	80	19.0
68	81	16.0
68	82	11.0
68	83	16.0
68	84	22.0
68	85	19.0
68	86	9.0
68	87	8.0
68	88	12.0
68	89	11.0
68	90	9.0
68	91	10.0
68	92	4.0
68	94	4.0
68	95	9.0
68	96	4.0
68	97	5.0
68	98	6.0
68	99	6.0
68	100	11.0
68	101	10.0
68	102	4.0
68	103	4.0
68	104	1.0
68	105	9.0
68	106	7.0
68	107	6.0
68	108	4.0
68	109	5.0
68	110	2.0
68	111	4.0
68	112	5.0
68	113	5.0
68	114	4.0
68	115	5.0
68	116	4.0
68	117	7.0
68	118	7.0
68	119	3.0
68	120	4.0
68	121	7.0
68	122	4.0
69	70	27.0
69	71	8.0
69	72	16.0
69	73	22.0
69	74	12.0
69	75	19.0
69	76	13.0
69	77	12.0
69	78	13.0
69	79	19.0
69	80	15.0
69	81	4.0
69	82	13.0
69	83	9.0
69	84	13.0
69	85	10.0
69	86	9.0
69	87	8.0
69	88	7.0
69	89	7.0
69	90	8.0
69	91	6.0
69	92	6.0
69	93	11.0
69	94	7.0
69	95	8.0
69	96	11.0
69	97	7.0
69	98	2.0
69	99	6.0
69	100	4.0
69	101	8.0
69	102	5.0
69	103	4.0
69	104	6.0
69	105	8.0
69	106	3.0
69	107	2.0
69	108	8.0
69	109	7.0
69	110	8.0
69	111	6.0
69	112	3.0
69	113	8.0
69	114	6.0
69	115	8.0
69	116	11.0
69	117	8.0
69	118	8.0
69	119	5.0
69	120	6.0
69	121	2.0
69	122	9.0
70	71	20.0
70	72	24.0
70	73	47.0
70	74	26.0
70	75	44.0
70	76	52.0
70	77	22.0
70	78	39.0
70	79	22.0
70	80	21.0
70	81	20.0
70	82	24.0
70	83	24.0
70	84	13.0
70	85	15.0
70	86	13.0
70	87	11.0
70	88	8.0
70	89	13.0
70	90	16.0
70	91	13.0
70	92	8.0
70	93	5.0
70	94	12.0
70	95	9.0
70	96	5.0
70	97	9.0
70	98	8.0
70	99	5.0
70	100	10.0
70	101	10.0
70	102	6.0
70	103	1.0
70	104	6.0
70	105	5.0
70	106	9.0
70	107	12.0
70	108	7.0
70	109	6.0
70	110	5.0
70	111	11.0
70	112	12.0
70	113	7.0
70	114	8.0
70	115	7.0
70	116	14.0
70	117	2.0
70	118	7.0
70	119	9.0
70	120	4.0
70	121	6.0
70	122	6.0
71	72	110.0
71	73	23.0
71	74	38.0
71	75	29.0
71	76	14.0
71	77	33.0
71	78	15.0
71	79	11.0
71	80	18.0
71	81	20.0
71	82	12.0
71	83	9.0
71	84	24.0
71	85	19.0
71	86	9.0
71	87	10.0
71	88	5.0
71	89	15.0
71	90	19.0
71	91	9.0
71	92	9.0
71	93	12.0
71	94	3.0
71	95	4.0
71	96	11.0
71	97	6.0
71	98	6.0
71	99	9.0
71	100	2.0
71	101	8.0
71	102	5.0
71	103	8.0
71	104	9.0
71	105	12.0
71	106	3.0
71	107	6.0
71	108	8.0
71	109	6.0
71	110	11.0
71	111	15.0
71	112	7.0
71	113	6.0
71	114	11.0
71	115	4.0
71	116	9.0
71	117	9.0
71	118	12.0
71	119	12.0
71	120	7.0
71	121	11.0
71	122	8.0
72	73	32.0
72	74	37.0
72	75	10.0
72	76	23.0
72	77	50.0
72	78	16.0
72	79	16.0
72	80	23.0
72	81	19.0
72	82	14.0
72	83	6.0
72	84	16.0
72	85	12.0
72	86	17.0
72	87	8.0
72	88	3.0
72	89	9.0
72	90	11.0
72	91	6.0
72	92	16.0
72	93	10.0
72	94	10.0
72	95	5.0
72	96	4.0
72	97	5.0
72	98	5.0
72	99	8.0
72	100	3.0
72	101	3.0
72	102	8.0
72	103	5.0
72	104	7.0
72	105	7.0
72	106	9.0
72	107	8.0
72	108	7.0
72	109	7.0
72	110	6.0
72	111	9.0
72	112	8.0
72	113	10.0
72	114	10.0
72	115	12.0
72	116	12.0
72	117	10.0
72	118	11.0
72	119	6.0
72	120	10.0
72	121	6.0
72	122	8.0
73	74	63.0
73	75	43.0
73	76	97.0
73	77	60.0
73	78	45.0
73	79	15.0
73	80	33.0
73	81	30.0
73	82	30.0
73	83	25.0
73	84	23.0
73	85	19.0
73	86	10.0
73	87	11.0
73	88	10.0
73	89	11.0
73	90	28.0
73	91	12.0
73	92	13.0
73	93	10.0
73	94	10.0
73	95	8.0
73	96	8.0
73	97	11.0
73	98	3.0
73	99	8.0
73	100	11.0
73	101	6.0
73	102	8.0
73	103	4.0
73	104	8.0
73	105	12.0
73	106	10.0
73	107	9.0
73	108	6.0
73	109	14.0
73	110	3.0
73	111	5.0
73	112	9.0
73	113	7.0
73	114	11.0
73	115	8.0
73	116	10.0
73	117	10.0
73	118	9.0
73	119	12.0
73	120	6.0
73	121	5.0
73	122	5.0
74	75	35.0
74	76	67.0
74	77	51.0
74	78	41.0
74	79	14.0
74	80	19.0
74	81	51.0
74	82	20.0
74	83	21.0
74	84	26.0
74	85	28.0
74	86	15.0
74	87	11.0
74	88	11.0
74	89	13.0
74	90	20.0
74	91	13.0
74	92	6.0
74	93	9.0
74	94	25.0
74	95	8.0
74	96	12.0
74	97	8.0
74	98	9.0
74	99	12.0
74	100	10.0
74	101	4.0
74	102	6.0
74	103	6.0
74	104	6.0
74	105	8.0
74	106	4.0
74	107	12.0
74	108	8.0
74	109	10.0
74	110	6.0
74	111	6.0
74	112	6.0
74	113	4.0
74	114	5.0
74	115	3.0
74	116	10.0
74	117	16.0
74	118	16.0
74	119	11.0
74	120	10.0
74	121	9.0
74	122	11.0
75	76	77.0
75	77	30.0
75	78	69.0
75	79	30.0
75	80	29.0
75	81	31.0
75	82	25.0
75	83	18.0
75	84	24.0
75	85	27.0
75	86	13.0
75	87	13.0
75	88	8.0
75	89	14.0
75	90	15.0
75	91	14.0
75	92	15.0
75	93	7.0
75	94	8.0
75	95	11.0
75	96	8.0
75	97	9.0
75	98	10.0
75	99	10.0
75	100	12.0
75	101	6.0
75	102	7.0
75	103	9.0
75	104	5.0
75	105	11.0
75	106	12.0
75	107	10.0
75	108	9.0
75	109	5.0
75	110	3.0
75	111	7.0
75	112	8.0
75	113	3.0
75	114	8.0
75	115	13.0
75	116	10.0
75	117	9.0
75	118	12.0
75	119	2.0
75	120	8.0
75	121	8.0
75	122	9.0
76	77	41.0
76	78	46.0
76	79	20.0
76	80	48.0
76	81	42.0
76	82	24.0
76	83	21.0
76	84	26.0
76	85	22.0
76	86	12.0
76	87	13.0
76	88	12.0
76	89	16.0
76	90	18.0
76	91	12.0
76	92	11.0
76	93	14.0
76	94	11.0
76	95	10.0
76	96	11.0
76	97	6.0
76	98	10.0
76	99	16.0
76	100	13.0
76	101	11.0
76	102	4.0
76	103	7.0
76	104	4.0
76	105	12.0
76	106	10.0
76	107	5.0
76	108	12.0
76	109	6.0
76	110	5.0
76	111	7.0
76	112	5.0
76	113	7.0
76	114	10.0
76	115	10.0
76	116	13.0
76	117	10.0
76	118	11.0
76	119	6.0
76	120	6.0
76	121	7.0
76	122	7.0
77	78	24.0
77	79	18.0
77	80	16.0
77	81	32.0
77	82	23.0
77	83	15.0
77	84	32.0
77	85	15.0
77	86	15.0
77	87	12.0
77	88	8.0
77	89	10.0
77	90	19.0
77	91	17.0
77	92	11.0
77	93	14.0
77	94	11.0
77	95	10.0
77	96	8.0
77	97	9.0
77	98	7.0
77	99	9.0
77	100	4.0
77	101	5.0
77	102	3.0
77	103	9.0
77	104	12.0
77	105	13.0
77	106	12.0
77	107	10.0
77	108	11.0
77	109	14.0
77	110	6.0
77	111	14.0
77	112	8.0
77	113	10.0
77	114	8.0
77	115	9.0
77	116	8.0
77	117	10.0
77	118	10.0
77	119	5.0
77	120	9.0
77	121	7.0
77	122	5.0
78	79	26.0
78	80	42.0
78	81	38.0
78	82	55.0
78	83	29.0
78	84	45.0
78	85	49.0
78	86	17.0
78	87	8.0
78	88	9.0
78	89	15.0
78	90	17.0
78	91	23.0
78	92	13.0
78	93	9.0
78	94	16.0
78	95	10.0
78	96	9.0
78	97	9.0
78	98	6.0
78	99	8.0
78	100	10.0
78	101	11.0
78	102	7.0
78	103	4.0
78	104	8.0
78	105	11.0
78	106	9.0
78	107	4.0
78	108	10.0
78	109	9.0
78	110	9.0
78	111	6.0
78	112	4.0
78	113	6.0
78	114	8.0
78	115	10.0
78	116	7.0
78	117	10.0
78	118	9.0
78	119	9.0
78	120	10.0
78	121	8.0
78	122	7.0
79	80	56.0
79	81	26.0
79	82	22.0
79	83	23.0
79	84	24.0
79	85	35.0
79	86	15.0
79	87	16.0
79	88	16.0
79	89	14.0
79	90	11.0
79	91	8.0
79	92	9.0
79	93	13.0
79	94	15.0
79	95	11.0
79	96	10.0
79	97	6.0
79	98	7.0
79	99	5.0
79	100	14.0
79	101	5.0
79	102	6.0
79	103	7.0
79	104	4.0
79	105	5.0
79	106	10.0
79	107	7.0
79	108	7.0
79	109	10.0
79	110	6.0
79	111	8.0
79	112	7.0
79	113	9.0
79	114	3.0
79	115	11.0
79	116	8.0
79	117	4.0
79	118	8.0
79	119	5.0
79	120	8.0
79	121	10.0
79	122	6.0
80	81	19.0
80	82	35.0
80	83	35.0
80	84	25.0
80	85	59.0
80	86	29.0
80	87	15.0
80	88	11.0
80	89	17.0
80	90	22.0
80	91	12.0
80	92	10.0
80	93	18.0
80	94	17.0
80	95	11.0
80	96	14.0
80	97	7.0
80	98	10.0
80	99	12.0
80	100	8.0
80	101	12.0
80	102	7.0
80	103	8.0
80	104	4.0
80	105	14.0
80	106	10.0
80	107	9.0
80	108	5.0
80	109	8.0
80	110	6.0
80	111	4.0
80	112	9.0
80	113	8.0
80	114	7.0
80	115	5.0
80	116	5.0
80	117	9.0
80	118	8.0
80	119	10.0
80	120	4.0
80	121	5.0
80	122	10.0
81	82	39.0
81	83	33.0
81	84	50.0
81	85	35.0
81	86	23.0
81	87	11.0
81	88	8.0
81	89	15.0
81	90	23.0
81	91	18.0
81	92	12.0
81	93	15.0
81	94	18.0
81	95	17.0
81	96	7.0
81	97	13.0
81	98	6.0
81	99	11.0
81	100	13.0
81	101	9.0
81	102	6.0
81	103	4.0
81	104	9.0
81	105	11.0
81	106	12.0
81	107	9.0
81	108	8.0
81	109	8.0
81	110	9.0
81	111	5.0
81	112	5.0
81	113	7.0
81	114	11.0
81	115	13.0
81	116	8.0
81	117	8.0
81	118	10.0
81	119	8.0
81	120	13.0
81	121	11.0
81	122	8.0
82	83	63.0
82	84	99.0
82	85	81.0
82	86	26.0
82	87	13.0
82	88	14.0
82	89	22.0
82	90	25.0
82	91	24.0
82	92	20.0
82	93	19.0
82	94	16.0
82	95	17.0
82	96	11.0
82	97	7.0
82	98	10.0
82	99	10.0
82	100	7.0
82	101	11.0
82	102	8.0
82	103	4.0
82	104	6.0
82	105	10.0
82	106	10.0
82	107	12.0
82	108	6.0
82	109	7.0
82	110	6.0
82	111	5.0
82	112	5.0
82	113	9.0
82	114	6.0
82	115	12.0
82	116	10.0
82	117	12.0
82	118	14.0
82	119	6.0
82	120	10.0
82	121	3.0
82	122	8.0
83	84	55.0
83	85	78.0
83	86	58.0
83	87	20.0
83	88	15.0
83	89	34.0
83	90	35.0
83	91	23.0
83	92	16.0
83	93	23.0
83	94	17.0
83	95	20.0
83	96	18.0
83	97	9.0
83	98	13.0
83	99	8.0
83	100	11.0
83	101	8.0
83	102	5.0
83	103	2.0
83	104	7.0
83	105	8.0
83	106	9.0
83	107	13.0
83	108	12.0
83	109	7.0
83	110	6.0
83	111	5.0
83	112	7.0
83	113	7.0
83	114	7.0
83	115	8.0
83	116	8.0
83	117	17.0
83	118	2.0
83	119	11.0
83	120	4.0
83	121	11.0
83	122	9.0
84	85	61.0
84	86	29.0
84	87	9.0
84	88	15.0
84	89	17.0
84	90	24.0
84	91	15.0
84	92	15.0
84	93	16.0
84	94	15.0
84	95	16.0
84	96	13.0
84	97	10.0
84	98	8.0
84	99	8.0
84	100	12.0
84	101	6.0
84	102	2.0
84	103	6.0
84	104	10.0
84	105	12.0
84	106	14.0
84	107	10.0
84	108	12.0
84	109	14.0
84	110	6.0
84	111	8.0
84	112	6.0
84	113	7.0
84	114	6.0
84	115	7.0
84	116	8.0
84	117	9.0
84	118	9.0
84	119	7.0
84	120	6.0
84	121	6.0
84	122	7.0
85	86	25.0
85	87	30.0
85	88	13.0
85	89	22.0
85	90	35.0
85	91	15.0
85	92	16.0
85	93	22.0
85	94	24.0
85	95	12.0
85	96	13.0
85	97	8.0
85	98	9.0
85	99	5.0
85	100	9.0
85	101	7.0
85	102	8.0
85	103	7.0
85	104	5.0
85	105	12.0
85	106	11.0
85	107	10.0
85	108	6.0
85	109	11.0
85	110	9.0
85	111	5.0
85	112	7.0
85	113	8.0
85	114	7.0
85	115	5.0
85	116	8.0
85	117	9.0
85	118	9.0
85	119	4.0
85	120	3.0
85	121	6.0
85	122	8.0
86	87	20.0
86	88	25.0
86	89	63.0
86	90	22.0
86	91	19.0
86	92	24.0
86	93	23.0
86	94	32.0
86	95	22.0
86	96	18.0
86	97	10.0
86	98	12.0
86	99	11.0
86	100	13.0
86	101	9.0
86	102	7.0
86	103	8.0
86	104	5.0
86	105	6.0
86	106	7.0
86	107	12.0
86	108	7.0
86	109	5.0
86	110	5.0
86	111	6.0
86	112	7.0
86	113	6.0
86	114	6.0
86	115	9.0
86	116	12.0
86	117	12.0
86	118	9.0
86	119	11.0
86	120	9.0
86	121	10.0
86	122	9.0
87	88	167.0
87	89	20.0
87	90	11.0
87	91	9.0
87	92	11.0
87	93	9.0
87	94	14.0
87	95	10.0
87	96	9.0
87	97	12.0
87	98	7.0
87	99	8.0
87	100	13.0
87	101	4.0
87	102	8.0
87	103	2.0
87	104	4.0
87	105	6.0
87	106	7.0
87	107	7.0
87	108	7.0
87	109	10.0
87	110	8.0
87	111	3.0
87	112	7.0
87	113	7.0
87	114	6.0
87	115	5.0
87	116	5.0
87	117	4.0
87	118	10.0
87	119	11.0
87	120	5.0
87	121	7.0
87	122	3.0
88	89	17.0
88	90	13.0
88	91	8.0
88	92	15.0
88	93	16.0
88	94	12.0
88	95	14.0
88	96	7.0
88	97	5.0
88	98	10.0
88	99	10.0
88	100	15.0
88	101	3.0
88	102	4.0
88	103	3.0
88	104	5.0
88	105	6.0
88	106	8.0
88	107	6.0
88	108	7.0
88	109	6.0
88	110	6.0
88	111	8.0
88	112	5.0
88	113	4.0
88	114	4.0
88	115	4.0
88	116	5.0
88	117	4.0
88	118	4.0
88	119	4.0
88	120	11.0
88	121	2.0
88	122	4.0
89	90	20.0
89	91	20.0
89	92	23.0
89	93	25.0
89	94	25.0
89	95	24.0
89	96	23.0
89	97	15.0
89	98	7.0
89	99	14.0
89	100	11.0
89	101	9.0
89	102	8.0
89	103	9.0
89	104	1.0
89	105	3.0
89	106	9.0
89	107	8.0
89	108	11.0
89	109	8.0
89	110	9.0
89	111	5.0
89	112	6.0
89	113	5.0
89	114	8.0
89	115	5.0
89	116	15.0
89	117	9.0
89	118	12.0
89	119	7.0
89	120	9.0
89	121	9.0
89	122	8.0
90	91	71.0
90	92	31.0
90	93	41.0
90	94	34.0
90	95	22.0
90	96	19.0
90	97	12.0
90	98	11.0
90	99	18.0
90	100	12.0
90	101	10.0
90	102	4.0
90	103	9.0
90	104	7.0
90	105	10.0
90	106	16.0
90	107	24.0
90	108	11.0
90	109	12.0
90	110	11.0
90	111	8.0
90	112	9.0
90	113	4.0
90	114	7.0
90	115	13.0
90	116	13.0
90	117	14.0
90	118	13.0
90	119	3.0
90	120	7.0
90	121	4.0
90	122	12.0
91	92	20.0
91	93	43.0
91	94	41.0
91	95	25.0
91	96	17.0
91	97	19.0
91	98	24.0
91	99	17.0
91	100	25.0
91	101	17.0
91	102	9.0
91	103	12.0
91	104	6.0
91	105	13.0
91	106	17.0
91	107	16.0
91	108	16.0
91	109	9.0
91	110	10.0
91	111	10.0
91	112	10.0
91	113	11.0
91	114	10.0
91	115	18.0
91	116	11.0
91	117	10.0
91	118	12.0
91	119	7.0
91	120	8.0
91	121	6.0
91	122	7.0
92	93	77.0
92	94	43.0
92	95	39.0
92	96	49.0
92	97	14.0
92	98	21.0
92	99	24.0
92	100	25.0
92	101	9.0
92	102	5.0
92	103	8.0
92	104	12.0
92	105	20.0
92	106	14.0
92	107	12.0
92	108	7.0
92	109	5.0
92	110	6.0
92	111	12.0
92	112	7.0
92	113	8.0
92	114	7.0
92	115	5.0
92	116	9.0
92	117	3.0
92	118	11.0
92	119	5.0
92	120	6.0
92	121	10.0
92	122	5.0
93	94	53.0
93	95	40.0
93	96	36.0
93	97	22.0
93	98	20.0
93	99	21.0
93	100	19.0
93	101	17.0
93	102	12.0
93	103	4.0
93	104	13.0
93	105	11.0
93	106	8.0
93	107	10.0
93	108	12.0
93	109	15.0
93	110	5.0
93	111	6.0
93	112	5.0
93	113	6.0
93	114	14.0
93	115	11.0
93	116	9.0
93	117	15.0
93	118	12.0
93	119	9.0
93	120	3.0
93	121	8.0
93	122	8.0
94	95	77.0
94	96	47.0
94	97	23.0
94	98	33.0
94	99	31.0
94	100	21.0
94	101	15.0
94	102	6.0
94	103	9.0
94	104	17.0
94	105	14.0
94	106	16.0
94	107	24.0
94	108	12.0
94	109	7.0
94	110	11.0
94	111	8.0
94	112	8.0
94	113	6.0
94	114	13.0
94	115	12.0
94	116	4.0
94	117	14.0
94	118	10.0
94	119	13.0
94	120	10.0
94	121	10.0
94	122	8.0
95	96	65.0
95	97	29.0
95	98	26.0
95	99	29.0
95	100	29.0
95	101	12.0
95	102	7.0
95	103	9.0
95	104	3.0
95	105	10.0
95	106	23.0
95	107	9.0
95	108	11.0
95	109	6.0
95	110	4.0
95	111	6.0
95	112	7.0
95	113	9.0
95	114	8.0
95	115	11.0
95	116	6.0
95	117	11.0
95	118	10.0
95	119	9.0
95	120	6.0
95	121	9.0
95	122	7.0
96	97	35.0
96	98	21.0
96	99	32.0
96	100	29.0
96	101	13.0
96	102	11.0
96	103	4.0
96	104	8.0
96	105	14.0
96	106	9.0
96	107	10.0
96	108	4.0
96	109	9.0
96	110	4.0
96	111	6.0
96	112	10.0
96	113	15.0
96	114	8.0
96	115	8.0
96	116	9.0
96	117	8.0
96	118	8.0
96	119	10.0
96	120	5.0
96	121	7.0
96	122	5.0
97	98	31.0
97	99	27.0
97	100	18.0
97	101	9.0
97	102	10.0
97	103	9.0
97	104	8.0
97	105	9.0
97	106	7.0
97	107	11.0
97	108	2.0
97	109	7.0
97	110	11.0
97	111	9.0
97	112	10.0
97	113	8.0
97	114	9.0
97	115	8.0
97	116	6.0
97	117	5.0
97	118	13.0
97	119	6.0
97	120	3.0
97	121	8.0
97	122	2.0
98	99	77.0
98	100	57.0
98	101	18.0
98	102	9.0
98	103	11.0
98	104	20.0
98	105	21.0
98	106	18.0
98	107	18.0
98	108	15.0
98	109	14.0
98	110	14.0
98	111	14.0
98	112	14.0
98	113	9.0
98	114	16.0
98	115	13.0
98	116	5.0
98	117	8.0
98	118	10.0
98	119	18.0
98	120	6.0
98	121	11.0
98	122	8.0
99	100	49.0
99	101	18.0
99	102	7.0
99	103	9.0
99	104	18.0
99	105	13.0
99	106	19.0
99	107	21.0
99	108	19.0
99	109	11.0
99	110	10.0
99	111	18.0
99	112	10.0
99	113	9.0
99	114	20.0
99	115	8.0
99	116	11.0
99	117	19.0
99	118	13.0
99	119	8.0
99	120	7.0
99	121	14.0
99	122	6.0
100	101	25.0
100	102	22.0
100	103	17.0
100	104	19.0
100	105	18.0
100	106	31.0
100	107	26.0
100	108	19.0
100	109	11.0
100	110	18.0
100	111	14.0
100	112	14.0
100	113	9.0
100	114	16.0
100	115	13.0
100	116	19.0
100	117	20.0
100	118	16.0
100	119	7.0
100	120	11.0
100	121	8.0
100	122	7.0
101	102	19.0
101	103	19.0
101	104	21.0
101	105	15.0
101	106	28.0
101	107	42.0
101	108	17.0
101	109	13.0
101	110	14.0
101	111	23.0
101	112	26.0
101	113	25.0
101	114	14.0
101	115	17.0
101	116	9.0
101	117	10.0
101	118	16.0
101	119	19.0
101	120	9.0
101	121	12.0
101	122	16.0
102	103	61.0
102	104	36.0
102	105	16.0
102	106	5.0
102	107	16.0
102	108	8.0
102	109	13.0
102	110	8.0
102	111	19.0
102	112	17.0
102	113	20.0
102	114	13.0
102	115	13.0
102	116	7.0
102	117	6.0
102	118	10.0
102	119	12.0
102	120	6.0
102	121	17.0
102	122	11.0
103	104	18.0
103	105	16.0
103	106	14.0
103	107	9.0
103	108	4.0
103	109	11.0
103	110	9.0
103	111	9.0
103	112	18.0
103	113	18.0
103	114	7.0
103	115	10.0
103	116	9.0
103	117	4.0
103	118	14.0
103	119	7.0
103	120	7.0
103	121	5.0
103	122	8.0
104	105	21.0
104	106	28.0
104	107	28.0
104	108	32.0
104	109	21.0
104	110	16.0
104	111	31.0
104	112	33.0
104	113	19.0
104	114	21.0
104	115	14.0
104	116	9.0
104	117	15.0
104	118	11.0
104	119	9.0
104	120	18.0
104	121	7.0
104	122	10.0
105	106	23.0
105	107	42.0
105	108	49.0
105	109	64.0
105	110	46.0
105	111	25.0
105	112	29.0
105	113	21.0
105	114	26.0
105	115	21.0
105	116	11.0
105	117	27.0
105	118	17.0
105	119	17.0
105	120	8.0
105	121	21.0
105	122	13.0
106	107	77.0
106	108	32.0
106	109	40.0
106	110	19.0
106	111	20.0
106	112	20.0
106	113	18.0
106	114	27.0
106	115	21.0
106	116	20.0
106	117	20.0
106	118	25.0
106	119	11.0
106	120	6.0
106	121	14.0
106	122	11.0
107	108	26.0
107	109	27.0
107	110	21.0
107	111	30.0
107	112	21.0
107	113	28.0
107	114	26.0
107	115	18.0
107	116	18.0
107	117	20.0
107	118	30.0
107	119	33.0
107	120	19.0
107	121	16.0
107	122	12.0
108	109	58.0
108	110	53.0
108	111	24.0
108	112	18.0
108	113	27.0
108	114	34.0
108	115	46.0
108	116	20.0
108	117	42.0
108	118	33.0
108	119	10.0
108	120	18.0
108	121	32.0
108	122	9.0
109	110	81.0
109	111	31.0
109	112	25.0
109	113	32.0
109	114	39.0
109	115	38.0
109	116	22.0
109	117	37.0
109	118	35.0
109	119	11.0
109	120	13.0
109	121	20.0
109	122	13.0
110	111	27.0
110	112	28.0
110	113	10.0
110	114	29.0
110	115	40.0
110	116	13.0
110	117	30.0
110	118	20.0
110	119	16.0
110	120	13.0
110	121	26.0
110	122	14.0
111	112	91.0
111	113	29.0
111	114	19.0
111	115	18.0
111	116	14.0
111	117	18.0
111	118	26.0
111	119	15.0
111	120	10.0
111	121	21.0
111	122	12.0
112	113	36.0
112	114	26.0
112	115	19.0
112	116	11.0
112	117	11.0
112	118	35.0
112	119	24.0
112	120	18.0
112	121	15.0
112	122	17.0
113	114	29.0
113	115	15.0
113	116	8.0
113	117	12.0
113	118	28.0
113	119	32.0
113	120	18.0
113	121	33.0
113	122	27.0
114	115	21.0
114	116	17.0
114	117	21.0
114	118	63.0
114	119	14.0
114	120	21.0
114	121	44.0
114	122	18.0
115	116	50.0
115	117	47.0
115	118	19.0
115	119	9.0
115	120	10.0
115	121	21.0
115	122	11.0
116	117	44.0
116	118	11.0
116	119	11.0
116	120	12.0
116	121	17.0
116	122	9.0
117	118	19.0
117	119	11.0
117	120	9.0
117	121	21.0
117	122	12.0
118	119	23.0
118	120	20.0
118	121	45.0
118	122	30.0
119	120	48.0
119	121	20.0
119	122	34.0
120	121	31.0
120	122	86.0
121	122	32.0
