1	2	91.0
1	3	47.0
1	4	39.0
1	5	37.0
1	6	39.0
1	7	30.0
1	8	32.0
1	9	32.0
1	10	40.0
1	11	22.0
1	12	32.0
1	13	18.0
1	14	28.0
1	15	25.0
1	16	19.0
1	17	24.0
1	18	31.0
1	19	18.0
1	20	14.0
1	21	14.0
1	22	18.0
1	23	19.0
1	24	19.0
1	25	18.0
1	26	10.0
1	27	7.0
1	28	16.0
1	29	22.0
1	30	15.0
1	31	14.0
1	32	14.0
1	33	5.0
1	34	10.0
1	35	5.0
1	36	8.0
1	37	10.0
1	38	9.0
1	39	15.0
1	40	16.0
1	41	6.0
1	42	10.0
1	43	13.0
1	44	12.0
1	45	9.0
1	46	14.0
1	47	14.0
1	48	13.0
1	49	13.0
1	50	15.0
1	51	8.0
1	52	14.0
1	53	20.0
1	54	8.0
1	55	14.0
1	56	12.0
1	57	16.0
1	58	14.0
1	59	25.0
1	60	13.0
1	61	15.0
1	62	19.0
1	63	14.0
1	64	13.0
1	65	11.0
1	66	12.0
1	67	12.0
1	68	14.0
1	69	17.0
1	70	14.0
1	71	21.0
1	72	28.0
1	73	20.0
1	74	14.0
1	75	12.0
1	76	21.0
1	77	24.0
1	78	12.0
1	79	11.0
1	80	14.0
1	81	16.0
1	82	14.0
1	83	9.0
1	84	15.0
1	85	5.0
1	86	10.0
1	87	11.0
1	88	10.0
1	89	14.0
1	90	16.0
1	91	18.0
1	92	12.0
1	93	11.0
1	94	17.0
1	95	11.0
1	96	13.0
1	97	10.0
1	98	13.0
1	99	17.0
1	100	17.0
1	101	19.0
1	102	13.0
1	103	16.0
1	104	13.0
1	105	19.0
1	106	19.0
1	107	19.0
1	108	17.0
1	109	23.0
1	110	21.0
1	111	18.0
1	112	26.0
1	113	30.0
1	114	20.0
1	115	22.0
1	116	18.0
1	117	23.0
1	118	21.0
1	119	34.0
1	120	24.0
1	121	23.0
1	122	31.0
2	3	95.0
2	4	73.0
2	5	59.0
2	6	49.0
2	7	45.0
2	8	35.0
2	9	45.0
2	10	42.0
2	11	44.0
2	12	38.0
2	13	33.0
2	14	20.0
2	15	26.0
2	16	23.0
2	17	22.0
2	18	27.0
2	19	22.0
2	20	19.0
2	21	22.0
2	22	13.0
2	23	20.0
2	24	21.0
2	25	17.0
2	26	14.0
2	27	15.0
2	28	22.0
2	29	14.0
2	30	15.0
2	31	17.0
2	32	12.0
2	33	14.0
2	34	9.0
2	35	12.0
2	36	7.0
2	37	8.0
2	38	14.0
2	39	12.0
2	40	21.0
2	41	21.0
2	42	17.0
2	43	6.0
2	44	15.0
2	45	16.0
2	46	11.0
2	47	6.0
2	48	13.0
2	49	27.0
2	50	22.0
2	51	21.0
2	52	13.0
2	53	23.0
2	54	18.0
2	55	15.0
2	56	23.0
2	57	15.0
2	58	15.0
2	59	22.0
2	60	19.0
2	61	18.0
2	62	12.0
2	63	16.0
2	64	19.0
2	65	11.0
2	66	19.0
2	67	10.0
2	68	8.0
2	69	17.0
2	70	24.0
2	71	26.0
2	72	18.0
2	73	14.0
2	74	23.0
2	75	21.0
2	76	25.0
2	77	22.0
2	78	18.0
2	79	14.0
2	80	13.0
2	81	19.0
2	82	22.0
2	83	11.0
2	84	22.0
2	85	14.0
2	86	12.0
2	87	16.0
2	88	13.0
2	89	25.0
2	90	17.0
2	91	15.0
2	92	13.0
2	93	17.0
2	94	16.0
2	95	19.0
2	96	18.0
2	97	14.0
2	98	16.0
2	99	18.0
2	100	17.0
2	101	19.0
2	102	20.0
2	103	7.0
2	104	21.0
2	105	19.0
2	106	17.0
2	107	23.0
2	108	23.0
2	109	29.0
2	110	33.0
2	111	22.0
2	112	27.0
2	113	33.0
2	114	28.0
2	115	35.0
2	116	21.0
2	117	42.0
2	118	31.0
2	119	26.0
2	120	23.0
2	121	29.0
2	122	38.0
3	4	220.0
3	5	126.0
3	6	116.0
3	7	106.0
3	8	68.0
3	9	48.0
3	10	55.0
3	11	59.0
3	12	42.0
3	13	30.0
3	14	36.0
3	15	28.0
3	16	39.0
3	17	32.0
3	18	42.0
3	19	28.0
3	20	30.0
3	21	23.0
3	22	25.0
3	23	28.0
3	24	24.0
3	25	23.0
3	26	23.0
3	27	19.0
3	28	23.0
3	29	14.0
3	30	14.0
3	31	15.0
3	32	10.0
3	33	11.0
3	34	11.0
3	35	13.0
3	36	14.0
3	37	10.0
3	38	8.0
3	39	21.0
3	40	19.0
3	41	11.0
3	42	13.0
3	43	14.0
3	44	18.0
3	45	12.0
3	46	19.0
3	47	15.0
3	48	18.0
3	49	32.0
3	50	35.0
3	51	24.0
3	52	25.0
3	53	27.0
3	54	26.0
3	55	19.0
3	56	20.0
3	57	25.0
3	58	18.0
3	59	37.0
3	60	28.0
3	61	17.0
3	62	11.0
3	63	16.0
3	64	23.0
3	65	17.0
3	66	13.0
3	67	15.0
3	68	16.0
3	69	24.0
3	70	30.0
3	71	29.0
3	72	25.0
3	73	17.0
3	74	21.0
3	75	16.0
3	76	22.0
3	77	19.0
3	78	26.0
3	79	23.0
3	80	10.0
3	81	20.0
3	82	21.0
3	83	25.0
3	84	27.0
3	85	18.0
3	86	19.0
3	87	13.0
3	88	23.0
3	89	13.0
3	90	24.0
3	91	22.0
3	92	21.0
3	93	20.0
3	94	13.0
3	95	11.0
3	96	17.0
3	97	20.0
3	98	17.0
3	99	23.0
3	100	26.0
3	101	23.0
3	102	19.0
3	103	18.0
3	104	25.0
3	105	18.0
3	106	16.0
3	107	18.0
3	108	32.0
3	109	25.0
3	110	31.0
3	111	20.0
3	112	24.0
3	113	22.0
3	114	32.0
3	115	27.0
3	116	29.0
3	117	48.0
3	118	29.0
3	119	22.0
3	120	24.0
3	121	28.0
3	122	37.0
4	5	278.0
4	6	197.0
4	7	172.0
4	8	84.0
4	9	60.0
4	10	69.0
4	11	74.0
4	12	24.0
4	13	26.0
4	14	36.0
4	15	22.0
4	16	47.0
4	17	34.0
4	18	29.0
4	19	30.0
4	20	21.0
4	21	25.0
4	22	28.0
4	23	21.0
4	24	32.0
4	25	24.0
4	26	29.0
4	27	25.0
4	28	14.0
4	29	27.0
4	30	18.0
4	31	30.0
4	32	19.0
4	33	12.0
4	34	8.0
4	35	13.0
4	36	15.0
4	37	13.0
4	38	11.0
4	39	17.0
4	40	15.0
4	41	14.0
4	42	18.0
4	43	12.0
4	44	11.0
4	45	13.0
4	46	20.0
4	47	14.0
4	48	23.0
4	49	30.0
4	50	36.0
4	51	25.0
4	52	36.0
4	53	29.0
4	54	24.0
4	55	20.0
4	56	23.0
4	57	32.0
4	58	21.0
4	59	29.0
4	60	28.0
4	61	17.0
4	62	17.0
4	63	17.0
4	64	17.0
4	65	23.0
4	66	15.0
4	67	21.0
4	68	20.0
4	69	19.0
4	70	25.0
4	71	23.0
4	72	31.0
4	73	19.0
4	74	24.0
4	75	31.0
4	76	27.0
4	77	25.0
4	78	21.0
4	79	20.0
4	80	19.0
4	81	26.0
4	82	32.0
4	83	24.0
4	84	32.0
4	85	22.0
4	86	15.0
4	87	15.0
4	88	11.0
4	89	22.0
4	90	21.0
4	91	27.0
4	92	17.0
4	93	25.0
4	94	17.0
4	95	15.0
4	96	15.0
4	97	17.0
4	98	14.0
4	99	13.0
4	100	16.0
4	101	21.0
4	102	22.0
4	103	14.0
4	104	19.0
4	105	33.0
4	106	17.0
4	107	25.0
4	108	32.0
4	109	20.0
4	110	30.0
4	111	32.0
4	112	32.0
4	113	32.0
4	114	39.0
4	115	48.0
4	116	27.0
4	117	40.0
4	118	32.0
4	119	29.0
4	120	34.0
4	121	33.0
4	122	34.0
5	6	258.0
5	7	393.0
5	8	74.0
5	9	46.0
5	10	53.0
5	11	61.0
5	12	37.0
5	13	28.0
5	14	36.0
5	15	29.0
5	16	33.0
5	17	33.0
5	18	39.0
5	19	25.0
5	20	34.0
5	21	30.0
5	22	26.0
5	23	24.0
5	24	19.0
5	25	23.0
5	26	21.0
5	27	20.0
5	28	15.0
5	29	13.0
5	30	20.0
5	31	14.0
5	32	13.0
5	33	15.0
5	34	7.0
5	35	9.0
5	36	8.0
5	37	12.0
5	38	16.0
5	39	15.0
5	40	13.0
5	41	19.0
5	42	19.0
5	43	14.0
5	44	16.0
5	45	17.0
5	46	17.0
5	47	13.0
5	48	20.0
5	49	32.0
5	50	35.0
5	51	23.0
5	52	24.0
5	53	26.0
5	54	28.0
5	55	16.0
5	56	15.0
5	57	23.0
5	58	21.0
5	59	30.0
5	60	31.0
5	61	9.0
5	62	26.0
5	63	14.0
5	64	23.0
5	65	20.0
5	66	15.0
5	67	25.0
5	68	33.0
5	69	26.0
5	70	30.0
5	71	33.0
5	72	26.0
5	73	22.0
5	74	26.0
5	75	30.0
5	76	25.0
5	77	29.0
5	78	28.0
5	79	14.0
5	80	18.0
5	81	31.0
5	82	20.0
5	83	26.0
5	84	20.0
5	85	25.0
5	86	20.0
5	87	17.0
5	88	15.0
5	89	21.0
5	90	21.0
5	91	34.0
5	92	16.0
5	93	20.0
5	94	25.0
5	95	19.0
5	96	20.0
5	97	22.0
5	98	22.0
5	99	25.0
5	100	22.0
5	101	17.0
5	102	19.0
5	103	17.0
5	104	15.0
5	105	20.0
5	106	22.0
5	107	32.0
5	108	37.0
5	109	28.0
5	110	32.0
5	111	29.0
5	112	14.0
5	113	20.0
5	114	43.0
5	115	44.0
5	116	37.0
5	117	22.0
5	118	30.0
5	119	25.0
5	120	35.0
5	121	22.0
5	122	32.0
6	7	280.0
6	8	76.0
6	9	51.0
6	10	72.0
6	11	69.0
6	12	39.0
6	13	30.0
6	14	31.0
6	15	28.0
6	16	43.0
6	17	48.0
6	18	41.0
6	19	31.0
6	20	32.0
6	21	23.0
6	22	30.0
6	23	40.0
6	24	31.0
6	25	34.0
6	26	20.0
6	27	15.0
6	28	13.0
6	29	19.0
6	30	23.0
6	31	10.0
6	32	17.0
6	33	10.0
6	34	14.0
6	35	16.0
6	36	11.0
6	37	10.0
6	38	15.0
6	39	16.0
6	40	21.0
6	41	15.0
6	42	20.0
6	43	17.0
6	44	19.0
6	45	14.0
6	46	18.0
6	47	19.0
6	48	22.0
6	49	36.0
6	50	42.0
6	51	28.0
6	52	30.0
6	53	17.0
6	54	32.0
6	55	15.0
6	56	26.0
6	57	26.0
6	58	22.0
6	59	34.0
6	60	35.0
6	61	32.0
6	62	21.0
6	63	16.0
6	64	26.0
6	65	16.0
6	66	15.0
6	67	16.0
6	68	28.0
6	69	26.0
6	70	27.0
6	71	39.0
6	72	30.0
6	73	29.0
6	74	34.0
6	75	21.0
6	76	25.0
6	77	28.0
6	78	21.0
6	79	25.0
6	80	18.0
6	81	28.0
6	82	24.0
6	83	25.0
6	84	23.0
6	85	21.0
6	86	19.0
6	87	25.0
6	88	14.0
6	89	22.0
6	90	21.0
6	91	23.0
6	92	16.0
6	93	27.0
6	94	24.0
6	95	17.0
6	96	21.0
6	97	14.0
6	98	15.0
6	99	21.0
6	100	27.0
6	101	15.0
6	102	9.0
6	103	19.0
6	104	18.0
6	105	20.0
6	106	28.0
6	107	21.0
6	108	23.0
6	109	27.0
6	110	28.0
6	111	31.0
6	112	26.0
6	113	32.0
6	114	20.0
6	115	24.0
6	116	43.0
6	117	29.0
6	118	28.0
6	119	30.0
6	120	40.0
6	121	29.0
6	122	39.0
7	8	92.0
7	9	56.0
7	10	50.0
7	11	67.0
7	12	36.0
7	13	24.0
7	14	28.0
7	15	29.0
7	16	42.0
7	17	27.0
7	18	34.0
7	19	26.0
7	20	31.0
7	21	20.0
7	22	33.0
7	23	30.0
7	24	27.0
7	25	20.0
7	26	23.0
7	27	25.0
7	28	18.0
7	29	16.0
7	30	24.0
7	31	19.0
7	32	23.0
7	33	14.0
7	34	12.0
7	35	9.0
7	36	13.0
7	37	11.0
7	38	12.0
7	39	15.0
7	40	16.0
7	41	16.0
7	42	14.0
7	43	18.0
7	44	10.0
7	45	16.0
7	46	17.0
7	47	27.0
7	48	15.0
7	49	31.0
7	50	29.0
7	51	32.0
7	52	22.0
7	53	28.0
7	54	33.0
7	55	17.0
7	56	9.0
7	57	24.0
7	58	40.0
7	59	35.0
7	60	35.0
7	61	18.0
7	62	22.0
7	63	26.0
7	64	31.0
7	65	19.0
7	66	18.0
7	67	23.0
7	68	14.0
7	69	29.0
7	70	30.0
7	71	40.0
7	72	31.0
7	73	27.0
7	74	39.0
7	75	18.0
7	76	38.0
7	77	28.0
7	78	38.0
7	79	22.0
7	80	17.0
7	81	42.0
7	82	30.0
7	83	32.0
7	84	21.0
7	85	23.0
7	86	16.0
7	87	12.0
7	88	17.0
7	89	23.0
7	90	21.0
7	91	28.0
7	92	13.0
7	93	29.0
7	94	19.0
7	95	21.0
7	96	20.0
7	97	22.0
7	98	20.0
7	99	22.0
7	100	22.0
7	101	27.0
7	102	20.0
7	103	13.0
7	104	20.0
7	105	16.0
7	106	26.0
7	107	31.0
7	108	33.0
7	109	31.0
7	110	28.0
7	111	19.0
7	112	31.0
7	113	24.0
7	114	28.0
7	115	43.0
7	116	44.0
7	117	40.0
7	118	35.0
7	119	24.0
7	120	32.0
7	121	37.0
7	122	24.0
8	9	99.0
8	10	138.0
8	11	132.0
8	12	55.0
8	13	35.0
8	14	40.0
8	15	30.0
8	16	37.0
8	17	44.0
8	18	42.0
8	19	34.0
8	20	28.0
8	21	28.0
8	22	30.0
8	23	21.0
8	24	16.0
8	25	28.0
8	26	22.0
8	27	21.0
8	28	21.0
8	29	16.0
8	30	24.0
8	31	16.0
8	32	14.0
8	33	13.0
8	34	11.0
8	35	8.0
8	36	5.0
8	37	9.0
8	38	6.0
8	39	10.0
8	40	17.0
8	41	15.0
8	42	14.0
8	43	11.0
8	44	13.0
8	45	19.0
8	46	17.0
8	47	17.0
8	48	19.0
8	49	28.0
8	50	21.0
8	51	27.0
8	52	22.0
8	53	25.0
8	54	24.0
8	55	17.0
8	56	24.0
8	57	19.0
8	58	32.0
8	59	36.0
8	60	29.0
8	61	24.0
8	62	16.0
8	63	16.0
8	64	17.0
8	65	15.0
8	66	21.0
8	67	17.0
8	68	21.0
8	69	23.0
8	70	34.0
8	71	50.0
8	72	30.0
8	73	27.0
8	74	31.0
8	75	39.0
8	76	34.0
8	77	39.0
8	78	31.0
8	79	24.0
8	80	27.0
8	81	27.0
8	82	25.0
8	83	24.0
8	84	28.0
8	85	27.0
8	86	19.0
8	87	13.0
8	88	20.0
8	89	19.0
8	90	22.0
8	91	17.0
8	92	26.0
8	93	24.0
8	94	23.0
8	95	20.0
8	96	16.0
8	97	12.0
8	98	23.0
8	99	13.0
8	100	21.0
8	101	27.0
8	102	14.0
8	103	25.0
8	104	32.0
8	105	27.0
8	106	27.0
8	107	28.0
8	108	36.0
8	109	39.0
8	110	31.0
8	111	38.0
8	112	33.0
8	113	37.0
8	114	33.0
8	115	33.0
8	116	42.0
8	117	30.0
8	118	37.0
8	119	43.0
8	120	60.0
8	121	60.0
8	122	52.0
9	10	151.0
9	11	93.0
9	12	91.0
9	13	73.0
9	14	53.0
9	15	43.0
9	16	40.0
9	17	46.0
9	18	42.0
9	19	43.0
9	20	28.0
9	21	27.0
9	22	33.0
9	23	26.0
9	24	23.0
9	25	17.0
9	26	13.0
9	27	15.0
9	28	23.0
9	29	19.0
9	30	11.0
9	31	13.0
9	32	12.0
9	33	9.0
9	34	6.0
9	35	9.0
9	36	6.0
9	37	7.0
9	38	8.0
9	39	10.0
9	40	16.0
9	41	9.0
9	42	10.0
9	43	22.0
9	44	7.0
9	45	14.0
9	46	14.0
9	47	23.0
9	48	21.0
9	49	14.0
9	50	15.0
9	51	32.0
9	52	29.0
9	53	25.0
9	54	20.0
9	55	17.0
9	56	23.0
9	57	15.0
9	58	27.0
9	59	34.0
9	60	25.0
9	61	24.0
9	62	21.0
9	63	23.0
9	64	16.0
9	65	23.0
9	66	20.0
9	67	22.0
9	68	24.0
9	69	17.0
9	70	26.0
9	71	25.0
9	72	22.0
9	73	24.0
9	74	37.0
9	75	26.0
9	76	14.0
9	77	37.0
9	78	25.0
9	79	28.0
9	80	23.0
9	81	34.0
9	82	14.0
9	83	12.0
9	84	16.0
9	85	26.0
9	86	17.0
9	87	24.0
9	88	8.0
9	89	12.0
9	90	23.0
9	91	27.0
9	92	14.0
9	93	21.0
9	94	20.0
9	95	23.0
9	96	20.0
9	97	17.0
9	98	23.0
9	99	18.0
9	100	23.0
9	101	30.0
9	102	22.0
9	103	21.0
9	104	28.0
9	105	24.0
9	106	25.0
9	107	30.0
9	108	30.0
9	109	29.0
9	110	38.0
9	111	28.0
9	112	30.0
9	113	39.0
9	114	40.0
9	115	26.0
9	116	21.0
9	117	39.0
9	118	30.0
9	119	38.0
9	120	53.0
9	121	32.0
9	122	47.0
10	11	246.0
10	12	100.0
10	13	45.0
10	14	62.0
10	15	47.0
10	16	57.0
10	17	43.0
10	18	52.0
10	19	49.0
10	20	33.0
10	21	41.0
10	22	22.0
10	23	37.0
10	24	24.0
10	25	24.0
10	26	27.0
10	27	20.0
10	28	17.0
10	29	17.0
10	30	17.0
10	31	15.0
10	32	14.0
10	33	8.0
10	34	10.0
10	35	11.0
10	36	6.0
10	37	9.0
10	38	14.0
10	39	6.0
10	40	7.0
10	41	22.0
10	42	11.0
10	43	12.0
10	44	18.0
10	45	9.0
10	46	11.0
10	47	18.0
10	48	15.0
10	49	23.0
10	50	27.0
10	51	18.0
10	52	21.0
10	53	19.0
10	54	22.0
10	55	21.0
10	56	21.0
10	57	23.0
10	58	21.0
10	59	29.0
10	60	29.0
10	61	20.0
10	62	23.0
10	63	24.0
10	64	11.0
10	65	17.0
10	66	17.0
10	67	29.0
10	68	24.0
10	69	23.0
10	70	23.0
10	71	26.0
10	72	35.0
10	73	32.0
10	74	32.0
10	75	30.0
10	76	18.0
10	77	28.0
10	78	21.0
10	79	20.0
10	80	24.0
10	81	27.0
10	82	21.0
10	83	20.0
10	84	19.0
10	85	18.0
10	86	17.0
10	87	13.0
10	88	15.0
10	89	20.0
10	90	22.0
10	91	18.0
10	92	19.0
10	93	15.0
10	94	28.0
10	95	28.0
10	96	15.0
10	97	11.0
10	98	17.0
10	99	13.0
10	100	20.0
10	101	16.0
10	102	23.0
10	103	15.0
10	104	16.0
10	105	25.0
10	106	32.0
10	107	40.0
10	108	33.0
10	109	22.0
10	110	32.0
10	111	20.0
10	112	31.0
10	113	33.0
10	114	30.0
10	115	25.0
10	116	34.0
10	117	27.0
10	118	44.0
10	119	38.0
10	120	37.0
10	121	37.0
10	122	44.0
11	12	92.0
11	13	54.0
11	14	56.0
11	15	44.0
11	16	69.0
11	17	68.0
11	18	58.0
11	19	47.0
11	20	38.0
11	21	38.0
11	22	31.0
11	23	32.0
11	24	32.0
11	25	26.0
11	26	22.0
11	27	19.0
11	28	20.0
11	29	24.0
11	30	20.0
11	31	14.0
11	32	14.0
11	33	10.0
11	34	10.0
11	35	10.0
11	36	11.0
11	37	18.0
11	38	14.0
11	39	15.0
11	40	15.0
11	41	17.0
11	42	10.0
11	43	11.0
11	44	15.0
11	45	17.0
11	46	9.0
11	47	13.0
11	48	26.0
11	49	24.0
11	50	27.0
11	51	29.0
11	52	25.0
11	53	25.0
11	54	25.0
11	55	33.0
11	56	21.0
11	57	17.0
11	58	26.0
11	59	37.0
11	60	40.0
11	61	31.0
11	62	25.0
11	63	20.0
11	64	17.0
11	65	32.0
11	66	14.0
11	67	19.0
11	68	31.0
11	69	20.0
11	70	20.0
11	71	38.0
11	72	22.0
11	73	24.0
11	74	28.0
11	75	21.0
11	76	24.0
11	77	28.0
11	78	26.0
11	79	22.0
11	80	22.0
11	81	19.0
11	82	20.0
11	83	21.0
11	84	21.0
11	85	28.0
11	86	20.0
11	87	18.0
11	88	17.0
11	89	24.0
11	90	23.0
11	91	25.0
11	92	23.0
11	93	17.0
11	94	11.0
11	95	15.0
11	96	29.0
11	97	25.0
11	98	16.0
11	99	13.0
11	100	16.0
11	101	18.0
11	102	19.0
11	103	19.0
11	104	13.0
11	105	24.0
11	106	36.0
11	107	32.0
11	108	26.0
11	109	27.0
11	110	25.0
11	111	18.0
11	112	19.0
11	113	24.0
11	114	33.0
11	115	28.0
11	116	28.0
11	117	27.0
11	118	26.0
11	119	20.0
11	120	44.0
11	121	38.0
11	122	29.0
12	13	120.0
12	14	142.0
12	15	87.0
12	16	72.0
12	17	66.0
12	18	59.0
12	19	68.0
12	20	46.0
12	21	41.0
12	22	34.0
12	23	47.0
12	24	30.0
12	25	20.0
12	26	24.0
12	27	20.0
12	28	15.0
12	29	24.0
12	30	15.0
12	31	15.0
12	32	9.0
12	33	15.0
12	34	4.0
12	35	16.0
12	36	14.0
12	37	5.0
12	38	10.0
12	39	11.0
12	40	18.0
12	41	20.0
12	42	11.0
12	43	12.0
12	44	13.0
12	45	11.0
12	46	18.0
12	47	21.0
12	48	24.0
12	49	25.0
12	50	30.0
12	51	16.0
12	52	31.0
12	53	25.0
12	54	17.0
12	55	21.0
12	56	19.0
12	57	18.0
12	58	26.0
12	59	20.0
12	60	19.0
12	61	24.0
12	62	19.0
12	63	20.0
12	64	20.0
12	65	22.0
12	66	15.0
12	67	15.0
12	68	22.0
12	69	14.0
12	70	24.0
12	71	34.0
12	72	20.0
12	73	30.0
12	74	30.0
12	75	16.0
12	76	24.0
12	77	26.0
12	78	20.0
12	79	19.0
12	80	16.0
12	81	25.0
12	82	18.0
12	83	18.0
12	84	25.0
12	85	25.0
12	86	19.0
12	87	13.0
12	88	12.0
12	89	23.0
12	90	17.0
12	91	28.0
12	92	16.0
12	93	14.0
12	94	24.0
12	95	18.0
12	96	13.0
12	97	16.0
12	98	12.0
12	99	13.0
12	100	14.0
12	101	22.0
12	102	29.0
12	103	15.0
12	104	13.0
12	105	23.0
12	106	15.0
12	107	21.0
12	108	25.0
12	109	19.0
12	110	31.0
12	111	8.0
12	112	11.0
12	113	32.0
12	114	31.0
12	115	31.0
12	116	27.0
12	117	27.0
12	118	33.0
12	119	31.0
12	120	31.0
12	121	26.0
12	122	27.0
13	14	280.0
13	15	143.0
13	16	66.0
13	17	49.0
13	18	45.0
13	19	64.0
13	20	50.0
13	21	36.0
13	22	23.0
13	23	34.0
13	24	24.0
13	25	23.0
13	26	24.0
13	27	14.0
13	28	23.0
13	29	23.0
13	30	11.0
13	31	20.0
13	32	10.0
13	33	15.0
13	34	13.0
13	35	8.0
13	36	3.0
13	37	11.0
13	38	8.0
13	39	12.0
13	40	18.0
13	41	11.0
13	42	13.0
13	43	11.0
13	44	9.0
13	45	16.0
13	46	19.0
13	47	16.0
13	48	21.0
13	49	30.0
13	50	18.0
13	51	21.0
13	52	23.0
13	53	18.0
13	54	25.0
13	55	15.0
13	56	15.0
13	57	22.0
13	58	35.0
13	59	25.0
13	60	19.0
13	61	17.0
13	62	19.0
13	63	13.0
13	64	15.0
13	65	10.0
13	66	15.0
13	67	19.0
13	68	15.0
13	69	16.0
13	70	23.0
13	71	15.0
13	72	21.0
13	73	29.0
13	74	17.0
13	75	17.0
13	76	24.0
13	77	19.0
13	78	20.0
13	79	22.0
13	80	20.0
13	81	25.0
13	82	17.0
13	83	22.0
13	84	25.0
13	85	14.0
13	86	16.0
13	87	15.0
13	88	22.0
13	89	11.0
13	90	22.0
13	91	14.0
13	92	17.0
13	93	11.0
13	94	18.0
13	95	8.0
13	96	17.0
13	97	12.0
13	98	18.0
13	99	17.0
13	100	12.0
13	101	19.0
13	102	17.0
13	103	17.0
13	104	22.0
13	105	30.0
13	106	15.0
13	107	19.0
13	108	17.0
13	109	13.0
13	110	13.0
13	111	17.0
13	112	21.0
13	113	22.0
13	114	21.0
13	115	14.0
13	116	11.0
13	117	20.0
13	118	20.0
13	119	19.0
13	120	26.0
13	121	17.0
13	122	26.0
14	15	173.0
14	16	86.0
14	17	72.0
14	18	74.0
14	19	75.0
14	20	53.0
14	21	35.0
14	22	40.0
14	23	39.0
14	24	32.0
14	25	34.0
14	26	28.0
14	27	14.0
14	28	13.0
14	29	25.0
14	30	17.0
14	31	19.0
14	32	20.0
14	33	12.0
14	34	12.0
14	35	15.0
14	36	7.0
14	37	12.0
14	38	11.0
14	39	12.0
14	40	10.0
14	41	15.0
14	42	16.0
14	43	20.0
14	44	17.0
14	45	19.0
14	46	13.0
14	47	28.0
14	48	21.0
14	49	24.0
14	50	23.0
14	51	26.0
14	52	37.0
14	53	28.0
14	54	26.0
14	55	17.0
14	56	21.0
14	57	18.0
14	58	25.0
14	59	20.0
14	60	21.0
14	61	19.0
14	62	24.0
14	63	19.0
14	64	15.0
14	65	11.0
14	66	8.0
14	67	26.0
14	68	18.0
14	69	27.0
14	70	26.0
14	71	23.0
14	72	26.0
14	73	24.0
14	74	18.0
14	75	17.0
14	76	30.0
14	77	21.0
14	78	24.0
14	79	19.0
14	80	13.0
14	81	13.0
14	82	15.0
14	83	16.0
14	84	14.0
14	85	18.0
14	86	15.0
14	87	14.0
14	88	14.0
14	89	8.0
14	90	18.0
14	91	15.0
14	92	10.0
14	93	13.0
14	94	9.0
14	95	14.0
14	96	10.0
14	97	16.0
14	98	12.0
14	99	11.0
14	100	12.0
14	101	16.0
14	102	7.0
14	103	10.0
14	104	15.0
14	105	19.0
14	106	24.0
14	107	19.0
14	108	12.0
14	109	12.0
14	110	15.0
14	111	23.0
14	112	14.0
14	113	23.0
14	114	17.0
14	115	17.0
14	116	23.0
14	117	22.0
14	118	22.0
14	119	23.0
14	120	21.0
14	121	22.0
14	122	19.0
15	16	104.0
15	17	76.0
15	18	72.0
15	19	109.0
15	20	70.0
15	21	50.0
15	22	37.0
15	23	50.0
15	24	52.0
15	25	27.0
15	26	19.0
15	27	20.0
15	28	16.0
15	29	29.0
15	30	19.0
15	31	18.0
15	32	14.0
15	33	11.0
15	34	10.0
15	35	9.0
15	36	14.0
15	37	13.0
15	38	13.0
15	39	13.0
15	40	17.0
15	41	21.0
15	42	9.0
15	43	10.0
15	44	11.0
15	45	15.0
15	46	15.0
15	47	18.0
15	48	24.0
15	49	32.0
15	50	11.0
15	51	29.0
15	52	35.0
15	53	34.0
15	54	22.0
15	55	23.0
15	56	21.0
15	57	29.0
15	58	23.0
15	59	13.0
15	60	19.0
15	61	23.0
15	62	8.0
15	63	14.0
15	64	6.0
15	65	22.0
15	66	17.0
15	67	17.0
15	68	13.0
15	69	16.0
15	70	21.0
15	71	17.0
15	72	26.0
15	73	18.0
15	74	19.0
15	75	19.0
15	76	22.0
15	77	24.0
15	78	13.0
15	79	14.0
15	80	14.0
15	81	19.0
15	82	17.0
15	83	14.0
15	84	13.0
15	85	18.0
15	86	21.0
15	87	16.0
15	88	15.0
15	89	8.0
15	90	23.0
15	91	14.0
15	92	15.0
15	93	11.0
15	94	14.0
15	95	17.0
15	96	30.0
15	97	12.0
15	98	16.0
15	99	18.0
15	100	13.0
15	101	14.0
15	102	14.0
15	103	13.0
15	104	12.0
15	105	18.0
15	106	21.0
15	107	18.0
15	108	15.0
15	109	18.0
15	110	19.0
15	111	19.0
15	112	18.0
15	113	15.0
15	114	19.0
15	115	17.0
15	116	16.0
15	117	18.0
15	118	21.0
15	119	18.0
15	120	25.0
15	121	24.0
15	122	17.0
16	17	402.0
16	18	237.0
16	19	270.0
16	20	115.0
16	21	63.0
16	22	63.0
16	23	66.0
16	24	42.0
16	25	42.0
16	26	32.0
16	27	29.0
16	28	26.0
16	29	25.0
16	30	17.0
16	31	20.0
16	32	8.0
16	33	17.0
16	34	11.0
16	35	5.0
16	36	12.0
16	37	12.0
16	38	13.0
16	39	14.0
16	40	22.0
16	41	24.0
16	42	17.0
16	43	13.0
16	44	12.0
16	45	13.0
16	46	15.0
16	47	26.0
16	48	30.0
16	49	31.0
16	50	30.0
16	51	36.0
16	52	47.0
16	53	41.0
16	54	38.0
16	55	19.0
16	56	27.0
16	57	17.0
16	58	33.0
16	59	25.0
16	60	35.0
16	61	17.0
16	62	22.0
16	63	17.0
16	64	22.0
16	65	21.0
16	66	20.0
16	67	21.0
16	68	16.0
16	69	16.0
16	70	18.0
16	71	33.0
16	72	20.0
16	73	13.0
16	74	21.0
16	75	21.0
16	76	19.0
16	77	31.0
16	78	19.0
16	79	17.0
16	80	18.0
16	81	22.0
16	82	17.0
16	83	11.0
16	84	11.0
16	85	15.0
16	86	10.0
16	87	13.0
16	88	10.0
16	89	12.0
16	90	14.0
16	91	16.0
16	92	14.0
16	93	13.0
16	94	19.0
16	95	8.0
16	96	8.0
16	97	26.0
16	98	18.0
16	99	12.0
16	100	18.0
16	101	16.0
16	102	16.0
16	103	11.0
16	104	9.0
16	105	16.0
16	106	16.0
16	107	13.0
16	108	16.0
16	109	18.0
16	110	21.0
16	111	19.0
16	112	18.0
16	113	21.0
16	114	17.0
16	115	21.0
16	116	21.0
16	117	18.0
16	118	14.0
16	119	24.0
16	120	21.0
16	121	24.0
16	122	26.0
17	18	306.0
17	19	320.0
17	20	129.0
17	21	68.0
17	22	79.0
17	23	80.0
17	24	57.0
17	25	51.0
17	26	34.0
17	27	19.0
17	28	26.0
17	29	25.0
17	30	31.0
17	31	17.0
17	32	14.0
17	33	12.0
17	34	13.0
17	35	17.0
17	36	12.0
17	37	13.0
17	38	16.0
17	39	10.0
17	40	10.0
17	41	21.0
17	42	10.0
17	43	19.0
17	44	13.0
17	45	11.0
17	46	18.0
17	47	23.0
17	48	32.0
17	49	33.0
17	50	32.0
17	51	32.0
17	52	44.0
17	53	46.0
17	54	32.0
17	55	27.0
17	56	22.0
17	57	33.0
17	58	23.0
17	59	32.0
17	60	28.0
17	61	15.0
17	62	24.0
17	63	13.0
17	64	16.0
17	65	18.0
17	66	17.0
17	67	20.0
17	68	18.0
17	69	17.0
17	70	18.0
17	71	20.0
17	72	22.0
17	73	31.0
17	74	17.0
17	75	21.0
17	76	19.0
17	77	19.0
17	78	21.0
17	79	20.0
17	80	24.0
17	81	24.0
17	82	17.0
17	83	20.0
17	84	25.0
17	85	13.0
17	86	14.0
17	87	10.0
17	88	18.0
17	89	15.0
17	90	15.0
17	91	18.0
17	92	11.0
17	93	13.0
17	94	18.0
17	95	9.0
17	96	16.0
17	97	20.0
17	98	8.0
17	99	16.0
17	100	23.0
17	101	18.0
17	102	13.0
17	103	12.0
17	104	13.0
17	105	16.0
17	106	18.0
17	107	17.0
17	108	11.0
17	109	23.0
17	110	16.0
17	111	13.0
17	112	20.0
17	113	18.0
17	114	17.0
17	115	10.0
17	116	23.0
17	117	25.0
17	118	21.0
17	119	19.0
17	120	32.0
17	121	18.0
17	122	11.0
18	19	158.0
18	20	97.0
18	21	72.0
18	22	69.0
18	23	72.0
18	24	63.0
18	25	39.0
18	26	27.0
18	27	26.0
18	28	32.0
18	29	28.0
18	30	26.0
18	31	23.0
18	32	22.0
18	33	12.0
18	34	13.0
18	35	10.0
18	36	12.0
18	37	5.0
18	38	10.0
18	39	17.0
18	40	17.0
18	41	19.0
18	42	18.0
18	43	19.0
18	44	11.0
18	45	17.0
18	46	23.0
18	47	36.0
18	48	28.0
18	49	41.0
18	50	43.0
18	51	35.0
18	52	45.0
18	53	22.0
18	54	30.0
18	55	15.0
18	56	22.0
18	57	29.0
18	58	32.0
18	59	26.0
18	60	27.0
18	61	32.0
18	62	26.0
18	63	16.0
18	64	16.0
18	65	22.0
18	66	19.0
18	67	20.0
18	68	18.0
18	69	34.0
18	70	33.0
18	71	20.0
18	72	20.0
18	73	24.0
18	74	31.0
18	75	18.0
18	76	26.0
18	77	17.0
18	78	19.0
18	79	23.0
18	80	14.0
18	81	19.0
18	82	19.0
18	83	14.0
18	84	20.0
18	85	15.0
18	86	23.0
18	87	10.0
18	88	17.0
18	89	16.0
18	90	16.0
18	91	19.0
18	92	16.0
18	93	19.0
18	94	16.0
18	95	14.0
18	96	17.0
18	97	18.0
18	98	12.0
18	99	15.0
18	100	17.0
18	101	18.0
18	102	19.0
18	103	12.0
18	104	18.0
18	105	16.0
18	106	15.0
18	107	20.0
18	108	13.0
18	109	9.0
18	110	14.0
18	111	18.0
18	112	17.0
18	113	19.0
18	114	15.0
18	115	24.0
18	116	28.0
18	117	22.0
18	118	24.0
18	119	19.0
18	120	20.0
18	121	24.0
18	122	22.0
19	20	162.0
19	21	80.0
19	22	43.0
19	23	73.0
19	24	52.0
19	25	29.0
19	26	23.0
19	27	23.0
19	28	27.0
19	29	30.0
19	30	17.0
19	31	24.0
19	32	15.0
19	33	7.0
19	34	6.0
19	35	8.0
19	36	15.0
19	37	10.0
19	38	9.0
19	39	19.0
19	40	14.0
19	41	15.0
19	42	11.0
19	43	23.0
19	44	13.0
19	45	19.0
19	46	14.0
19	47	24.0
19	48	20.0
19	49	32.0
19	50	29.0
19	51	31.0
19	52	36.0
19	53	39.0
19	54	28.0
19	55	16.0
19	56	30.0
19	57	28.0
19	58	29.0
19	59	28.0
19	60	31.0
19	61	24.0
19	62	19.0
19	63	18.0
19	64	20.0
19	65	21.0
19	66	27.0
19	67	33.0
19	68	21.0
19	69	15.0
19	70	24.0
19	71	20.0
19	72	24.0
19	73	18.0
19	74	19.0
19	75	11.0
19	76	14.0
19	77	18.0
19	78	19.0
19	79	12.0
19	80	17.0
19	81	21.0
19	82	19.0
19	83	21.0
19	84	21.0
19	85	21.0
19	86	8.0
19	87	17.0
19	88	9.0
19	89	10.0
19	90	14.0
19	91	19.0
19	92	11.0
19	93	16.0
19	94	14.0
19	95	18.0
19	96	9.0
19	97	14.0
19	98	8.0
19	99	13.0
19	100	14.0
19	101	18.0
19	102	6.0
19	103	25.0
19	104	14.0
19	105	14.0
19	106	23.0
19	107	16.0
19	108	17.0
19	109	20.0
19	110	20.0
19	111	18.0
19	112	15.0
19	113	22.0
19	114	12.0
19	115	15.0
19	116	11.0
19	117	22.0
19	118	29.0
19	119	26.0
19	120	18.0
19	121	21.0
19	122	16.0
20	21	156.0
20	22	110.0
20	23	116.0
20	24	80.0
20	25	46.0
20	26	50.0
20	27	26.0
20	28	27.0
20	29	19.0
20	30	16.0
20	31	16.0
20	32	17.0
20	33	17.0
20	34	12.0
20	35	11.0
20	36	14.0
20	37	9.0
20	38	12.0
20	39	13.0
20	40	24.0
20	41	24.0
20	42	18.0
20	43	24.0
20	44	24.0
20	45	19.0
20	46	24.0
20	47	33.0
20	48	30.0
20	49	41.0
20	50	25.0
20	51	28.0
20	52	40.0
20	53	47.0
20	54	39.0
20	55	25.0
20	56	35.0
20	57	19.0
20	58	37.0
20	59	32.0
20	60	28.0
20	61	31.0
20	62	17.0
20	63	23.0
20	64	15.0
20	65	14.0
20	66	21.0
20	67	31.0
20	68	21.0
20	69	22.0
20	70	24.0
20	71	23.0
20	72	20.0
20	73	16.0
20	74	20.0
20	75	23.0
20	76	18.0
20	77	25.0
20	78	21.0
20	79	18.0
20	80	15.0
20	81	13.0
20	82	21.0
20	83	17.0
20	84	24.0
20	85	24.0
20	86	24.0
20	87	15.0
20	88	13.0
20	89	15.0
20	90	14.0
20	91	14.0
20	92	18.0
20	93	21.0
20	94	17.0
20	95	13.0
20	96	11.0
20	97	16.0
20	98	17.0
20	99	16.0
20	100	15.0
20	101	15.0
20	102	18.0
20	103	13.0
20	104	14.0
20	105	15.0
20	106	11.0
20	107	11.0
20	108	15.0
20	109	13.0
20	110	15.0
20	111	7.0
20	112	16.0
20	113	17.0
20	114	21.0
20	115	16.0
20	116	16.0
20	117	21.0
20	118	12.0
20	119	28.0
20	120	16.0
20	121	16.0
20	122	13.0
21	22	141.0
21	23	97.0
21	24	89.0
21	25	41.0
21	26	44.0
21	27	34.0
21	28	31.0
21	29	29.0
21	30	30.0
21	31	25.0
21	32	15.0
21	33	9.0
21	34	14.0
21	35	11.0
21	36	12.0
21	37	13.0
21	38	15.0
21	39	17.0
21	40	16.0
21	41	28.0
21	42	19.0
21	43	22.0
21	44	18.0
21	45	15.0
21	46	35.0
21	47	35.0
21	48	40.0
21	49	34.0
21	50	50.0
21	51	61.0
21	52	66.0
21	53	50.0
21	54	38.0
21	55	28.0
21	56	31.0
21	57	31.0
21	58	32.0
21	59	28.0
21	60	33.0
21	61	34.0
21	62	16.0
21	63	20.0
21	64	21.0
21	65	18.0
21	66	16.0
21	67	22.0
21	68	17.0
21	69	23.0
21	70	23.0
21	71	28.0
21	72	22.0
21	73	16.0
21	74	22.0
21	75	19.0
21	76	19.0
21	77	23.0
21	78	19.0
21	79	13.0
21	80	11.0
21	81	20.0
21	82	11.0
21	83	16.0
21	84	22.0
21	85	15.0
21	86	17.0
21	87	13.0
21	88	7.0
21	89	14.0
21	90	13.0
21	91	15.0
21	92	17.0
21	93	17.0
21	94	9.0
21	95	13.0
21	96	16.0
21	97	17.0
21	98	13.0
21	99	13.0
21	100	8.0
21	101	13.0
21	102	11.0
21	103	16.0
21	104	12.0
21	105	12.0
21	106	7.0
21	107	17.0
21	108	22.0
21	109	18.0
21	110	12.0
21	111	17.0
21	112	11.0
21	113	12.0
21	114	14.0
21	115	10.0
21	116	15.0
21	117	13.0
21	118	15.0
21	119	16.0
21	120	14.0
21	121	15.0
21	122	14.0
22	23	229.0
22	24	203.0
22	25	85.0
22	26	60.0
22	27	37.0
22	28	39.0
22	29	33.0
22	30	25.0
22	31	23.0
22	32	16.0
22	33	15.0
22	34	19.0
22	35	11.0
22	36	9.0
22	37	17.0
22	38	23.0
22	39	19.0
22	40	23.0
22	41	27.0
22	42	16.0
22	43	6.0
22	44	19.0
22	45	22.0
22	46	30.0
22	47	33.0
22	48	38.0
22	49	44.0
22	50	37.0
22	51	37.0
22	52	56.0
22	53	46.0
22	54	32.0
22	55	29.0
22	56	29.0
22	57	31.0
22	58	25.0
22	59	28.0
22	60	32.0
22	61	22.0
22	62	23.0
22	63	14.0
22	64	11.0
22	65	14.0
22	66	22.0
22	67	21.0
22	68	15.0
22	69	19.0
22	70	17.0
22	71	17.0
22	72	17.0
22	73	22.0
22	74	16.0
22	75	16.0
22	76	26.0
22	77	18.0
22	78	16.0
22	79	15.0
22	80	16.0
22	81	14.0
22	82	17.0
22	83	16.0
22	84	18.0
22	85	15.0
22	86	12.0
22	87	8.0
22	88	13.0
22	89	8.0
22	90	9.0
22	91	16.0
22	92	16.0
22	93	11.0
22	94	12.0
22	95	10.0
22	96	14.0
22	97	8.0
22	98	9.0
22	99	11.0
22	100	13.0
22	101	10.0
22	102	11.0
22	103	11.0
22	104	19.0
22	105	12.0
22	106	20.0
22	107	5.0
22	108	18.0
22	109	17.0
22	110	20.0
22	111	14.0
22	112	14.0
22	113	14.0
22	114	15.0
22	115	19.0
22	116	15.0
22	117	17.0
22	118	14.0
22	119	17.0
22	120	15.0
22	121	15.0
22	122	14.0
23	24	179.0
23	25	82.0
23	26	46.0
23	27	35.0
23	28	37.0
23	29	34.0
23	30	33.0
23	31	25.0
23	32	20.0
23	33	23.0
23	34	16.0
23	35	11.0
23	36	13.0
23	37	14.0
23	38	23.0
23	39	16.0
23	40	24.0
23	41	29.0
23	42	24.0
23	43	22.0
23	44	16.0
23	45	19.0
23	46	27.0
23	47	23.0
23	48	39.0
23	49	35.0
23	50	38.0
23	51	38.0
23	52	50.0
23	53	27.0
23	54	23.0
23	55	24.0
23	56	20.0
23	57	26.0
23	58	31.0
23	59	23.0
23	60	21.0
23	61	25.0
23	62	20.0
23	63	17.0
23	64	14.0
23	65	15.0
23	66	22.0
23	67	20.0
23	68	28.0
23	69	15.0
23	70	20.0
23	71	23.0
23	72	25.0
23	73	24.0
23	74	9.0
23	75	17.0
23	76	24.0
23	77	28.0
23	78	16.0
23	79	12.0
23	80	13.0
23	81	10.0
23	82	8.0
23	83	17.0
23	84	12.0
23	85	13.0
23	86	13.0
23	87	9.0
23	88	16.0
23	89	14.0
23	90	10.0
23	91	16.0
23	92	15.0
23	93	18.0
23	94	14.0
23	95	12.0
23	96	16.0
23	97	11.0
23	98	17.0
23	99	9.0
23	100	14.0
23	101	22.0
23	102	9.0
23	103	17.0
23	104	13.0
23	105	16.0
23	106	18.0
23	107	13.0
23	108	25.0
23	109	17.0
23	110	14.0
23	111	11.0
23	112	12.0
23	113	17.0
23	114	12.0
23	115	18.0
23	116	19.0
23	117	17.0
23	118	15.0
23	119	19.0
23	120	14.0
23	121	26.0
23	122	11.0
24	25	88.0
24	26	57.0
24	27	36.0
24	28	42.0
24	29	44.0
24	30	35.0
24	31	26.0
24	32	25.0
24	33	23.0
24	34	20.0
24	35	9.0
24	36	9.0
24	37	22.0
24	38	13.0
24	39	19.0
24	40	19.0
24	41	25.0
24	42	14.0
24	43	28.0
24	44	17.0
24	45	19.0
24	46	30.0
24	47	32.0
24	48	35.0
24	49	51.0
24	50	39.0
24	51	48.0
24	52	37.0
24	53	52.0
24	54	26.0
24	55	22.0
24	56	20.0
24	57	32.0
24	58	31.0
24	59	19.0
24	60	22.0
24	61	22.0
24	62	23.0
24	63	20.0
24	64	12.0
24	65	23.0
24	66	20.0
24	67	27.0
24	68	10.0
24	69	19.0
24	70	14.0
24	71	22.0
24	72	13.0
24	73	19.0
24	74	19.0
24	75	17.0
24	76	12.0
24	77	13.0
24	78	15.0
24	79	22.0
24	80	13.0
24	81	12.0
24	82	11.0
24	83	16.0
24	84	9.0
24	85	19.0
24	86	11.0
24	87	10.0
24	88	10.0
24	89	15.0
24	90	14.0
24	91	19.0
24	92	11.0
24	93	10.0
24	94	15.0
24	95	11.0
24	96	16.0
24	97	15.0
24	98	12.0
24	99	10.0
24	100	12.0
24	101	12.0
24	102	14.0
24	103	15.0
24	104	8.0
24	105	14.0
24	106	13.0
24	107	16.0
24	108	25.0
24	109	13.0
24	110	17.0
24	111	19.0
24	112	12.0
24	113	20.0
24	114	14.0
24	115	21.0
24	116	14.0
24	117	19.0
24	118	19.0
24	119	18.0
24	120	23.0
24	121	16.0
24	122	16.0
25	26	106.0
25	27	59.0
25	28	74.0
25	29	71.0
25	30	59.0
25	31	30.0
25	32	27.0
25	33	13.0
25	34	17.0
25	35	12.0
25	36	14.0
25	37	13.0
25	38	16.0
25	39	19.0
25	40	23.0
25	41	35.0
25	42	25.0
25	43	30.0
25	44	34.0
25	45	30.0
25	46	32.0
25	47	38.0
25	48	50.0
25	49	61.0
25	50	46.0
25	51	58.0
25	52	55.0
25	53	34.0
25	54	45.0
25	55	27.0
25	56	30.0
25	57	30.0
25	58	24.0
25	59	27.0
25	60	37.0
25	61	23.0
25	62	18.0
25	63	19.0
25	64	21.0
25	65	14.0
25	66	14.0
25	67	23.0
25	68	24.0
25	69	20.0
25	70	16.0
25	71	17.0
25	72	21.0
25	73	16.0
25	74	18.0
25	75	14.0
25	76	19.0
25	77	14.0
25	78	16.0
25	79	17.0
25	80	10.0
25	81	17.0
25	82	15.0
25	83	20.0
25	84	16.0
25	85	11.0
25	86	15.0
25	87	16.0
25	88	10.0
25	89	10.0
25	90	10.0
25	91	17.0
25	92	24.0
25	93	10.0
25	94	9.0
25	95	13.0
25	96	13.0
25	97	7.0
25	98	14.0
25	99	17.0
25	100	11.0
25	101	6.0
25	102	17.0
25	103	12.0
25	104	11.0
25	105	8.0
25	106	17.0
25	107	13.0
25	108	7.0
25	109	9.0
25	110	16.0
25	111	14.0
25	112	11.0
25	113	14.0
25	114	22.0
25	115	12.0
25	116	20.0
25	117	13.0
25	118	12.0
25	119	9.0
25	120	13.0
25	121	11.0
25	122	23.0
26	27	119.0
26	28	64.0
26	29	45.0
26	30	34.0
26	31	23.0
26	32	30.0
26	33	16.0
26	34	16.0
26	35	16.0
26	36	22.0
26	37	6.0
26	38	19.0
26	39	19.0
26	40	30.0
26	41	32.0
26	42	22.0
26	43	32.0
26	44	29.0
26	45	21.0
26	46	40.0
26	47	55.0
26	48	113.0
26	49	61.0
26	50	51.0
26	51	84.0
26	52	55.0
26	53	63.0
26	54	35.0
26	55	37.0
26	56	33.0
26	57	40.0
26	58	38.0
26	59	25.0
26	60	36.0
26	61	31.0
26	62	17.0
26	63	24.0
26	64	26.0
26	65	18.0
26	66	11.0
26	67	20.0
26	68	27.0
26	69	14.0
26	70	17.0
26	71	24.0
26	72	14.0
26	73	15.0
26	74	25.0
26	75	13.0
26	76	25.0
26	77	16.0
26	78	13.0
26	79	16.0
26	80	8.0
26	81	17.0
26	82	19.0
26	83	17.0
26	84	11.0
26	85	14.0
26	86	15.0
26	87	11.0
26	88	9.0
26	89	13.0
26	90	15.0
26	91	17.0
26	92	11.0
26	93	11.0
26	94	11.0
26	95	13.0
26	96	15.0
26	97	10.0
26	98	7.0
26	99	9.0
26	100	12.0
26	101	11.0
26	102	8.0
26	103	7.0
26	104	11.0
26	105	8.0
26	106	14.0
26	107	15.0
26	108	15.0
26	109	16.0
26	110	18.0
26	111	12.0
26	112	10.0
26	113	8.0
26	114	15.0
26	115	14.0
26	116	12.0
26	117	16.0
26	118	22.0
26	119	9.0
26	120	11.0
26	121	11.0
26	122	7.0
27	28	90.0
27	29	55.0
27	30	52.0
27	31	26.0
27	32	18.0
27	33	15.0
27	34	14.0
27	35	13.0
27	36	18.0
27	37	11.0
27	38	19.0
27	39	18.0
27	40	46.0
27	41	38.0
27	42	40.0
27	43	38.0
27	44	25.0
27	45	27.0
27	46	44.0
27	47	53.0
27	48	69.0
27	49	58.0
27	50	35.0
27	51	55.0
27	52	51.0
27	53	33.0
27	54	24.0
27	55	38.0
27	56	43.0
27	57	30.0
27	58	24.0
27	59	35.0
27	60	24.0
27	61	22.0
27	62	21.0
27	63	12.0
27	64	30.0
27	65	12.0
27	66	16.0
27	67	21.0
27	68	22.0
27	69	16.0
27	70	17.0
27	71	23.0
27	72	14.0
27	73	18.0
27	74	14.0
27	75	21.0
27	76	9.0
27	77	16.0
27	78	15.0
27	79	11.0
27	80	13.0
27	81	20.0
27	82	11.0
27	83	10.0
27	84	14.0
27	85	12.0
27	86	16.0
27	87	18.0
27	88	15.0
27	89	12.0
27	90	17.0
27	91	12.0
27	92	9.0
27	93	11.0
27	94	15.0
27	95	4.0
27	96	13.0
27	97	11.0
27	98	13.0
27	99	7.0
27	100	9.0
27	101	14.0
27	102	7.0
27	103	3.0
27	104	9.0
27	105	10.0
27	106	8.0
27	107	11.0
27	108	26.0
27	109	16.0
27	110	14.0
27	111	17.0
27	112	8.0
27	113	11.0
27	114	12.0
27	115	16.0
27	116	16.0
27	117	19.0
27	118	14.0
27	119	16.0
27	120	17.0
27	121	18.0
27	122	15.0
28	29	177.0
28	30	86.0
28	31	58.0
28	32	42.0
28	33	27.0
28	34	20.0
28	35	19.0
28	36	11.0
28	37	14.0
28	38	25.0
28	39	30.0
28	40	27.0
28	41	58.0
28	42	39.0
28	43	33.0
28	44	23.0
28	45	31.0
28	46	29.0
28	47	34.0
28	48	45.0
28	49	28.0
28	50	46.0
28	51	36.0
28	52	30.0
28	53	25.0
28	54	28.0
28	55	22.0
28	56	27.0
28	57	31.0
28	58	16.0
28	59	16.0
28	60	22.0
28	61	22.0
28	62	14.0
28	63	10.0
28	64	14.0
28	65	20.0
28	66	13.0
28	67	17.0
28	68	20.0
28	69	22.0
28	70	18.0
28	71	20.0
28	72	17.0
28	73	15.0
28	74	11.0
28	75	13.0
28	76	15.0
28	77	20.0
28	78	15.0
28	79	10.0
28	80	12.0
28	81	10.0
28	82	14.0
28	83	15.0
28	84	8.0
28	85	15.0
28	86	14.0
28	87	10.0
28	88	10.0
28	89	9.0
28	90	11.0
28	91	9.0
28	92	14.0
28	93	11.0
28	94	8.0
28	95	8.0
28	96	13.0
28	97	9.0
28	98	13.0
28	99	5.0
28	100	11.0
28	101	5.0
28	102	12.0
28	103	9.0
28	104	13.0
28	105	14.0
28	106	11.0
28	107	16.0
28	108	9.0
28	109	10.0
28	110	12.0
28	111	21.0
28	112	16.0
28	113	11.0
28	114	11.0
28	115	15.0
28	116	14.0
28	117	19.0
28	118	10.0
28	119	15.0
28	120	9.0
28	121	14.0
28	122	11.0
29	30	137.0
29	31	49.0
29	32	31.0
29	33	28.0
29	34	15.0
29	35	19.0
29	36	17.0
29	37	14.0
29	38	17.0
29	39	27.0
29	40	38.0
29	41	41.0
29	42	33.0
29	43	25.0
29	44	23.0
29	45	20.0
29	46	31.0
29	47	25.0
29	48	41.0
29	49	42.0
29	50	49.0
29	51	31.0
29	52	36.0
29	53	29.0
29	54	26.0
29	55	28.0
29	56	23.0
29	57	33.0
29	58	15.0
29	59	16.0
29	60	20.0
29	61	20.0
29	62	18.0
29	63	12.0
29	64	20.0
29	65	15.0
29	66	19.0
29	67	19.0
29	68	17.0
29	69	19.0
29	70	19.0
29	71	16.0
29	72	19.0
29	73	14.0
29	74	14.0
29	75	8.0
29	76	9.0
29	77	14.0
29	78	21.0
29	79	11.0
29	80	17.0
29	81	21.0
29	82	10.0
29	83	11.0
29	84	14.0
29	85	11.0
29	86	4.0
29	87	11.0
29	88	7.0
29	89	9.0
29	90	15.0
29	91	13.0
29	92	6.0
29	93	21.0
29	94	15.0
29	95	6.0
29	96	5.0
29	97	6.0
29	98	16.0
29	99	9.0
29	100	18.0
29	101	10.0
29	102	12.0
29	103	8.0
29	104	10.0
29	105	14.0
29	106	10.0
29	107	5.0
29	108	13.0
29	109	13.0
29	110	8.0
29	111	7.0
29	112	8.0
29	113	12.0
29	114	18.0
29	115	12.0
29	116	16.0
29	117	15.0
29	118	12.0
29	119	14.0
29	120	12.0
29	121	11.0
29	122	13.0
30	31	90.0
30	32	44.0
30	33	24.0
30	34	18.0
30	35	24.0
30	36	20.0
30	37	26.0
30	38	33.0
30	39	27.0
30	40	45.0
30	41	72.0
30	42	35.0
30	43	33.0
30	44	29.0
30	45	21.0
30	46	32.0
30	47	32.0
30	48	25.0
30	49	40.0
30	50	25.0
30	51	34.0
30	52	29.0
30	53	24.0
30	54	20.0
30	55	21.0
30	56	24.0
30	57	26.0
30	58	18.0
30	59	19.0
30	60	24.0
30	61	13.0
30	62	22.0
30	63	14.0
30	64	28.0
30	65	10.0
30	66	10.0
30	67	12.0
30	68	5.0
30	69	19.0
30	70	10.0
30	71	12.0
30	72	20.0
30	73	9.0
30	74	17.0
30	75	11.0
30	76	16.0
30	77	15.0
30	78	7.0
30	79	10.0
30	80	11.0
30	81	12.0
30	82	12.0
30	83	8.0
30	84	12.0
30	85	8.0
30	86	11.0
30	87	10.0
30	88	10.0
30	89	6.0
30	90	15.0
30	91	15.0
30	92	9.0
30	93	13.0
30	94	9.0
30	95	9.0
30	96	6.0
30	97	4.0
30	98	12.0
30	99	11.0
30	100	12.0
30	101	8.0
30	102	5.0
30	103	7.0
30	104	6.0
30	105	12.0
30	106	12.0
30	107	8.0
30	108	9.0
30	109	12.0
30	110	11.0
30	111	15.0
30	112	12.0
30	113	12.0
30	114	12.0
30	115	8.0
30	116	13.0
30	117	12.0
30	118	11.0
30	119	10.0
30	120	17.0
30	121	15.0
30	122	8.0
31	32	88.0
31	33	32.0
31	34	23.0
31	35	22.0
31	36	25.0
31	37	35.0
31	38	51.0
31	39	67.0
31	40	93.0
31	41	69.0
31	42	51.0
31	43	26.0
31	44	20.0
31	45	16.0
31	46	18.0
31	47	12.0
31	48	22.0
31	49	16.0
31	50	21.0
31	51	24.0
31	52	23.0
31	53	16.0
31	54	15.0
31	55	17.0
31	56	23.0
31	57	15.0
31	58	21.0
31	59	22.0
31	60	19.0
31	61	14.0
31	62	16.0
31	63	9.0
31	64	13.0
31	65	10.0
31	66	11.0
31	67	17.0
31	68	10.0
31	69	16.0
31	70	7.0
31	71	9.0
31	72	16.0
31	73	5.0
31	74	12.0
31	75	8.0
31	76	10.0
31	77	15.0
31	78	11.0
31	79	14.0
31	80	18.0
31	81	13.0
31	82	9.0
31	83	8.0
31	84	17.0
31	85	14.0
31	86	14.0
31	87	6.0
31	88	7.0
31	89	11.0
31	90	17.0
31	91	11.0
31	92	5.0
31	93	8.0
31	94	7.0
31	95	9.0
31	96	8.0
31	97	8.0
31	98	7.0
31	99	13.0
31	100	7.0
31	101	8.0
31	102	7.0
31	103	4.0
31	104	9.0
31	105	21.0
31	106	7.0
31	107	12.0
31	108	11.0
31	109	14.0
31	110	16.0
31	111	5.0
31	112	12.0
31	113	11.0
31	114	11.0
31	115	11.0
31	116	11.0
31	117	13.0
31	118	18.0
31	119	10.0
31	120	14.0
31	121	14.0
31	122	7.0
32	33	73.0
32	34	39.0
32	35	38.0
32	36	31.0
32	37	39.0
32	38	62.0
32	39	140.0
32	40	101.0
32	41	41.0
32	42	35.0
32	43	23.0
32	44	15.0
32	45	17.0
32	46	14.0
32	47	14.0
32	48	18.0
32	49	22.0
32	50	15.0
32	51	12.0
32	52	16.0
32	53	17.0
32	54	13.0
32	55	12.0
32	56	14.0
32	57	13.0
32	58	13.0
32	59	13.0
32	60	19.0
32	61	19.0
32	62	11.0
32	63	14.0
32	64	7.0
32	65	7.0
32	66	12.0
32	67	13.0
32	68	9.0
32	69	18.0
32	70	19.0
32	71	21.0
32	72	14.0
32	73	9.0
32	74	8.0
32	75	7.0
32	76	12.0
32	77	12.0
32	78	13.0
32	79	8.0
32	80	10.0
32	81	7.0
32	82	10.0
32	83	9.0
32	84	8.0
32	85	7.0
32	86	7.0
32	87	7.0
32	88	6.0
32	89	9.0
32	90	12.0
32	91	5.0
32	92	8.0
32	93	7.0
32	94	11.0
32	95	11.0
32	96	6.0
32	97	8.0
32	98	6.0
32	99	5.0
32	100	9.0
32	101	5.0
32	102	17.0
32	103	10.0
32	104	11.0
32	105	17.0
32	106	9.0
32	107	3.0
32	108	13.0
32	109	7.0
32	110	9.0
32	111	7.0
32	112	6.0
32	113	11.0
32	114	16.0
32	115	6.0
32	116	13.0
32	117	13.0
32	118	13.0
32	119	9.0
32	120	6.0
32	121	17.0
32	122	18.0
33	34	95.0
33	35	57.0
33	36	50.0
33	37	90.0
33	38	371.0
33	39	117.0
33	40	49.0
33	41	40.0
33	42	29.0
33	43	33.0
33	44	16.0
33	45	21.0
33	46	14.0
33	47	16.0
33	48	15.0
33	49	17.0
33	50	16.0
33	51	12.0
33	52	16.0
33	53	17.0
33	54	13.0
33	55	15.0
33	56	16.0
33	57	8.0
33	58	14.0
33	59	11.0
33	60	7.0
33	61	9.0
33	62	11.0
33	63	9.0
33	64	11.0
33	65	13.0
33	66	13.0
33	67	6.0
33	68	13.0
33	69	7.0
33	70	8.0
33	71	7.0
33	72	8.0
33	73	6.0
33	74	10.0
33	75	11.0
33	76	9.0
33	77	16.0
33	78	7.0
33	79	9.0
33	80	9.0
33	81	10.0
33	82	8.0
33	83	10.0
33	84	14.0
33	85	7.0
33	86	6.0
33	87	4.0
33	88	7.0
33	89	6.0
33	90	6.0
33	91	8.0
33	92	10.0
33	93	7.0
33	94	12.0
33	95	11.0
33	96	9.0
33	97	12.0
33	98	5.0
33	99	9.0
33	100	7.0
33	101	5.0
33	102	10.0
33	103	7.0
33	104	4.0
33	105	7.0
33	106	8.0
33	107	5.0
33	108	16.0
33	109	10.0
33	110	10.0
33	111	9.0
33	112	13.0
33	113	5.0
33	114	11.0
33	115	7.0
33	116	9.0
33	117	6.0
33	118	8.0
33	119	10.0
33	120	11.0
33	121	14.0
33	122	21.0
34	35	102.0
34	36	68.0
34	37	497.0
34	38	87.0
34	39	41.0
34	40	21.0
34	41	31.0
34	42	23.0
34	43	15.0
34	44	21.0
34	45	15.0
34	46	16.0
34	47	11.0
34	48	14.0
34	49	11.0
34	50	19.0
34	51	11.0
34	52	14.0
34	53	10.0
34	54	13.0
34	55	14.0
34	56	11.0
34	57	13.0
34	58	10.0
34	59	9.0
34	60	9.0
34	61	10.0
34	62	6.0
34	63	10.0
34	64	17.0
34	65	13.0
34	66	15.0
34	67	8.0
34	68	11.0
34	69	11.0
34	70	13.0
34	71	9.0
34	72	7.0
34	73	7.0
34	74	9.0
34	75	11.0
34	76	7.0
34	77	13.0
34	78	5.0
34	79	7.0
34	80	13.0
34	81	10.0
34	82	7.0
34	83	9.0
34	84	13.0
34	85	4.0
34	86	13.0
34	87	7.0
34	88	6.0
34	89	4.0
34	90	14.0
34	91	6.0
34	92	7.0
34	93	13.0
34	94	12.0
34	95	13.0
34	96	6.0
34	97	7.0
34	98	8.0
34	99	5.0
34	100	7.0
34	101	8.0
34	102	6.0
34	103	9.0
34	104	6.0
34	105	6.0
34	106	2.0
34	107	6.0
34	108	5.0
34	109	5.0
34	110	9.0
34	111	11.0
34	112	4.0
34	113	15.0
34	114	11.0
34	115	9.0
34	116	10.0
34	117	8.0
34	118	9.0
34	119	9.0
34	120	10.0
34	121	10.0
34	122	5.0
35	36	535.0
35	37	99.0
35	38	53.0
35	39	27.0
35	40	26.0
35	41	19.0
35	42	21.0
35	43	20.0
35	44	10.0
35	45	12.0
35	46	14.0
35	47	9.0
35	48	10.0
35	49	15.0
35	50	10.0
35	51	12.0
35	52	13.0
35	53	12.0
35	54	15.0
35	55	8.0
35	56	14.0
35	57	10.0
35	58	7.0
35	59	8.0
35	60	10.0
35	61	11.0
35	62	13.0
35	63	9.0
35	64	9.0
35	65	9.0
35	66	3.0
35	67	18.0
35	68	7.0
35	69	8.0
35	70	7.0
35	71	14.0
35	72	11.0
35	73	4.0
35	74	7.0
35	75	9.0
35	76	8.0
35	77	6.0
35	78	12.0
35	79	4.0
35	80	9.0
35	81	4.0
35	82	11.0
35	83	5.0
35	84	10.0
35	85	9.0
35	86	5.0
35	87	5.0
35	88	5.0
35	89	7.0
35	90	7.0
35	91	5.0
35	92	3.0
35	93	6.0
35	94	3.0
35	95	7.0
35	96	8.0
35	97	12.0
35	98	7.0
35	99	6.0
35	100	2.0
35	101	7.0
35	102	8.0
35	103	5.0
35	104	2.0
35	105	6.0
35	106	2.0
35	107	7.0
35	108	4.0
35	109	6.0
35	110	14.0
35	111	6.0
35	112	4.0
35	113	3.0
35	115	7.0
35	116	6.0
35	117	9.0
35	118	11.0
35	119	9.0
35	120	4.0
35	121	3.0
35	122	8.0
36	37	88.0
36	38	39.0
36	39	47.0
36	40	20.0
36	41	25.0
36	42	23.0
36	43	12.0
36	44	15.0
36	45	9.0
36	46	11.0
36	47	6.0
36	48	14.0
36	49	18.0
36	50	13.0
36	51	14.0
36	52	12.0
36	53	11.0
36	54	9.0
36	55	9.0
36	56	9.0
36	57	9.0
36	58	10.0
36	59	11.0
36	60	9.0
36	61	7.0
36	62	9.0
36	63	5.0
36	64	11.0
36	65	7.0
36	66	11.0
36	67	11.0
36	68	10.0
36	69	5.0
36	70	2.0
36	71	10.0
36	72	10.0
36	73	7.0
36	74	9.0
36	75	6.0
36	76	7.0
36	77	8.0
36	78	2.0
36	79	9.0
36	80	12.0
36	81	7.0
36	82	3.0
36	83	4.0
36	84	3.0
36	85	5.0
36	86	8.0
36	87	9.0
36	88	6.0
36	89	10.0
36	90	5.0
36	91	3.0
36	92	6.0
36	93	7.0
36	94	9.0
36	95	8.0
36	96	7.0
36	97	10.0
36	98	7.0
36	99	5.0
36	100	9.0
36	101	9.0
36	102	4.0
36	103	7.0
36	104	6.0
36	105	7.0
36	106	9.0
36	107	9.0
36	108	2.0
36	109	12.0
36	110	12.0
36	111	10.0
36	112	6.0
36	113	8.0
36	114	12.0
36	115	11.0
36	116	10.0
36	117	7.0
36	118	9.0
36	119	8.0
36	120	7.0
36	121	9.0
36	122	8.0
37	38	90.0
37	39	56.0
37	40	22.0
37	41	19.0
37	42	33.0
37	43	21.0
37	44	19.0
37	45	18.0
37	46	13.0
37	47	7.0
37	48	5.0
37	49	14.0
37	50	20.0
37	51	20.0
37	52	13.0
37	53	9.0
37	54	8.0
37	55	12.0
37	56	10.0
37	57	16.0
37	58	10.0
37	59	13.0
37	60	14.0
37	61	10.0
37	62	11.0
37	63	5.0
37	64	14.0
37	65	11.0
37	66	10.0
37	67	2.0
37	68	7.0
37	69	9.0
37	70	6.0
37	71	6.0
37	72	14.0
37	73	12.0
37	74	7.0
37	75	9.0
37	76	5.0
37	77	12.0
37	78	9.0
37	79	7.0
37	80	3.0
37	81	7.0
37	82	15.0
37	83	10.0
37	84	12.0
37	85	8.0
37	86	8.0
37	87	8.0
37	88	6.0
37	89	10.0
37	90	9.0
37	91	8.0
37	92	10.0
37	93	6.0
37	94	4.0
37	95	6.0
37	96	6.0
37	97	12.0
37	98	7.0
37	99	7.0
37	100	8.0
37	101	5.0
37	102	8.0
37	103	9.0
37	104	6.0
37	105	13.0
37	106	8.0
37	107	3.0
37	108	9.0
37	109	9.0
37	110	11.0
37	111	4.0
37	112	6.0
37	113	11.0
37	114	9.0
37	115	3.0
37	116	11.0
37	117	11.0
37	118	7.0
37	119	9.0
37	120	4.0
37	121	7.0
37	122	8.0
38	39	106.0
38	40	41.0
38	41	31.0
38	42	28.0
38	43	26.0
38	44	18.0
38	45	13.0
38	46	15.0
38	47	21.0
38	48	11.0
38	49	11.0
38	50	15.0
38	51	16.0
38	52	20.0
38	53	9.0
38	54	10.0
38	55	9.0
38	56	9.0
38	57	13.0
38	58	10.0
38	59	6.0
38	60	5.0
38	61	14.0
38	62	14.0
38	63	12.0
38	64	14.0
38	65	10.0
38	66	9.0
38	67	11.0
38	68	5.0
38	69	6.0
38	70	9.0
38	71	14.0
38	72	7.0
38	73	10.0
38	74	4.0
38	75	9.0
38	76	6.0
38	77	8.0
38	78	9.0
38	79	5.0
38	80	6.0
38	81	8.0
38	82	8.0
38	83	10.0
38	84	14.0
38	85	12.0
38	86	9.0
38	87	6.0
38	88	10.0
38	89	13.0
38	90	10.0
38	91	5.0
38	92	9.0
38	93	5.0
38	94	8.0
38	95	5.0
38	96	10.0
38	97	7.0
38	98	6.0
38	99	9.0
38	100	3.0
38	101	11.0
38	102	5.0
38	103	2.0
38	104	10.0
38	105	15.0
38	106	8.0
38	107	7.0
38	108	15.0
38	109	11.0
38	110	14.0
38	111	8.0
38	112	7.0
38	113	4.0
38	114	5.0
38	115	9.0
38	116	9.0
38	117	15.0
38	118	13.0
38	119	6.0
38	120	8.0
38	121	7.0
38	122	8.0
39	40	91.0
39	41	39.0
39	42	39.0
39	43	24.0
39	44	19.0
39	45	15.0
39	46	13.0
39	47	12.0
39	48	13.0
39	49	22.0
39	50	19.0
39	51	10.0
39	52	16.0
39	53	18.0
39	54	15.0
39	55	8.0
39	56	14.0
39	57	10.0
39	58	17.0
39	59	14.0
39	60	13.0
39	61	13.0
39	62	13.0
39	63	9.0
39	64	9.0
39	65	6.0
39	66	8.0
39	67	9.0
39	68	18.0
39	69	10.0
39	70	12.0
39	71	18.0
39	72	18.0
39	73	11.0
39	74	12.0
39	75	12.0
39	76	10.0
39	77	11.0
39	78	13.0
39	79	6.0
39	80	6.0
39	81	7.0
39	82	10.0
39	83	6.0
39	84	9.0
39	85	5.0
39	86	13.0
39	87	7.0
39	88	8.0
39	89	8.0
39	90	6.0
39	91	8.0
39	92	10.0
39	93	13.0
39	94	12.0
39	95	12.0
39	96	11.0
39	97	11.0
39	98	10.0
39	99	9.0
39	100	11.0
39	101	14.0
39	102	9.0
39	103	7.0
39	104	6.0
39	105	6.0
39	106	9.0
39	107	11.0
39	108	11.0
39	109	7.0
39	110	14.0
39	111	5.0
39	112	8.0
39	113	16.0
39	114	15.0
39	115	10.0
39	116	11.0
39	117	16.0
39	118	7.0
39	119	13.0
39	120	9.0
39	121	14.0
39	122	10.0
40	41	82.0
40	42	43.0
40	43	40.0
40	44	20.0
40	45	23.0
40	46	22.0
40	47	21.0
40	48	16.0
40	49	21.0
40	50	20.0
40	51	21.0
40	52	19.0
40	53	17.0
40	54	17.0
40	55	19.0
40	56	20.0
40	57	23.0
40	58	17.0
40	59	15.0
40	60	14.0
40	61	12.0
40	62	11.0
40	63	16.0
40	64	8.0
40	65	12.0
40	66	9.0
40	67	9.0
40	68	11.0
40	69	10.0
40	70	11.0
40	71	14.0
40	72	17.0
40	73	19.0
40	74	14.0
40	75	12.0
40	76	15.0
40	77	9.0
40	78	10.0
40	79	10.0
40	80	9.0
40	81	15.0
40	82	9.0
40	83	8.0
40	84	12.0
40	85	17.0
40	86	11.0
40	87	11.0
40	88	15.0
40	89	12.0
40	90	11.0
40	91	7.0
40	92	6.0
40	93	8.0
40	94	9.0
40	95	10.0
40	96	13.0
40	97	8.0
40	98	8.0
40	99	10.0
40	100	16.0
40	101	15.0
40	102	9.0
40	103	5.0
40	104	4.0
40	105	11.0
40	106	14.0
40	107	10.0
40	108	12.0
40	109	8.0
40	110	10.0
40	111	9.0
40	112	10.0
40	113	9.0
40	114	13.0
40	115	10.0
40	116	13.0
40	117	12.0
40	118	11.0
40	119	9.0
40	120	10.0
40	121	17.0
40	122	11.0
41	42	88.0
41	43	46.0
41	44	22.0
41	45	25.0
41	46	25.0
41	47	24.0
41	48	24.0
41	49	27.0
41	50	29.0
41	51	25.0
41	52	27.0
41	53	20.0
41	54	22.0
41	55	17.0
41	56	19.0
41	57	15.0
41	58	14.0
41	59	21.0
41	60	18.0
41	61	20.0
41	62	13.0
41	63	10.0
41	64	18.0
41	65	14.0
41	66	11.0
41	67	20.0
41	68	15.0
41	69	16.0
41	70	17.0
41	71	17.0
41	72	17.0
41	73	12.0
41	74	15.0
41	75	12.0
41	76	20.0
41	77	13.0
41	78	15.0
41	79	12.0
41	80	11.0
41	81	16.0
41	82	7.0
41	83	10.0
41	84	12.0
41	85	11.0
41	86	15.0
41	87	11.0
41	88	5.0
41	89	7.0
41	90	14.0
41	91	8.0
41	92	14.0
41	93	12.0
41	94	14.0
41	95	13.0
41	96	4.0
41	97	7.0
41	98	10.0
41	99	11.0
41	100	15.0
41	101	7.0
41	102	7.0
41	103	7.0
41	104	4.0
41	105	10.0
41	106	15.0
41	107	16.0
41	108	6.0
41	109	17.0
41	110	8.0
41	111	8.0
41	112	10.0
41	113	9.0
41	114	12.0
41	115	12.0
41	116	12.0
41	117	19.0
41	118	15.0
41	119	12.0
41	120	14.0
41	121	15.0
41	122	5.0
42	43	92.0
42	44	40.0
42	45	23.0
42	46	20.0
42	47	31.0
42	48	36.0
42	49	33.0
42	50	26.0
42	51	32.0
42	52	22.0
42	53	20.0
42	54	16.0
42	55	18.0
42	56	21.0
42	57	17.0
42	58	15.0
42	59	18.0
42	60	13.0
42	61	19.0
42	62	19.0
42	63	12.0
42	64	12.0
42	65	11.0
42	66	12.0
42	67	9.0
42	68	13.0
42	69	18.0
42	70	12.0
42	71	16.0
42	72	10.0
42	73	12.0
42	74	16.0
42	75	9.0
42	76	20.0
42	77	10.0
42	78	13.0
42	79	9.0
42	80	11.0
42	81	15.0
42	82	10.0
42	83	8.0
42	84	10.0
42	85	14.0
42	86	17.0
42	87	13.0
42	88	5.0
42	89	12.0
42	90	11.0
42	91	4.0
42	92	11.0
42	93	10.0
42	94	10.0
42	95	10.0
42	96	10.0
42	97	5.0
42	98	7.0
42	99	10.0
42	100	8.0
42	101	13.0
42	102	11.0
42	103	10.0
42	104	9.0
42	105	10.0
42	106	7.0
42	107	14.0
42	108	16.0
42	109	11.0
42	110	11.0
42	111	12.0
42	112	18.0
42	113	4.0
42	114	11.0
42	115	13.0
42	116	9.0
42	117	7.0
42	118	15.0
42	119	11.0
42	120	8.0
42	121	18.0
42	122	13.0
43	44	84.0
43	45	49.0
43	46	21.0
43	47	25.0
43	48	33.0
43	49	25.0
43	50	18.0
43	51	22.0
43	52	22.0
43	53	14.0
43	54	26.0
43	55	16.0
43	56	18.0
43	57	20.0
43	58	15.0
43	59	24.0
43	60	17.0
43	61	16.0
43	62	17.0
43	63	14.0
43	64	16.0
43	65	16.0
43	66	5.0
43	67	15.0
43	68	14.0
43	69	17.0
43	70	15.0
43	71	15.0
43	72	11.0
43	73	7.0
43	74	10.0
43	75	13.0
43	76	14.0
43	77	16.0
43	78	9.0
43	79	7.0
43	80	14.0
43	81	12.0
43	82	7.0
43	83	10.0
43	84	17.0
43	85	12.0
43	86	10.0
43	87	9.0
43	88	9.0
43	89	9.0
43	90	16.0
43	91	6.0
43	92	8.0
43	93	8.0
43	94	13.0
43	95	12.0
43	96	9.0
43	97	5.0
43	98	4.0
43	99	12.0
43	100	12.0
43	101	7.0
43	102	8.0
43	103	7.0
43	104	4.0
43	105	6.0
43	106	6.0
43	107	7.0
43	108	11.0
43	109	17.0
43	110	15.0
43	111	17.0
43	112	14.0
43	113	15.0
43	114	10.0
43	115	12.0
43	116	16.0
43	117	21.0
43	118	13.0
43	119	12.0
43	120	11.0
43	121	9.0
43	122	6.0
44	45	73.0
44	46	47.0
44	47	23.0
44	48	24.0
44	49	19.0
44	50	20.0
44	51	41.0
44	52	24.0
44	53	24.0
44	54	14.0
44	55	23.0
44	56	38.0
44	57	18.0
44	58	12.0
44	59	21.0
44	60	16.0
44	61	14.0
44	62	19.0
44	63	20.0
44	64	17.0
44	65	18.0
44	66	14.0
44	67	18.0
44	68	12.0
44	69	6.0
44	70	17.0
44	71	19.0
44	72	12.0
44	73	13.0
44	74	19.0
44	75	17.0
44	76	14.0
44	77	9.0
44	78	16.0
44	79	10.0
44	80	11.0
44	81	19.0
44	82	11.0
44	83	5.0
44	84	11.0
44	85	10.0
44	86	13.0
44	87	9.0
44	88	9.0
44	89	14.0
44	90	15.0
44	91	12.0
44	92	11.0
44	93	14.0
44	94	15.0
44	95	12.0
44	96	10.0
44	97	4.0
44	98	7.0
44	99	11.0
44	100	11.0
44	101	6.0
44	102	8.0
44	103	13.0
44	104	11.0
44	105	8.0
44	106	14.0
44	107	12.0
44	108	12.0
44	109	8.0
44	110	6.0
44	111	5.0
44	112	8.0
44	113	8.0
44	114	4.0
44	115	13.0
44	116	10.0
44	117	9.0
44	118	11.0
44	119	4.0
44	120	9.0
44	121	14.0
44	122	9.0
45	46	103.0
45	47	39.0
45	48	37.0
45	49	35.0
45	50	37.0
45	51	19.0
45	52	36.0
45	53	19.0
45	54	36.0
45	55	32.0
45	56	34.0
45	57	22.0
45	58	26.0
45	59	21.0
45	60	21.0
45	61	19.0
45	62	24.0
45	63	18.0
45	64	31.0
45	65	23.0
45	66	16.0
45	67	21.0
45	68	16.0
45	69	15.0
45	70	17.0
45	71	16.0
45	72	15.0
45	73	18.0
45	74	10.0
45	75	13.0
45	76	9.0
45	77	13.0
45	78	15.0
45	79	10.0
45	80	13.0
45	81	13.0
45	82	15.0
45	83	19.0
45	84	19.0
45	85	16.0
45	86	12.0
45	87	14.0
45	88	9.0
45	89	14.0
45	90	12.0
45	91	18.0
45	92	12.0
45	93	13.0
45	94	7.0
45	95	6.0
45	96	10.0
45	97	12.0
45	98	11.0
45	99	13.0
45	100	11.0
45	101	14.0
45	102	13.0
45	103	19.0
45	104	10.0
45	105	12.0
45	106	16.0
45	107	8.0
45	108	14.0
45	109	9.0
45	110	8.0
45	111	6.0
45	112	9.0
45	113	10.0
45	114	8.0
45	115	8.0
45	116	9.0
45	117	8.0
45	118	10.0
45	119	10.0
45	120	15.0
45	121	11.0
45	122	15.0
46	47	86.0
46	48	49.0
46	49	38.0
46	50	22.0
46	51	40.0
46	52	32.0
46	53	35.0
46	54	30.0
46	55	39.0
46	56	45.0
46	57	34.0
46	58	32.0
46	59	27.0
46	60	20.0
46	61	16.0
46	62	28.0
46	63	26.0
46	64	31.0
46	65	36.0
46	66	21.0
46	67	17.0
46	68	25.0
46	69	23.0
46	70	12.0
46	71	18.0
46	72	16.0
46	73	11.0
46	74	17.0
46	75	12.0
46	76	23.0
46	77	10.0
46	78	18.0
46	79	19.0
46	80	20.0
46	81	15.0
46	82	12.0
46	83	10.0
46	84	9.0
46	85	11.0
46	86	13.0
46	87	10.0
46	88	11.0
46	89	7.0
46	90	6.0
46	91	17.0
46	92	16.0
46	93	12.0
46	94	14.0
46	95	5.0
46	96	18.0
46	97	7.0
46	98	12.0
46	99	11.0
46	100	4.0
46	101	12.0
46	102	9.0
46	103	12.0
46	104	14.0
46	105	12.0
46	106	16.0
46	107	8.0
46	108	18.0
46	109	11.0
46	110	8.0
46	111	12.0
46	112	10.0
46	113	16.0
46	114	10.0
46	115	14.0
46	116	12.0
46	117	16.0
46	118	14.0
46	119	15.0
46	120	8.0
46	121	12.0
46	122	18.0
47	48	86.0
47	49	46.0
47	50	31.0
47	51	33.0
47	52	46.0
47	53	45.0
47	54	52.0
47	55	57.0
47	56	62.0
47	57	32.0
47	58	28.0
47	59	32.0
47	60	21.0
47	61	27.0
47	62	30.0
47	63	30.0
47	64	20.0
47	65	25.0
47	66	21.0
47	67	18.0
47	68	20.0
47	69	27.0
47	70	25.0
47	71	25.0
47	72	20.0
47	73	13.0
47	74	24.0
47	75	21.0
47	76	22.0
47	77	15.0
47	78	14.0
47	79	12.0
47	80	21.0
47	81	13.0
47	82	12.0
47	83	13.0
47	84	17.0
47	85	17.0
47	86	20.0
47	87	14.0
47	88	16.0
47	89	14.0
47	90	12.0
47	91	22.0
47	92	13.0
47	93	14.0
47	94	9.0
47	95	10.0
47	96	10.0
47	97	11.0
47	98	9.0
47	99	15.0
47	100	8.0
47	101	3.0
47	102	13.0
47	103	9.0
47	104	12.0
47	105	16.0
47	106	12.0
47	107	9.0
47	108	17.0
47	109	17.0
47	110	8.0
47	111	8.0
47	112	17.0
47	113	9.0
47	114	10.0
47	115	14.0
47	116	19.0
47	117	12.0
47	118	11.0
47	119	8.0
47	120	14.0
47	121	11.0
47	122	8.0
48	49	85.0
48	50	56.0
48	51	132.0
48	52	84.0
48	53	60.0
48	54	59.0
48	55	50.0
48	56	50.0
48	57	59.0
48	58	37.0
48	59	38.0
48	60	37.0
48	61	35.0
48	62	31.0
48	63	25.0
48	64	31.0
48	65	19.0
48	66	18.0
48	67	22.0
48	68	18.0
48	69	24.0
48	70	24.0
48	71	16.0
48	72	28.0
48	73	14.0
48	74	21.0
48	75	19.0
48	76	23.0
48	77	13.0
48	78	26.0
48	79	16.0
48	80	18.0
48	81	20.0
48	82	22.0
48	83	11.0
48	84	20.0
48	85	12.0
48	86	14.0
48	87	20.0
48	88	18.0
48	89	14.0
48	90	16.0
48	91	17.0
48	92	12.0
48	93	11.0
48	94	17.0
48	95	11.0
48	96	11.0
48	97	12.0
48	98	20.0
48	99	11.0
48	100	14.0
48	101	14.0
48	102	6.0
48	103	11.0
48	104	9.0
48	105	18.0
48	106	15.0
48	107	12.0
48	108	10.0
48	109	18.0
48	110	10.0
48	111	14.0
48	112	13.0
48	113	10.0
48	114	16.0
48	115	16.0
48	116	19.0
48	117	15.0
48	118	18.0
48	119	14.0
48	120	17.0
48	121	11.0
48	122	18.0
49	50	153.0
49	51	241.0
49	52	80.0
49	53	49.0
49	54	52.0
49	55	51.0
49	56	33.0
49	57	58.0
49	58	49.0
49	59	33.0
49	60	40.0
49	61	47.0
49	62	26.0
49	63	29.0
49	64	27.0
49	65	26.0
49	66	27.0
49	67	31.0
49	68	31.0
49	69	36.0
49	70	24.0
49	71	34.0
49	72	32.0
49	73	17.0
49	74	19.0
49	75	20.0
49	76	20.0
49	77	19.0
49	78	22.0
49	79	14.0
49	80	24.0
49	81	17.0
49	82	23.0
49	83	20.0
49	84	21.0
49	85	28.0
49	86	13.0
49	87	15.0
49	88	23.0
49	89	20.0
49	90	15.0
49	91	18.0
49	92	15.0
49	93	14.0
49	94	12.0
49	95	13.0
49	96	13.0
49	97	17.0
49	98	8.0
49	99	11.0
49	100	15.0
49	101	15.0
49	102	11.0
49	103	13.0
49	104	9.0
49	105	8.0
49	106	23.0
49	107	14.0
49	108	21.0
49	109	22.0
49	110	11.0
49	111	15.0
49	112	7.0
49	113	14.0
49	114	14.0
49	115	21.0
49	116	21.0
49	117	17.0
49	118	14.0
49	119	19.0
49	120	18.0
49	121	27.0
49	122	15.0
50	51	91.0
50	52	59.0
50	53	34.0
50	54	37.0
50	55	36.0
50	56	34.0
50	57	43.0
50	58	35.0
50	59	39.0
50	60	39.0
50	61	30.0
50	62	37.0
50	63	25.0
50	64	28.0
50	65	38.0
50	66	26.0
50	67	26.0
50	68	18.0
50	69	29.0
50	70	29.0
50	71	24.0
50	72	30.0
50	73	22.0
50	74	30.0
50	75	19.0
50	76	21.0
50	77	18.0
50	78	21.0
50	79	16.0
50	80	10.0
50	81	29.0
50	82	10.0
50	83	18.0
50	84	22.0
50	85	21.0
50	86	28.0
50	87	14.0
50	88	14.0
50	89	19.0
50	90	22.0
50	91	16.0
50	92	10.0
50	93	14.0
50	94	14.0
50	95	17.0
50	96	14.0
50	97	12.0
50	98	10.0
50	99	14.0
50	100	12.0
50	101	16.0
50	102	7.0
50	103	15.0
50	104	16.0
50	105	17.0
50	106	17.0
50	107	11.0
50	108	24.0
50	109	11.0
50	110	10.0
50	111	11.0
50	112	10.0
50	113	10.0
50	114	12.0
50	115	18.0
50	116	18.0
50	117	12.0
50	118	16.0
50	119	12.0
50	120	16.0
50	121	13.0
50	122	18.0
51	52	101.0
51	53	59.0
51	54	50.0
51	55	34.0
51	56	54.0
51	57	60.0
51	58	33.0
51	59	36.0
51	60	53.0
51	61	38.0
51	62	29.0
51	63	32.0
51	64	32.0
51	65	19.0
51	66	19.0
51	67	28.0
51	68	27.0
51	69	26.0
51	70	20.0
51	71	20.0
51	72	25.0
51	73	22.0
51	74	20.0
51	75	12.0
51	76	18.0
51	77	22.0
51	78	25.0
51	79	16.0
51	80	15.0
51	81	20.0
51	82	17.0
51	83	14.0
51	84	16.0
51	85	16.0
51	86	19.0
51	87	14.0
51	88	17.0
51	89	18.0
51	90	22.0
51	91	21.0
51	92	6.0
51	93	14.0
51	94	13.0
51	95	17.0
51	96	8.0
51	97	10.0
51	98	16.0
51	99	12.0
51	100	12.0
51	101	11.0
51	102	13.0
51	103	8.0
51	104	10.0
51	105	15.0
51	106	17.0
51	107	9.0
51	108	20.0
51	109	17.0
51	110	24.0
51	111	21.0
51	112	10.0
51	113	9.0
51	114	19.0
51	115	12.0
51	116	18.0
51	117	17.0
51	118	14.0
51	119	21.0
51	120	23.0
51	121	20.0
51	122	13.0
52	53	119.0
52	54	106.0
52	55	63.0
52	56	59.0
52	57	55.0
52	58	38.0
52	59	41.0
52	60	50.0
52	61	47.0
52	62	36.0
52	63	33.0
52	64	37.0
52	65	27.0
52	66	33.0
52	67	25.0
52	68	29.0
52	69	26.0
52	70	27.0
52	71	24.0
52	72	23.0
52	73	15.0
52	74	20.0
52	75	24.0
52	76	24.0
52	77	26.0
52	78	22.0
52	79	23.0
52	80	29.0
52	81	20.0
52	82	23.0
52	83	17.0
52	84	20.0
52	85	23.0
52	86	23.0
52	87	14.0
52	88	17.0
52	89	18.0
52	90	17.0
52	91	21.0
52	92	7.0
52	93	11.0
52	94	14.0
52	95	15.0
52	96	14.0
52	97	8.0
52	98	9.0
52	99	17.0
52	100	13.0
52	101	11.0
52	102	15.0
52	103	11.0
52	104	8.0
52	105	15.0
52	106	12.0
52	107	14.0
52	108	18.0
52	109	13.0
52	110	19.0
52	111	13.0
52	112	16.0
52	113	22.0
52	114	15.0
52	115	19.0
52	116	15.0
52	117	25.0
52	118	20.0
52	119	17.0
52	120	20.0
52	121	21.0
52	122	13.0
53	54	154.0
53	55	58.0
53	56	86.0
53	57	51.0
53	58	55.0
53	59	49.0
53	60	42.0
53	61	47.0
53	62	35.0
53	63	39.0
53	64	33.0
53	65	24.0
53	66	25.0
53	67	29.0
53	68	21.0
53	69	25.0
53	70	24.0
53	71	31.0
53	72	25.0
53	73	32.0
53	74	25.0
53	75	28.0
53	76	19.0
53	77	23.0
53	78	23.0
53	79	21.0
53	80	26.0
53	81	21.0
53	82	24.0
53	83	17.0
53	84	30.0
53	85	25.0
53	86	11.0
53	87	22.0
53	88	16.0
53	89	18.0
53	90	16.0
53	91	12.0
53	92	12.0
53	93	16.0
53	94	15.0
53	95	18.0
53	96	16.0
53	97	10.0
53	98	10.0
53	99	11.0
53	100	23.0
53	101	17.0
53	102	13.0
53	103	6.0
53	104	14.0
53	105	9.0
53	106	17.0
53	107	14.0
53	108	14.0
53	109	9.0
53	110	9.0
53	111	18.0
53	112	17.0
53	113	15.0
53	114	22.0
53	115	17.0
53	116	20.0
53	117	16.0
53	118	20.0
53	119	29.0
53	120	18.0
53	121	26.0
53	122	13.0
54	55	105.0
54	56	99.0
54	57	117.0
54	58	98.0
54	59	63.0
54	60	62.0
54	61	79.0
54	62	57.0
54	63	48.0
54	64	39.0
54	65	47.0
54	66	25.0
54	67	40.0
54	68	31.0
54	69	42.0
54	70	33.0
54	71	38.0
54	72	30.0
54	73	29.0
54	74	36.0
54	75	33.0
54	76	32.0
54	77	32.0
54	78	31.0
54	79	35.0
54	80	19.0
54	81	20.0
54	82	26.0
54	83	18.0
54	84	20.0
54	85	23.0
54	86	20.0
54	87	16.0
54	88	14.0
54	89	20.0
54	90	17.0
54	91	15.0
54	92	17.0
54	93	14.0
54	94	17.0
54	95	18.0
54	96	14.0
54	97	13.0
54	98	10.0
54	99	18.0
54	100	18.0
54	101	10.0
54	102	9.0
54	103	17.0
54	104	10.0
54	105	25.0
54	106	13.0
54	107	21.0
54	108	11.0
54	109	16.0
54	110	18.0
54	111	20.0
54	112	13.0
54	113	15.0
54	114	11.0
54	115	17.0
54	116	24.0
54	117	15.0
54	118	19.0
54	119	21.0
54	120	16.0
54	121	23.0
54	122	21.0
55	56	383.0
55	57	76.0
55	58	69.0
55	59	46.0
55	60	48.0
55	61	77.0
55	62	72.0
55	63	49.0
55	64	48.0
55	65	46.0
55	66	33.0
55	67	34.0
55	68	39.0
55	69	32.0
55	70	28.0
55	71	26.0
55	72	28.0
55	73	26.0
55	74	20.0
55	75	25.0
55	76	21.0
55	77	22.0
55	78	19.0
55	79	16.0
55	80	24.0
55	81	20.0
55	82	27.0
55	83	17.0
55	84	27.0
55	85	14.0
55	86	23.0
55	87	16.0
55	88	12.0
55	89	23.0
55	90	15.0
55	91	27.0
55	92	19.0
55	93	24.0
55	94	17.0
55	95	16.0
55	96	16.0
55	97	18.0
55	98	12.0
55	99	8.0
55	100	16.0
55	101	17.0
55	102	19.0
55	103	13.0
55	104	13.0
55	105	15.0
55	106	12.0
55	107	16.0
55	108	19.0
55	109	16.0
55	110	17.0
55	111	16.0
55	112	17.0
55	113	12.0
55	114	17.0
55	115	18.0
55	116	21.0
55	117	20.0
55	118	6.0
55	119	19.0
55	120	18.0
55	121	14.0
55	122	16.0
56	57	86.0
56	58	57.0
56	59	32.0
56	60	55.0
56	61	72.0
56	62	51.0
56	63	49.0
56	64	50.0
56	65	47.0
56	66	40.0
56	67	42.0
56	68	34.0
56	69	34.0
56	70	34.0
56	71	21.0
56	72	29.0
56	73	23.0
56	74	21.0
56	75	32.0
56	76	30.0
56	77	20.0
56	78	27.0
56	79	19.0
56	80	24.0
56	81	23.0
56	82	20.0
56	83	22.0
56	84	31.0
56	85	24.0
56	86	14.0
56	87	13.0
56	88	18.0
56	89	20.0
56	90	13.0
56	91	17.0
56	92	11.0
56	93	18.0
56	94	19.0
56	95	16.0
56	96	19.0
56	97	14.0
56	98	17.0
56	99	9.0
56	100	12.0
56	101	8.0
56	102	4.0
56	103	10.0
56	104	13.0
56	105	19.0
56	106	13.0
56	107	12.0
56	108	20.0
56	109	18.0
56	110	13.0
56	111	12.0
56	112	19.0
56	113	12.0
56	114	18.0
56	115	22.0
56	116	19.0
56	117	12.0
56	118	13.0
56	119	14.0
56	120	20.0
56	121	23.0
56	122	11.0
57	58	138.0
57	59	71.0
57	60	91.0
57	61	119.0
57	62	71.0
57	63	76.0
57	64	55.0
57	65	39.0
57	66	34.0
57	67	55.0
57	68	41.0
57	69	47.0
57	70	47.0
57	71	37.0
57	72	34.0
57	73	34.0
57	74	30.0
57	75	35.0
57	76	33.0
57	77	26.0
57	78	25.0
57	79	23.0
57	80	35.0
57	81	33.0
57	82	30.0
57	83	24.0
57	84	26.0
57	85	29.0
57	86	18.0
57	87	18.0
57	88	19.0
57	89	29.0
57	90	24.0
57	91	25.0
57	92	15.0
57	93	13.0
57	94	23.0
57	95	18.0
57	96	13.0
57	97	23.0
57	98	17.0
57	99	12.0
57	100	21.0
57	101	11.0
57	102	7.0
57	103	11.0
57	104	14.0
57	105	17.0
57	106	13.0
57	107	19.0
57	108	16.0
57	109	17.0
57	110	14.0
57	111	11.0
57	112	13.0
57	113	22.0
57	114	19.0
57	115	24.0
57	116	14.0
57	117	20.0
57	118	17.0
57	119	12.0
57	120	27.0
57	121	9.0
57	122	19.0
58	59	89.0
58	60	105.0
58	61	409.0
58	62	107.0
58	63	69.0
58	64	74.0
58	65	66.0
58	66	46.0
58	67	74.0
58	68	66.0
58	69	59.0
58	70	65.0
58	71	52.0
58	72	41.0
58	73	37.0
58	74	41.0
58	75	36.0
58	76	42.0
58	77	29.0
58	78	31.0
58	79	43.0
58	80	35.0
58	81	39.0
58	82	35.0
58	83	32.0
58	84	29.0
58	85	26.0
58	86	21.0
58	87	16.0
58	88	30.0
58	89	21.0
58	90	26.0
58	91	21.0
58	92	17.0
58	93	21.0
58	94	16.0
58	95	24.0
58	96	21.0
58	97	18.0
58	98	22.0
58	99	16.0
58	100	16.0
58	101	22.0
58	102	8.0
58	103	10.0
58	104	19.0
58	105	18.0
58	106	19.0
58	107	23.0
58	108	19.0
58	109	23.0
58	110	23.0
58	111	19.0
58	112	14.0
58	113	19.0
58	114	28.0
58	115	15.0
58	116	28.0
58	117	24.0
58	118	15.0
58	119	13.0
58	120	23.0
58	121	24.0
58	122	3.0
59	60	377.0
59	61	84.0
59	62	47.0
59	63	53.0
59	64	51.0
59	65	47.0
59	66	35.0
59	67	64.0
59	68	50.0
59	69	51.0
59	70	62.0
59	71	62.0
59	72	63.0
59	73	51.0
59	74	49.0
59	75	43.0
59	76	46.0
59	77	44.0
59	78	44.0
59	79	41.0
59	80	37.0
59	81	46.0
59	82	37.0
59	83	30.0
59	84	38.0
59	85	40.0
59	86	22.0
59	87	22.0
59	88	23.0
59	89	39.0
59	90	25.0
59	91	22.0
59	92	24.0
59	93	29.0
59	94	24.0
59	95	22.0
59	96	21.0
59	97	18.0
59	98	17.0
59	99	27.0
59	100	22.0
59	101	16.0
59	102	22.0
59	103	30.0
59	104	17.0
59	105	22.0
59	106	24.0
59	107	26.0
59	108	26.0
59	109	18.0
59	110	23.0
59	111	18.0
59	112	21.0
59	113	17.0
59	114	28.0
59	115	21.0
59	116	33.0
59	117	26.0
59	118	22.0
59	119	20.0
59	120	20.0
59	121	25.0
59	122	26.0
60	61	70.0
60	62	45.0
60	63	53.0
60	64	49.0
60	65	55.0
60	66	38.0
60	67	55.0
60	68	67.0
60	69	51.0
60	70	58.0
60	71	66.0
60	72	39.0
60	73	40.0
60	74	50.0
60	75	40.0
60	76	43.0
60	77	53.0
60	78	41.0
60	79	43.0
60	80	33.0
60	81	44.0
60	82	31.0
60	83	20.0
60	84	35.0
60	85	32.0
60	86	28.0
60	87	28.0
60	88	22.0
60	89	16.0
60	90	27.0
60	91	18.0
60	92	19.0
60	93	24.0
60	94	24.0
60	95	29.0
60	96	18.0
60	97	17.0
60	98	21.0
60	99	13.0
60	100	17.0
60	101	11.0
60	102	12.0
60	103	15.0
60	104	14.0
60	105	22.0
60	106	26.0
60	107	20.0
60	108	16.0
60	109	25.0
60	110	13.0
60	111	17.0
60	112	17.0
60	113	25.0
60	114	12.0
60	115	25.0
60	116	30.0
60	117	28.0
60	118	23.0
60	119	19.0
60	120	17.0
60	121	28.0
60	122	16.0
61	62	126.0
61	63	83.0
61	64	73.0
61	65	50.0
61	66	49.0
61	67	103.0
61	68	71.0
61	69	64.0
61	70	61.0
61	71	44.0
61	72	37.0
61	73	48.0
61	74	43.0
61	75	42.0
61	76	40.0
61	77	39.0
61	78	36.0
61	79	40.0
61	80	31.0
61	81	30.0
61	82	26.0
61	83	29.0
61	84	33.0
61	85	26.0
61	86	22.0
61	87	24.0
61	88	19.0
61	89	24.0
61	90	22.0
61	91	21.0
61	92	16.0
61	93	18.0
61	94	36.0
61	95	14.0
61	96	14.0
61	97	28.0
61	98	20.0
61	99	13.0
61	100	21.0
61	101	13.0
61	102	6.0
61	103	13.0
61	104	16.0
61	105	20.0
61	106	17.0
61	107	20.0
61	108	16.0
61	109	13.0
61	110	20.0
61	111	18.0
61	112	11.0
61	113	13.0
61	114	20.0
61	115	15.0
61	116	16.0
61	117	21.0
61	118	16.0
61	119	21.0
61	120	20.0
61	121	17.0
61	122	16.0
62	63	156.0
62	64	129.0
62	65	113.0
62	66	106.0
62	67	106.0
62	68	78.0
62	69	52.0
62	70	52.0
62	71	34.0
62	72	37.0
62	73	36.0
62	74	35.0
62	75	30.0
62	76	29.0
62	77	29.0
62	78	27.0
62	79	30.0
62	80	41.0
62	81	34.0
62	82	30.0
62	83	25.0
62	84	27.0
62	85	33.0
62	86	23.0
62	87	32.0
62	88	22.0
62	89	21.0
62	90	25.0
62	91	27.0
62	92	12.0
62	93	23.0
62	94	25.0
62	95	21.0
62	96	17.0
62	97	18.0
62	98	20.0
62	99	12.0
62	100	18.0
62	101	15.0
62	102	10.0
62	103	16.0
62	104	15.0
62	105	20.0
62	106	21.0
62	107	10.0
62	108	15.0
62	109	17.0
62	110	14.0
62	111	17.0
62	112	16.0
62	113	18.0
62	114	16.0
62	115	18.0
62	116	25.0
62	117	14.0
62	118	18.0
62	119	18.0
62	120	16.0
62	121	25.0
62	122	16.0
63	64	379.0
63	65	248.0
63	66	101.0
63	67	98.0
63	68	73.0
63	69	57.0
63	70	31.0
63	71	31.0
63	72	36.0
63	73	39.0
63	74	43.0
63	75	32.0
63	76	45.0
63	77	35.0
63	78	22.0
63	79	41.0
63	80	38.0
63	81	31.0
63	82	36.0
63	83	33.0
63	84	22.0
63	85	30.0
63	86	29.0
63	87	23.0
63	88	30.0
63	89	26.0
63	90	16.0
63	91	26.0
63	92	26.0
63	93	18.0
63	94	23.0
63	95	20.0
63	96	12.0
63	97	16.0
63	98	17.0
63	99	17.0
63	100	17.0
63	101	13.0
63	102	13.0
63	103	15.0
63	104	17.0
63	105	20.0
63	106	16.0
63	107	24.0
63	108	15.0
63	109	19.0
63	110	27.0
63	111	11.0
63	112	13.0
63	113	12.0
63	114	13.0
63	115	26.0
63	116	19.0
63	117	18.0
63	118	18.0
63	119	23.0
63	120	15.0
63	121	18.0
63	122	15.0
64	65	180.0
64	66	86.0
64	67	82.0
64	68	69.0
64	69	63.0
64	70	34.0
64	71	39.0
64	72	31.0
64	73	27.0
64	74	23.0
64	75	37.0
64	76	31.0
64	77	39.0
64	78	27.0
64	79	40.0
64	80	37.0
64	81	38.0
64	82	23.0
64	83	28.0
64	84	35.0
64	85	41.0
64	86	32.0
64	87	22.0
64	88	28.0
64	89	25.0
64	90	20.0
64	91	21.0
64	92	23.0
64	93	27.0
64	94	23.0
64	95	13.0
64	96	15.0
64	97	9.0
64	98	21.0
64	99	9.0
64	100	19.0
64	101	24.0
64	102	13.0
64	103	18.0
64	104	16.0
64	105	16.0
64	106	16.0
64	107	21.0
64	108	19.0
64	109	24.0
64	110	18.0
64	111	9.0
64	112	8.0
64	113	14.0
64	114	10.0
64	115	22.0
64	116	32.0
64	117	13.0
64	118	14.0
64	119	20.0
64	120	15.0
64	121	12.0
64	122	12.0
65	66	159.0
65	67	81.0
65	68	72.0
65	69	56.0
65	70	42.0
65	71	29.0
65	72	34.0
65	73	30.0
65	74	28.0
65	75	34.0
65	76	31.0
65	77	32.0
65	78	29.0
65	79	38.0
65	80	39.0
65	81	25.0
65	82	16.0
65	83	28.0
65	84	27.0
65	85	24.0
65	86	20.0
65	87	30.0
65	88	25.0
65	89	31.0
65	90	19.0
65	91	21.0
65	92	18.0
65	93	28.0
65	94	20.0
65	95	18.0
65	96	19.0
65	97	19.0
65	98	18.0
65	99	13.0
65	100	14.0
65	101	18.0
65	102	13.0
65	103	14.0
65	104	17.0
65	105	15.0
65	106	18.0
65	107	14.0
65	108	13.0
65	109	20.0
65	110	16.0
65	111	18.0
65	112	15.0
65	113	17.0
65	114	14.0
65	115	9.0
65	116	18.0
65	117	21.0
65	118	19.0
65	119	17.0
65	120	14.0
65	121	18.0
65	122	19.0
66	67	105.0
66	68	93.0
66	69	65.0
66	70	41.0
66	71	41.0
66	72	24.0
66	73	35.0
66	74	43.0
66	75	38.0
66	76	29.0
66	77	26.0
66	78	23.0
66	79	23.0
66	80	39.0
66	81	30.0
66	82	30.0
66	83	32.0
66	84	28.0
66	85	25.0
66	86	23.0
66	87	27.0
66	88	26.0
66	89	25.0
66	90	21.0
66	91	25.0
66	92	21.0
66	93	24.0
66	94	25.0
66	95	19.0
66	96	21.0
66	97	13.0
66	98	8.0
66	99	17.0
66	100	18.0
66	101	19.0
66	102	11.0
66	103	15.0
66	104	13.0
66	105	16.0
66	106	19.0
66	107	16.0
66	108	16.0
66	109	13.0
66	110	17.0
66	111	19.0
66	112	21.0
66	113	12.0
66	114	12.0
66	115	14.0
66	116	23.0
66	117	25.0
66	118	16.0
66	119	15.0
66	120	11.0
66	121	20.0
66	122	16.0
67	68	475.0
67	69	146.0
67	70	67.0
67	71	37.0
67	72	44.0
67	73	48.0
67	74	54.0
67	75	45.0
67	76	55.0
67	77	54.0
67	78	52.0
67	79	61.0
67	80	46.0
67	81	40.0
67	82	43.0
67	83	33.0
67	84	33.0
67	85	36.0
67	86	34.0
67	87	37.0
67	88	30.0
67	89	30.0
67	90	27.0
67	91	44.0
67	92	26.0
67	93	26.0
67	94	25.0
67	95	21.0
67	96	21.0
67	97	15.0
67	98	20.0
67	99	19.0
67	100	26.0
67	101	13.0
67	102	20.0
67	103	10.0
67	104	17.0
67	105	19.0
67	106	16.0
67	107	15.0
67	108	17.0
67	109	21.0
67	110	17.0
67	111	15.0
67	112	22.0
67	113	13.0
67	114	27.0
67	115	22.0
67	116	31.0
67	117	24.0
67	118	18.0
67	119	24.0
67	120	17.0
67	121	24.0
67	122	21.0
68	69	196.0
68	70	82.0
68	71	36.0
68	72	54.0
68	73	57.0
68	74	47.0
68	75	60.0
68	76	46.0
68	77	59.0
68	78	54.0
68	79	58.0
68	80	51.0
68	81	41.0
68	82	42.0
68	83	50.0
68	84	28.0
68	85	44.0
68	86	36.0
68	87	40.0
68	88	29.0
68	89	29.0
68	90	32.0
68	91	26.0
68	92	32.0
68	93	27.0
68	94	23.0
68	95	36.0
68	96	28.0
68	97	26.0
68	98	21.0
68	99	28.0
68	100	28.0
68	101	18.0
68	102	17.0
68	103	16.0
68	104	11.0
68	105	21.0
68	106	18.0
68	107	18.0
68	108	22.0
68	109	25.0
68	110	16.0
68	111	18.0
68	112	20.0
68	113	20.0
68	114	21.0
68	115	32.0
68	116	30.0
68	117	26.0
68	118	23.0
68	119	24.0
68	120	21.0
68	121	13.0
68	122	29.0
69	70	111.0
69	71	47.0
69	72	70.0
69	73	68.0
69	74	56.0
69	75	70.0
69	76	69.0
69	77	58.0
69	78	83.0
69	79	50.0
69	80	65.0
69	81	52.0
69	82	62.0
69	83	51.0
69	84	45.0
69	85	44.0
69	86	43.0
69	87	31.0
69	88	25.0
69	89	43.0
69	90	31.0
69	91	28.0
69	92	24.0
69	93	31.0
69	94	29.0
69	95	22.0
69	96	20.0
69	97	18.0
69	98	24.0
69	99	17.0
69	100	16.0
69	101	21.0
69	102	22.0
69	103	15.0
69	104	16.0
69	105	15.0
69	106	16.0
69	107	16.0
69	108	22.0
69	109	18.0
69	110	20.0
69	111	11.0
69	112	14.0
69	113	20.0
69	114	24.0
69	115	14.0
69	116	24.0
69	117	25.0
69	118	24.0
69	119	22.0
69	120	24.0
69	121	19.0
69	122	21.0
70	71	92.0
70	72	103.0
70	73	201.0
70	74	115.0
70	75	115.0
70	76	154.0
70	77	88.0
70	78	93.0
70	79	75.0
70	80	89.0
70	81	83.0
70	82	73.0
70	83	75.0
70	84	67.0
70	85	65.0
70	86	44.0
70	87	38.0
70	88	29.0
70	89	43.0
70	90	40.0
70	91	31.0
70	92	33.0
70	93	36.0
70	94	45.0
70	95	28.0
70	96	34.0
70	97	30.0
70	98	31.0
70	99	33.0
70	100	31.0
70	101	29.0
70	102	24.0
70	103	13.0
70	104	20.0
70	105	25.0
70	106	31.0
70	107	17.0
70	108	20.0
70	109	21.0
70	110	22.0
70	111	25.0
70	112	23.0
70	113	20.0
70	114	35.0
70	115	19.0
70	116	37.0
70	117	34.0
70	118	33.0
70	119	28.0
70	120	31.0
70	121	32.0
70	122	32.0
71	72	446.0
71	73	78.0
71	74	132.0
71	75	57.0
71	76	90.0
71	77	140.0
71	78	56.0
71	79	51.0
71	80	59.0
71	81	100.0
71	82	52.0
71	83	40.0
71	84	66.0
71	85	36.0
71	86	44.0
71	87	22.0
71	88	24.0
71	89	24.0
71	90	49.0
71	91	38.0
71	92	25.0
71	93	38.0
71	94	32.0
71	95	34.0
71	96	36.0
71	97	19.0
71	98	21.0
71	99	35.0
71	100	28.0
71	101	25.0
71	102	15.0
71	103	24.0
71	104	25.0
71	105	31.0
71	106	31.0
71	107	42.0
71	108	38.0
71	109	38.0
71	110	29.0
71	111	22.0
71	112	26.0
71	113	28.0
71	114	32.0
71	115	36.0
71	116	50.0
71	117	25.0
71	118	30.0
71	119	25.0
71	120	27.0
71	121	37.0
71	122	30.0
72	73	110.0
72	74	150.0
72	75	75.0
72	76	103.0
72	77	171.0
72	78	79.0
72	79	56.0
72	80	72.0
72	81	79.0
72	82	67.0
72	83	51.0
72	84	65.0
72	85	54.0
72	86	37.0
72	87	28.0
72	88	25.0
72	89	44.0
72	90	45.0
72	91	50.0
72	92	34.0
72	93	30.0
72	94	34.0
72	95	44.0
72	96	23.0
72	97	15.0
72	98	31.0
72	99	33.0
72	100	29.0
72	101	31.0
72	102	16.0
72	103	19.0
72	104	20.0
72	105	27.0
72	106	27.0
72	107	31.0
72	108	27.0
72	109	32.0
72	110	29.0
72	111	22.0
72	112	29.0
72	113	22.0
72	114	30.0
72	115	32.0
72	116	54.0
72	117	45.0
72	118	34.0
72	119	22.0
72	120	31.0
72	121	33.0
72	122	21.0
73	74	190.0
73	75	120.0
73	76	296.0
73	77	224.0
73	78	106.0
73	79	79.0
73	80	114.0
73	81	149.0
73	82	98.0
73	83	94.0
73	84	111.0
73	85	79.0
73	86	55.0
73	87	46.0
73	88	32.0
73	89	50.0
73	90	58.0
73	91	42.0
73	92	38.0
73	93	45.0
73	94	42.0
73	95	39.0
73	96	29.0
73	97	31.0
73	98	31.0
73	99	31.0
73	100	28.0
73	101	29.0
73	102	16.0
73	103	17.0
73	104	21.0
73	105	44.0
73	106	28.0
73	107	36.0
73	108	32.0
73	109	29.0
73	110	33.0
73	111	17.0
73	112	21.0
73	113	23.0
73	114	26.0
73	115	32.0
73	116	43.0
73	117	38.0
73	118	27.0
73	119	32.0
73	120	31.0
73	121	34.0
73	122	19.0
74	75	148.0
74	76	212.0
74	77	265.0
74	78	127.0
74	79	67.0
74	80	77.0
74	81	185.0
74	82	103.0
74	83	71.0
74	84	100.0
74	85	89.0
74	86	58.0
74	87	38.0
74	88	44.0
74	89	48.0
74	90	51.0
74	91	39.0
74	92	41.0
74	93	29.0
74	94	47.0
74	95	32.0
74	96	33.0
74	97	31.0
74	98	24.0
74	99	28.0
74	100	39.0
74	101	34.0
74	102	19.0
74	103	20.0
74	104	24.0
74	105	31.0
74	106	41.0
74	107	37.0
74	108	32.0
74	109	34.0
74	110	37.0
74	111	29.0
74	112	20.0
74	113	33.0
74	114	36.0
74	115	50.0
74	116	54.0
74	117	43.0
74	118	33.0
74	119	32.0
74	120	34.0
74	121	38.0
74	122	34.0
75	76	260.0
75	77	110.0
75	78	219.0
75	79	94.0
75	80	136.0
75	81	99.0
75	82	99.0
75	83	83.0
75	84	97.0
75	85	91.0
75	86	61.0
75	87	32.0
75	88	38.0
75	89	37.0
75	90	44.0
75	91	42.0
75	92	46.0
75	93	37.0
75	94	46.0
75	95	45.0
75	96	31.0
75	97	25.0
75	98	27.0
75	99	25.0
75	100	30.0
75	101	26.0
75	102	29.0
75	103	11.0
75	104	17.0
75	105	21.0
75	106	32.0
75	107	43.0
75	108	31.0
75	109	21.0
75	110	29.0
75	111	26.0
75	112	23.0
75	113	18.0
75	114	34.0
75	115	25.0
75	116	26.0
75	117	48.0
75	118	37.0
75	119	28.0
75	120	27.0
75	121	39.0
75	122	31.0
76	77	153.0
76	78	167.0
76	79	91.0
76	80	108.0
76	81	152.0
76	82	90.0
76	83	81.0
76	84	100.0
76	85	100.0
76	86	64.0
76	87	39.0
76	88	40.0
76	89	43.0
76	90	49.0
76	91	45.0
76	92	29.0
76	93	41.0
76	94	44.0
76	95	45.0
76	96	27.0
76	97	23.0
76	98	22.0
76	99	27.0
76	100	36.0
76	101	27.0
76	102	21.0
76	103	20.0
76	104	27.0
76	105	30.0
76	106	41.0
76	107	31.0
76	108	34.0
76	109	31.0
76	110	27.0
76	111	28.0
76	112	25.0
76	113	24.0
76	114	24.0
76	115	27.0
76	116	37.0
76	117	38.0
76	118	29.0
76	119	26.0
76	120	37.0
76	121	20.0
76	122	22.0
77	78	108.0
77	79	62.0
77	80	77.0
77	81	161.0
77	82	84.0
77	83	75.0
77	84	99.0
77	85	75.0
77	86	54.0
77	87	36.0
77	88	37.0
77	89	52.0
77	90	52.0
77	91	57.0
77	92	34.0
77	93	40.0
77	94	40.0
77	95	28.0
77	96	38.0
77	97	26.0
77	98	25.0
77	99	33.0
77	100	44.0
77	101	33.0
77	102	21.0
77	103	24.0
77	104	38.0
77	105	25.0
77	106	33.0
77	107	32.0
77	108	49.0
77	109	32.0
77	110	24.0
77	111	29.0
77	112	23.0
77	113	26.0
77	114	34.0
77	115	40.0
77	116	49.0
77	117	27.0
77	118	37.0
77	119	36.0
77	120	31.0
77	121	27.0
77	122	31.0
78	79	127.0
78	80	202.0
78	81	192.0
78	82	193.0
78	83	119.0
78	84	192.0
78	85	129.0
78	86	69.0
78	87	41.0
78	88	40.0
78	89	54.0
78	90	86.0
78	91	55.0
78	92	45.0
78	93	61.0
78	94	40.0
78	95	61.0
78	96	45.0
78	97	32.0
78	98	43.0
78	99	37.0
78	100	35.0
78	101	37.0
78	102	22.0
78	103	25.0
78	104	24.0
78	105	26.0
78	106	38.0
78	107	24.0
78	108	44.0
78	109	37.0
78	110	23.0
78	111	21.0
78	112	28.0
78	113	20.0
78	114	28.0
78	115	30.0
78	116	41.0
78	117	32.0
78	118	33.0
78	119	28.0
78	120	31.0
78	121	32.0
78	122	24.0
79	80	228.0
79	81	80.0
79	82	99.0
79	83	74.0
79	84	93.0
79	85	132.0
79	86	85.0
79	87	59.0
79	88	45.0
79	89	66.0
79	90	50.0
79	91	46.0
79	92	50.0
79	93	45.0
79	94	56.0
79	95	52.0
79	96	37.0
79	97	42.0
79	98	37.0
79	99	51.0
79	100	29.0
79	101	37.0
79	102	16.0
79	103	15.0
79	104	19.0
79	105	37.0
79	106	25.0
79	107	23.0
79	108	34.0
79	109	25.0
79	110	18.0
79	111	28.0
79	112	25.0
79	113	28.0
79	114	21.0
79	115	26.0
79	116	34.0
79	117	31.0
79	118	29.0
79	119	25.0
79	120	29.0
79	121	23.0
79	122	20.0
80	81	106.0
80	82	136.0
80	83	131.0
80	84	132.0
80	85	225.0
80	86	90.0
80	87	53.0
80	88	39.0
80	89	62.0
80	90	73.0
80	91	40.0
80	92	35.0
80	93	38.0
80	94	56.0
80	95	52.0
80	96	35.0
80	97	37.0
80	98	30.0
80	99	24.0
80	100	32.0
80	101	29.0
80	102	20.0
80	103	21.0
80	104	30.0
80	105	25.0
80	106	33.0
80	107	46.0
80	108	30.0
80	109	29.0
80	110	32.0
80	111	31.0
80	112	29.0
80	113	25.0
80	114	31.0
80	115	34.0
80	116	22.0
80	117	31.0
80	118	27.0
80	119	28.0
80	120	22.0
80	121	34.0
80	122	20.0
81	82	190.0
81	83	104.0
81	84	212.0
81	85	108.0
81	86	66.0
81	87	46.0
81	88	45.0
81	89	58.0
81	90	86.0
81	91	71.0
81	92	41.0
81	93	51.0
81	94	50.0
81	95	55.0
81	96	35.0
81	97	36.0
81	98	49.0
81	99	48.0
81	100	40.0
81	101	41.0
81	102	20.0
81	103	29.0
81	104	40.0
81	105	39.0
81	106	46.0
81	107	46.0
81	108	48.0
81	109	35.0
81	110	31.0
81	111	37.0
81	112	28.0
81	113	32.0
81	114	44.0
81	115	45.0
81	116	49.0
81	117	52.0
81	118	37.0
81	119	30.0
81	120	27.0
81	121	42.0
81	122	31.0
82	83	277.0
82	84	392.0
82	85	280.0
82	86	126.0
82	87	57.0
82	88	48.0
82	89	84.0
82	90	89.0
82	91	71.0
82	92	60.0
82	93	61.0
82	94	75.0
82	95	53.0
82	96	61.0
82	97	31.0
82	98	31.0
82	99	35.0
82	100	37.0
82	101	30.0
82	102	23.0
82	103	22.0
82	104	26.0
82	105	28.0
82	106	42.0
82	107	42.0
82	108	38.0
82	109	34.0
82	110	27.0
82	111	24.0
82	112	27.0
82	113	23.0
82	114	22.0
82	115	46.0
82	116	29.0
82	117	34.0
82	118	39.0
82	119	30.0
82	120	21.0
82	121	39.0
82	122	32.0
83	84	199.0
83	85	347.0
83	86	180.0
83	87	58.0
83	88	61.0
83	89	135.0
83	90	134.0
83	91	81.0
83	92	64.0
83	93	63.0
83	94	82.0
83	95	70.0
83	96	53.0
83	97	49.0
83	98	33.0
83	99	48.0
83	100	53.0
83	101	37.0
83	102	24.0
83	103	24.0
83	104	27.0
83	105	46.0
83	106	35.0
83	107	34.0
83	108	20.0
83	109	34.0
83	110	30.0
83	111	31.0
83	112	18.0
83	113	25.0
83	114	37.0
83	115	30.0
83	116	38.0
83	117	35.0
83	118	41.0
83	119	29.0
83	120	32.0
83	121	30.0
83	122	22.0
84	85	211.0
84	86	115.0
84	87	35.0
84	88	47.0
84	89	80.0
84	90	113.0
84	91	74.0
84	92	58.0
84	93	69.0
84	94	71.0
84	95	57.0
84	96	46.0
84	97	37.0
84	98	39.0
84	99	39.0
84	100	51.0
84	101	42.0
84	102	26.0
84	103	16.0
84	104	24.0
84	105	47.0
84	106	46.0
84	107	41.0
84	108	44.0
84	109	38.0
84	110	37.0
84	111	33.0
84	112	35.0
84	113	26.0
84	114	47.0
84	115	37.0
84	116	43.0
84	117	33.0
84	118	42.0
84	119	37.0
84	120	30.0
84	121	41.0
84	122	30.0
85	86	172.0
85	87	59.0
85	88	53.0
85	89	93.0
85	90	88.0
85	91	65.0
85	92	57.0
85	93	69.0
85	94	76.0
85	95	62.0
85	96	55.0
85	97	41.0
85	98	33.0
85	99	39.0
85	100	40.0
85	101	38.0
85	102	26.0
85	103	24.0
85	104	24.0
85	105	23.0
85	106	34.0
85	107	28.0
85	108	40.0
85	109	19.0
85	110	32.0
85	111	31.0
85	112	26.0
85	113	28.0
85	114	31.0
85	115	32.0
85	116	27.0
85	117	28.0
85	118	32.0
85	119	29.0
85	120	36.0
85	121	34.0
85	122	41.0
86	87	97.0
86	88	81.0
86	89	286.0
86	90	114.0
86	91	90.0
86	92	67.0
86	93	83.0
86	94	70.0
86	95	81.0
86	96	64.0
86	97	28.0
86	98	44.0
86	99	44.0
86	100	56.0
86	101	36.0
86	102	28.0
86	103	20.0
86	104	34.0
86	105	51.0
86	106	59.0
86	107	40.0
86	108	30.0
86	109	33.0
86	110	28.0
86	111	21.0
86	112	24.0
86	113	24.0
86	114	32.0
86	115	30.0
86	116	40.0
86	117	47.0
86	118	37.0
86	119	24.0
86	120	37.0
86	121	26.0
86	122	31.0
87	88	620.0
87	89	108.0
87	90	45.0
87	91	46.0
87	92	63.0
87	93	62.0
87	94	54.0
87	95	52.0
87	96	50.0
87	97	30.0
87	98	46.0
87	99	40.0
87	100	29.0
87	101	28.0
87	102	19.0
87	103	24.0
87	104	25.0
87	105	24.0
87	106	30.0
87	107	27.0
87	108	18.0
87	109	20.0
87	110	29.0
87	111	19.0
87	112	23.0
87	113	24.0
87	114	25.0
87	115	32.0
87	116	26.0
87	117	27.0
87	118	25.0
87	119	23.0
87	120	20.0
87	121	24.0
87	122	21.0
88	89	97.0
88	90	46.0
88	91	43.0
88	92	68.0
88	93	71.0
88	94	46.0
88	95	58.0
88	96	49.0
88	97	41.0
88	98	40.0
88	99	33.0
88	100	22.0
88	101	31.0
88	102	24.0
88	103	29.0
88	104	17.0
88	105	24.0
88	106	27.0
88	107	29.0
88	108	30.0
88	109	12.0
88	110	21.0
88	111	26.0
88	112	22.0
88	113	24.0
88	114	20.0
88	115	29.0
88	116	29.0
88	117	14.0
88	118	24.0
88	119	21.0
88	120	13.0
88	121	21.0
88	122	13.0
89	90	93.0
89	91	97.0
89	92	93.0
89	93	121.0
89	94	76.0
89	95	83.0
89	96	75.0
89	97	48.0
89	98	44.0
89	99	59.0
89	100	50.0
89	101	23.0
89	102	27.0
89	103	28.0
89	104	30.0
89	105	32.0
89	106	28.0
89	107	29.0
89	108	31.0
89	109	33.0
89	110	22.0
89	111	28.0
89	112	25.0
89	113	19.0
89	114	24.0
89	115	31.0
89	116	40.0
89	117	29.0
89	118	27.0
89	119	24.0
89	120	32.0
89	121	30.0
89	122	23.0
90	91	226.0
90	92	81.0
90	93	125.0
90	94	131.0
90	95	109.0
90	96	82.0
90	97	53.0
90	98	61.0
90	99	66.0
90	100	62.0
90	101	48.0
90	102	23.0
90	103	23.0
90	104	42.0
90	105	49.0
90	106	51.0
90	107	45.0
90	108	42.0
90	109	49.0
90	110	35.0
90	111	33.0
90	112	24.0
90	113	28.0
90	114	40.0
90	115	41.0
90	116	42.0
90	117	50.0
90	118	45.0
90	119	39.0
90	120	29.0
90	121	29.0
90	122	30.0
91	92	76.0
91	93	135.0
91	94	140.0
91	95	94.0
91	96	74.0
91	97	51.0
91	98	59.0
91	99	86.0
91	100	64.0
91	101	46.0
91	102	25.0
91	103	36.0
91	104	57.0
91	105	52.0
91	106	52.0
91	107	62.0
91	108	57.0
91	109	46.0
91	110	61.0
91	111	22.0
91	112	37.0
91	113	41.0
91	114	47.0
91	115	69.0
91	116	51.0
91	117	50.0
91	118	57.0
91	119	42.0
91	120	37.0
91	121	39.0
91	122	27.0
92	93	280.0
92	94	141.0
92	95	160.0
92	96	185.0
92	97	75.0
92	98	91.0
92	99	81.0
92	100	83.0
92	101	42.0
92	102	24.0
92	103	36.0
92	104	26.0
92	105	38.0
92	106	39.0
92	107	39.0
92	108	30.0
92	109	31.0
92	110	31.0
92	111	33.0
92	112	32.0
92	113	31.0
92	114	31.0
92	115	41.0
92	116	31.0
92	117	38.0
92	118	47.0
92	119	39.0
92	120	29.0
92	121	32.0
92	122	20.0
93	94	130.0
93	95	136.0
93	96	135.0
93	97	58.0
93	98	97.0
93	99	106.0
93	100	85.0
93	101	50.0
93	102	37.0
93	103	29.0
93	104	36.0
93	105	46.0
93	106	37.0
93	107	34.0
93	108	39.0
93	109	29.0
93	110	40.0
93	111	35.0
93	112	44.0
93	113	28.0
93	114	35.0
93	115	35.0
93	116	39.0
93	117	34.0
93	118	28.0
93	119	32.0
93	120	20.0
93	121	26.0
93	122	25.0
94	95	266.0
94	96	136.0
94	97	51.0
94	98	103.0
94	99	98.0
94	100	69.0
94	101	55.0
94	102	44.0
94	103	24.0
94	104	41.0
94	105	66.0
94	106	60.0
94	107	59.0
94	108	60.0
94	109	52.0
94	110	42.0
94	111	29.0
94	112	33.0
94	113	41.0
94	114	28.0
94	115	42.0
94	116	48.0
94	117	42.0
94	118	46.0
94	119	38.0
94	120	36.0
94	121	33.0
94	122	35.0
95	96	178.0
95	97	92.0
95	98	84.0
95	99	96.0
95	100	97.0
95	101	48.0
95	102	36.0
95	103	31.0
95	104	46.0
95	105	49.0
95	106	53.0
95	107	42.0
95	108	48.0
95	109	39.0
95	110	47.0
95	111	47.0
95	112	34.0
95	113	32.0
95	114	43.0
95	115	33.0
95	116	50.0
95	117	34.0
95	118	43.0
95	119	31.0
95	120	32.0
95	121	28.0
95	122	25.0
96	97	122.0
96	98	120.0
96	99	111.0
96	100	98.0
96	101	43.0
96	102	45.0
96	103	33.0
96	104	34.0
96	105	38.0
96	106	42.0
96	107	51.0
96	108	31.0
96	109	38.0
96	110	34.0
96	111	33.0
96	112	29.0
96	113	42.0
96	114	39.0
96	115	28.0
96	116	28.0
96	117	41.0
96	118	37.0
96	119	30.0
96	120	25.0
96	121	37.0
96	122	28.0
97	98	110.0
97	99	104.0
97	100	70.0
97	101	40.0
97	102	47.0
97	103	41.0
97	104	46.0
97	105	33.0
97	106	52.0
97	107	46.0
97	108	32.0
97	109	49.0
97	110	32.0
97	111	40.0
97	112	36.0
97	113	27.0
97	114	32.0
97	115	28.0
97	116	21.0
97	117	28.0
97	118	30.0
97	119	23.0
97	120	23.0
97	121	30.0
97	122	28.0
98	99	291.0
98	100	188.0
98	101	60.0
98	102	41.0
98	103	37.0
98	104	48.0
98	105	77.0
98	106	77.0
98	107	59.0
98	108	41.0
98	109	54.0
98	110	42.0
98	111	35.0
98	112	46.0
98	113	42.0
98	114	33.0
98	115	47.0
98	116	27.0
98	117	37.0
98	118	58.0
98	119	38.0
98	120	33.0
98	121	37.0
98	122	31.0
99	100	190.0
99	101	80.0
99	102	52.0
99	103	40.0
99	104	46.0
99	105	73.0
99	106	81.0
99	107	51.0
99	108	63.0
99	109	65.0
99	110	56.0
99	111	48.0
99	112	40.0
99	113	23.0
99	114	55.0
99	115	43.0
99	116	37.0
99	117	55.0
99	118	41.0
99	119	41.0
99	120	36.0
99	121	39.0
99	122	30.0
100	101	88.0
100	102	55.0
100	103	51.0
100	104	72.0
100	105	84.0
100	106	118.0
100	107	93.0
100	108	60.0
100	109	53.0
100	110	57.0
100	111	47.0
100	112	47.0
100	113	46.0
100	114	49.0
100	115	54.0
100	116	39.0
100	117	56.0
100	118	72.0
100	119	43.0
100	120	38.0
100	121	38.0
100	122	44.0
101	102	106.0
101	103	85.0
101	104	112.0
101	105	66.0
101	106	124.0
101	107	128.0
101	108	51.0
101	109	69.0
101	110	51.0
101	111	67.0
101	112	84.0
101	113	77.0
101	114	60.0
101	115	35.0
101	116	44.0
101	117	42.0
101	118	62.0
101	119	71.0
101	120	49.0
101	121	45.0
101	122	40.0
102	103	235.0
102	104	103.0
102	105	57.0
102	106	64.0
102	107	55.0
102	108	32.0
102	109	42.0
102	110	37.0
102	111	66.0
102	112	56.0
102	113	58.0
102	114	46.0
102	115	26.0
102	116	32.0
102	117	31.0
102	118	41.0
102	119	44.0
102	120	28.0
102	121	39.0
102	122	38.0
103	104	112.0
103	105	54.0
103	106	53.0
103	107	50.0
103	108	32.0
103	109	48.0
103	110	55.0
103	111	51.0
103	112	48.0
103	113	70.0
103	114	51.0
103	115	31.0
103	116	15.0
103	117	22.0
103	118	39.0
103	119	53.0
103	120	42.0
103	121	31.0
103	122	36.0
104	105	96.0
104	106	78.0
104	107	78.0
104	108	71.0
104	109	72.0
104	110	46.0
104	111	95.0
104	112	86.0
104	113	72.0
104	114	67.0
104	115	45.0
104	116	46.0
104	117	43.0
104	118	71.0
104	119	57.0
104	120	51.0
104	121	59.0
104	122	54.0
105	106	137.0
105	107	96.0
105	108	155.0
105	109	244.0
105	110	183.0
105	111	127.0
105	112	95.0
105	113	85.0
105	114	116.0
105	115	91.0
105	116	59.0
105	117	78.0
105	118	93.0
105	119	52.0
105	120	52.0
105	121	71.0
105	122	50.0
106	107	233.0
106	108	111.0
106	109	120.0
106	110	90.0
106	111	71.0
106	112	86.0
106	113	75.0
106	114	110.0
106	115	65.0
106	116	58.0
106	117	56.0
106	118	92.0
106	119	57.0
106	120	53.0
106	121	57.0
106	122	43.0
107	108	97.0
107	109	126.0
107	110	76.0
107	111	80.0
107	112	94.0
107	113	122.0
107	114	116.0
107	115	64.0
107	116	48.0
107	117	62.0
107	118	123.0
107	119	100.0
107	120	67.0
107	121	77.0
107	122	56.0
108	109	263.0
108	110	189.0
108	111	81.0
108	112	75.0
108	113	66.0
108	114	143.0
108	115	172.0
108	116	108.0
108	117	165.0
108	118	133.0
108	119	54.0
108	120	55.0
108	121	78.0
108	122	55.0
109	110	322.0
109	111	107.0
109	112	97.0
109	113	85.0
109	114	164.0
109	115	126.0
109	116	80.0
109	117	123.0
109	118	104.0
109	119	41.0
109	120	43.0
109	121	101.0
109	122	57.0
110	111	97.0
110	112	91.0
110	113	74.0
110	114	101.0
110	115	175.0
110	116	77.0
110	117	137.0
110	118	99.0
110	119	41.0
110	120	45.0
110	121	76.0
110	122	51.0
111	112	298.0
111	113	91.0
111	114	93.0
111	115	69.0
111	116	36.0
111	117	46.0
111	118	81.0
111	119	58.0
111	120	48.0
111	121	77.0
111	122	59.0
112	113	169.0
112	114	130.0
112	115	68.0
112	116	40.0
112	117	73.0
112	118	103.0
112	119	75.0
112	120	82.0
112	121	75.0
112	122	69.0
113	114	145.0
113	115	58.0
113	116	47.0
113	117	54.0
113	118	129.0
113	119	103.0
113	120	89.0
113	121	87.0
113	122	118.0
114	115	80.0
114	116	74.0
114	117	107.0
114	118	283.0
114	119	88.0
114	120	88.0
114	121	123.0
114	122	71.0
115	116	142.0
115	117	181.0
115	118	65.0
115	119	35.0
115	120	31.0
115	121	55.0
115	122	40.0
116	117	162.0
116	118	61.0
116	119	45.0
116	120	37.0
116	121	62.0
116	122	41.0
117	118	106.0
117	119	53.0
117	120	54.0
117	121	75.0
117	122	54.0
118	119	74.0
118	120	82.0
118	121	115.0
118	122	76.0
119	120	144.0
119	121	68.0
119	122	127.0
120	121	122.0
120	122	279.0
121	122	140.0
