1	2	48.0
1	3	31.0
1	4	23.0
1	5	24.0
1	6	27.0
1	7	22.0
1	8	15.0
1	9	17.0
1	10	16.0
1	11	24.0
1	12	6.0
1	13	13.0
1	14	11.0
1	15	14.0
1	16	15.0
1	17	8.0
1	18	15.0
1	19	18.0
1	20	10.0
1	21	6.0
1	22	7.0
1	23	6.0
1	24	7.0
1	25	9.0
1	26	10.0
1	27	9.0
1	28	7.0
1	29	9.0
1	30	7.0
1	31	6.0
1	32	11.0
1	33	3.0
1	34	9.0
1	35	8.0
1	36	7.0
1	37	8.0
1	38	7.0
1	39	11.0
1	40	9.0
1	41	7.0
1	42	8.0
1	43	2.0
1	44	7.0
1	45	7.0
1	46	6.0
1	47	6.0
1	48	9.0
1	49	12.0
1	50	17.0
1	51	5.0
1	52	7.0
1	53	7.0
1	54	10.0
1	55	12.0
1	56	6.0
1	57	12.0
1	58	9.0
1	59	5.0
1	60	14.0
1	61	6.0
1	62	6.0
1	63	7.0
1	64	8.0
1	65	8.0
1	66	13.0
1	67	10.0
1	68	6.0
1	69	10.0
1	70	13.0
1	71	9.0
1	72	11.0
1	73	12.0
1	74	8.0
1	75	5.0
1	76	6.0
1	77	12.0
1	78	13.0
1	79	16.0
1	80	3.0
1	81	12.0
1	82	15.0
1	83	13.0
1	84	6.0
1	85	10.0
1	86	6.0
1	87	12.0
1	88	7.0
1	89	9.0
1	90	11.0
1	91	9.0
1	92	7.0
1	93	4.0
1	94	11.0
1	95	12.0
1	96	11.0
1	97	13.0
1	98	8.0
1	99	7.0
1	100	15.0
1	101	7.0
1	102	10.0
1	103	10.0
1	104	10.0
1	105	12.0
1	106	18.0
1	107	12.0
1	108	14.0
1	109	12.0
1	110	21.0
1	111	17.0
1	112	17.0
1	113	15.0
1	114	14.0
1	115	19.0
1	116	9.0
1	117	11.0
1	118	12.0
1	119	13.0
1	120	20.0
1	121	13.0
1	122	13.0
2	3	59.0
2	4	32.0
2	5	23.0
2	6	35.0
2	7	41.0
2	8	28.0
2	9	18.0
2	10	28.0
2	11	27.0
2	12	19.0
2	13	18.0
2	14	23.0
2	15	10.0
2	16	14.0
2	17	18.0
2	18	12.0
2	19	18.0
2	20	12.0
2	21	11.0
2	22	15.0
2	23	20.0
2	24	14.0
2	25	16.0
2	26	13.0
2	27	5.0
2	28	10.0
2	29	12.0
2	30	13.0
2	31	12.0
2	32	12.0
2	33	10.0
2	34	6.0
2	35	5.0
2	36	9.0
2	37	6.0
2	38	13.0
2	39	9.0
2	40	6.0
2	41	10.0
2	42	9.0
2	43	9.0
2	44	6.0
2	45	6.0
2	46	12.0
2	47	11.0
2	48	14.0
2	49	17.0
2	50	21.0
2	51	18.0
2	52	13.0
2	53	7.0
2	54	6.0
2	55	17.0
2	56	10.0
2	57	15.0
2	58	14.0
2	59	15.0
2	60	12.0
2	61	13.0
2	62	6.0
2	63	8.0
2	64	9.0
2	65	7.0
2	66	6.0
2	67	10.0
2	68	5.0
2	69	8.0
2	70	8.0
2	71	19.0
2	72	10.0
2	73	14.0
2	74	25.0
2	75	13.0
2	76	14.0
2	77	22.0
2	78	11.0
2	79	2.0
2	80	10.0
2	81	10.0
2	82	14.0
2	83	11.0
2	84	11.0
2	85	11.0
2	86	6.0
2	87	10.0
2	88	8.0
2	89	13.0
2	90	10.0
2	91	11.0
2	92	10.0
2	93	10.0
2	94	9.0
2	95	9.0
2	96	9.0
2	97	13.0
2	98	12.0
2	99	7.0
2	100	11.0
2	101	15.0
2	102	12.0
2	103	9.0
2	104	10.0
2	105	18.0
2	106	8.0
2	107	12.0
2	108	19.0
2	109	10.0
2	110	22.0
2	111	10.0
2	112	15.0
2	113	16.0
2	114	12.0
2	115	19.0
2	116	18.0
2	117	16.0
2	118	15.0
2	119	14.0
2	120	22.0
2	121	11.0
2	122	19.0
3	4	136.0
3	5	66.0
3	6	78.0
3	7	55.0
3	8	46.0
3	9	25.0
3	10	43.0
3	11	44.0
3	12	21.0
3	13	16.0
3	14	24.0
3	15	31.0
3	16	14.0
3	17	29.0
3	18	19.0
3	19	23.0
3	20	14.0
3	21	17.0
3	22	12.0
3	23	21.0
3	24	16.0
3	25	10.0
3	26	9.0
3	27	16.0
3	28	11.0
3	29	12.0
3	30	12.0
3	31	17.0
3	32	7.0
3	33	11.0
3	34	7.0
3	35	6.0
3	36	11.0
3	37	5.0
3	38	6.0
3	39	8.0
3	40	12.0
3	41	12.0
3	42	10.0
3	43	4.0
3	44	5.0
3	45	10.0
3	46	8.0
3	47	16.0
3	48	5.0
3	49	14.0
3	50	20.0
3	51	16.0
3	52	14.0
3	53	16.0
3	54	14.0
3	55	14.0
3	56	13.0
3	57	11.0
3	58	12.0
3	59	18.0
3	60	22.0
3	61	7.0
3	62	13.0
3	63	13.0
3	64	12.0
3	65	7.0
3	66	7.0
3	67	10.0
3	68	9.0
3	69	7.0
3	70	15.0
3	71	13.0
3	72	11.0
3	73	19.0
3	74	14.0
3	75	20.0
3	76	8.0
3	77	10.0
3	78	15.0
3	79	12.0
3	80	13.0
3	81	16.0
3	82	13.0
3	83	7.0
3	84	9.0
3	85	12.0
3	86	11.0
3	87	12.0
3	88	6.0
3	89	9.0
3	90	14.0
3	91	12.0
3	92	9.0
3	93	13.0
3	94	12.0
3	95	11.0
3	96	11.0
3	97	8.0
3	98	15.0
3	99	14.0
3	100	8.0
3	101	12.0
3	102	15.0
3	103	10.0
3	104	11.0
3	105	15.0
3	106	15.0
3	107	16.0
3	108	18.0
3	109	13.0
3	110	22.0
3	111	11.0
3	112	29.0
3	113	13.0
3	114	11.0
3	115	16.0
3	116	24.0
3	117	22.0
3	118	16.0
3	119	13.0
3	120	21.0
3	121	29.0
3	122	20.0
4	5	171.0
4	6	109.0
4	7	120.0
4	8	48.0
4	9	32.0
4	10	31.0
4	11	37.0
4	12	28.0
4	13	21.0
4	14	22.0
4	15	26.0
4	16	29.0
4	17	23.0
4	18	21.0
4	19	18.0
4	20	15.0
4	21	13.0
4	22	17.0
4	23	13.0
4	24	16.0
4	25	9.0
4	26	16.0
4	27	9.0
4	28	5.0
4	29	11.0
4	30	11.0
4	31	11.0
4	32	9.0
4	33	7.0
4	34	11.0
4	35	3.0
4	36	4.0
4	37	7.0
4	38	10.0
4	39	10.0
4	40	4.0
4	41	9.0
4	42	10.0
4	43	8.0
4	44	12.0
4	45	15.0
4	46	10.0
4	47	14.0
4	48	10.0
4	49	15.0
4	50	19.0
4	51	18.0
4	52	15.0
4	53	23.0
4	54	17.0
4	55	7.0
4	56	21.0
4	57	19.0
4	58	12.0
4	59	19.0
4	60	14.0
4	61	13.0
4	62	18.0
4	63	9.0
4	64	12.0
4	65	6.0
4	66	14.0
4	67	9.0
4	68	15.0
4	69	17.0
4	70	10.0
4	71	28.0
4	72	28.0
4	73	17.0
4	74	21.0
4	75	8.0
4	76	16.0
4	77	17.0
4	78	19.0
4	79	18.0
4	80	19.0
4	81	16.0
4	82	20.0
4	83	13.0
4	84	14.0
4	85	10.0
4	86	14.0
4	87	11.0
4	88	6.0
4	89	10.0
4	90	7.0
4	91	13.0
4	92	11.0
4	93	13.0
4	94	16.0
4	95	8.0
4	96	10.0
4	97	14.0
4	98	8.0
4	99	17.0
4	100	16.0
4	101	12.0
4	102	10.0
4	103	12.0
4	104	10.0
4	105	20.0
4	106	19.0
4	107	17.0
4	108	23.0
4	109	14.0
4	110	29.0
4	111	13.0
4	112	21.0
4	113	16.0
4	114	22.0
4	115	15.0
4	116	17.0
4	117	26.0
4	118	22.0
4	119	21.0
4	120	23.0
4	121	17.0
4	122	23.0
5	6	177.0
5	7	251.0
5	8	58.0
5	9	27.0
5	10	27.0
5	11	39.0
5	12	15.0
5	13	19.0
5	14	13.0
5	15	27.0
5	16	26.0
5	17	27.0
5	18	21.0
5	19	17.0
5	20	22.0
5	21	14.0
5	22	15.0
5	23	19.0
5	24	25.0
5	25	11.0
5	26	10.0
5	27	16.0
5	28	18.0
5	29	13.0
5	30	13.0
5	31	17.0
5	32	8.0
5	33	14.0
5	34	6.0
5	35	3.0
5	36	9.0
5	37	7.0
5	38	7.0
5	39	7.0
5	40	9.0
5	41	7.0
5	42	11.0
5	43	3.0
5	44	14.0
5	45	5.0
5	46	6.0
5	47	8.0
5	48	13.0
5	49	17.0
5	50	22.0
5	51	18.0
5	52	22.0
5	53	16.0
5	54	15.0
5	55	13.0
5	56	12.0
5	57	10.0
5	58	10.0
5	59	19.0
5	60	15.0
5	61	17.0
5	62	12.0
5	63	9.0
5	64	18.0
5	65	16.0
5	66	13.0
5	67	12.0
5	68	19.0
5	69	12.0
5	70	13.0
5	71	24.0
5	72	30.0
5	73	20.0
5	74	12.0
5	75	21.0
5	76	17.0
5	77	20.0
5	78	11.0
5	79	15.0
5	80	11.0
5	81	15.0
5	82	19.0
5	83	15.0
5	84	16.0
5	85	16.0
5	86	17.0
5	87	5.0
5	88	16.0
5	89	9.0
5	90	16.0
5	91	14.0
5	92	6.0
5	93	9.0
5	94	9.0
5	95	8.0
5	96	12.0
5	97	9.0
5	98	11.0
5	99	19.0
5	100	12.0
5	101	13.0
5	102	5.0
5	103	9.0
5	104	11.0
5	105	19.0
5	106	17.0
5	107	21.0
5	108	29.0
5	109	14.0
5	110	19.0
5	111	18.0
5	112	13.0
5	113	10.0
5	114	21.0
5	115	21.0
5	116	26.0
5	117	23.0
5	118	15.0
5	119	18.0
5	120	17.0
5	121	24.0
5	122	21.0
6	7	176.0
6	8	52.0
6	9	31.0
6	10	38.0
6	11	42.0
6	12	19.0
6	13	16.0
6	14	21.0
6	15	24.0
6	16	17.0
6	17	21.0
6	18	24.0
6	19	21.0
6	20	11.0
6	21	19.0
6	22	20.0
6	23	16.0
6	24	12.0
6	25	11.0
6	26	18.0
6	27	13.0
6	28	9.0
6	29	12.0
6	30	15.0
6	31	15.0
6	32	5.0
6	33	11.0
6	34	7.0
6	35	3.0
6	36	8.0
6	37	7.0
6	38	6.0
6	39	5.0
6	40	9.0
6	41	13.0
6	42	8.0
6	43	4.0
6	44	8.0
6	45	8.0
6	46	10.0
6	47	9.0
6	48	14.0
6	49	26.0
6	50	20.0
6	51	17.0
6	52	14.0
6	53	17.0
6	54	16.0
6	55	9.0
6	56	15.0
6	57	18.0
6	58	17.0
6	59	16.0
6	60	30.0
6	61	14.0
6	62	20.0
6	63	11.0
6	64	13.0
6	65	14.0
6	66	10.0
6	67	15.0
6	68	13.0
6	69	16.0
6	70	19.0
6	71	17.0
6	72	23.0
6	73	15.0
6	74	13.0
6	75	13.0
6	76	14.0
6	77	29.0
6	78	13.0
6	79	7.0
6	80	13.0
6	81	21.0
6	82	25.0
6	83	11.0
6	84	15.0
6	85	14.0
6	86	10.0
6	87	16.0
6	88	14.0
6	89	13.0
6	90	19.0
6	91	11.0
6	92	10.0
6	93	14.0
6	94	16.0
6	95	13.0
6	96	12.0
6	97	9.0
6	98	18.0
6	99	12.0
6	100	18.0
6	101	14.0
6	102	13.0
6	103	13.0
6	104	14.0
6	105	21.0
6	106	16.0
6	107	11.0
6	108	19.0
6	109	21.0
6	110	13.0
6	111	14.0
6	112	13.0
6	113	12.0
6	114	17.0
6	115	22.0
6	116	18.0
6	117	20.0
6	118	21.0
6	119	20.0
6	120	16.0
6	121	21.0
6	122	13.0
7	8	59.0
7	9	33.0
7	10	30.0
7	11	37.0
7	12	24.0
7	13	24.0
7	14	16.0
7	15	27.0
7	16	23.0
7	17	20.0
7	18	23.0
7	19	9.0
7	20	16.0
7	21	25.0
7	22	17.0
7	23	15.0
7	24	14.0
7	25	22.0
7	26	11.0
7	27	10.0
7	28	11.0
7	29	10.0
7	30	11.0
7	31	11.0
7	32	6.0
7	33	9.0
7	34	7.0
7	35	5.0
7	36	5.0
7	37	8.0
7	38	8.0
7	39	10.0
7	40	8.0
7	41	15.0
7	42	15.0
7	43	8.0
7	44	10.0
7	45	16.0
7	46	10.0
7	47	17.0
7	48	11.0
7	49	24.0
7	50	24.0
7	51	18.0
7	52	19.0
7	53	17.0
7	54	14.0
7	55	19.0
7	56	15.0
7	57	16.0
7	58	15.0
7	59	17.0
7	60	24.0
7	61	17.0
7	62	9.0
7	63	14.0
7	64	10.0
7	65	11.0
7	66	13.0
7	67	9.0
7	68	8.0
7	69	19.0
7	70	16.0
7	71	23.0
7	72	30.0
7	73	16.0
7	74	19.0
7	75	19.0
7	76	20.0
7	77	21.0
7	78	19.0
7	79	13.0
7	80	16.0
7	81	11.0
7	82	17.0
7	83	17.0
7	84	19.0
7	85	8.0
7	86	15.0
7	87	7.0
7	88	8.0
7	89	19.0
7	90	12.0
7	91	13.0
7	92	13.0
7	93	7.0
7	94	15.0
7	95	15.0
7	96	10.0
7	97	15.0
7	98	7.0
7	99	10.0
7	100	16.0
7	101	21.0
7	102	9.0
7	103	9.0
7	104	11.0
7	105	18.0
7	106	16.0
7	107	15.0
7	108	28.0
7	109	32.0
7	110	17.0
7	111	14.0
7	112	20.0
7	113	15.0
7	114	25.0
7	115	20.0
7	116	26.0
7	117	25.0
7	118	21.0
7	119	20.0
7	120	17.0
7	121	28.0
7	122	22.0
8	9	56.0
8	10	68.0
8	11	85.0
8	12	36.0
8	13	22.0
8	14	26.0
8	15	15.0
8	16	17.0
8	17	25.0
8	18	24.0
8	19	17.0
8	20	21.0
8	21	11.0
8	22	9.0
8	23	17.0
8	24	16.0
8	25	12.0
8	26	17.0
8	27	9.0
8	28	18.0
8	29	9.0
8	30	9.0
8	31	14.0
8	32	14.0
8	33	9.0
8	34	7.0
8	35	12.0
8	36	4.0
8	37	5.0
8	38	6.0
8	39	7.0
8	40	12.0
8	41	13.0
8	42	11.0
8	43	12.0
8	44	10.0
8	45	13.0
8	46	12.0
8	47	7.0
8	48	11.0
8	49	16.0
8	50	12.0
8	51	19.0
8	52	21.0
8	53	14.0
8	54	17.0
8	55	14.0
8	56	17.0
8	57	14.0
8	58	15.0
8	59	16.0
8	60	18.0
8	61	14.0
8	62	15.0
8	63	14.0
8	64	9.0
8	65	19.0
8	66	9.0
8	67	12.0
8	68	12.0
8	69	12.0
8	70	18.0
8	71	27.0
8	72	22.0
8	73	26.0
8	74	18.0
8	75	33.0
8	76	16.0
8	77	17.0
8	78	8.0
8	79	20.0
8	80	16.0
8	81	25.0
8	82	19.0
8	83	10.0
8	84	20.0
8	85	17.0
8	86	8.0
8	87	10.0
8	88	8.0
8	89	16.0
8	90	18.0
8	91	18.0
8	92	8.0
8	93	18.0
8	94	23.0
8	95	15.0
8	96	9.0
8	97	8.0
8	98	7.0
8	99	11.0
8	100	12.0
8	101	14.0
8	102	15.0
8	103	11.0
8	104	19.0
8	105	14.0
8	106	16.0
8	107	23.0
8	108	19.0
8	109	13.0
8	110	19.0
8	111	16.0
8	112	25.0
8	113	17.0
8	114	24.0
8	115	21.0
8	116	26.0
8	117	32.0
8	118	24.0
8	119	27.0
8	120	36.0
8	121	27.0
8	122	43.0
9	10	81.0
9	11	55.0
9	12	52.0
9	13	22.0
9	14	31.0
9	15	25.0
9	16	17.0
9	17	29.0
9	18	26.0
9	19	25.0
9	20	18.0
9	21	14.0
9	22	23.0
9	23	25.0
9	24	16.0
9	25	7.0
9	26	10.0
9	27	12.0
9	28	7.0
9	29	10.0
9	30	9.0
9	31	9.0
9	32	5.0
9	33	8.0
9	34	5.0
9	35	5.0
9	36	8.0
9	37	5.0
9	38	3.0
9	39	5.0
9	40	8.0
9	41	12.0
9	42	9.0
9	43	4.0
9	44	7.0
9	45	9.0
9	46	9.0
9	47	9.0
9	48	20.0
9	49	26.0
9	50	15.0
9	51	15.0
9	52	12.0
9	53	15.0
9	54	16.0
9	55	13.0
9	56	13.0
9	57	14.0
9	58	10.0
9	59	19.0
9	60	22.0
9	61	8.0
9	62	9.0
9	63	15.0
9	64	6.0
9	65	20.0
9	66	7.0
9	67	14.0
9	68	11.0
9	69	19.0
9	70	11.0
9	71	16.0
9	72	17.0
9	73	24.0
9	74	16.0
9	75	17.0
9	76	11.0
9	77	25.0
9	78	14.0
9	79	20.0
9	80	14.0
9	81	18.0
9	82	14.0
9	83	9.0
9	84	13.0
9	85	12.0
9	86	6.0
9	87	8.0
9	88	13.0
9	89	14.0
9	90	14.0
9	91	20.0
9	92	12.0
9	93	15.0
9	94	13.0
9	95	16.0
9	96	13.0
9	97	15.0
9	98	15.0
9	99	15.0
9	100	10.0
9	101	15.0
9	102	16.0
9	103	7.0
9	104	12.0
9	105	18.0
9	106	12.0
9	107	12.0
9	108	16.0
9	109	23.0
9	110	14.0
9	111	15.0
9	112	20.0
9	113	21.0
9	114	22.0
9	115	21.0
9	116	21.0
9	117	18.0
9	118	24.0
9	119	23.0
9	120	30.0
9	121	29.0
9	122	30.0
10	11	149.0
10	12	64.0
10	13	33.0
10	14	36.0
10	15	19.0
10	16	32.0
10	17	41.0
10	18	31.0
10	19	38.0
10	20	29.0
10	21	12.0
10	22	23.0
10	23	16.0
10	24	16.0
10	25	12.0
10	26	10.0
10	27	12.0
10	28	15.0
10	29	15.0
10	30	14.0
10	31	11.0
10	32	7.0
10	33	6.0
10	34	6.0
10	35	5.0
10	36	4.0
10	37	4.0
10	38	6.0
10	39	5.0
10	40	8.0
10	41	10.0
10	42	14.0
10	43	12.0
10	44	6.0
10	45	4.0
10	46	12.0
10	47	6.0
10	48	13.0
10	49	14.0
10	50	16.0
10	51	17.0
10	52	13.0
10	53	16.0
10	54	14.0
10	55	12.0
10	56	9.0
10	57	15.0
10	58	16.0
10	59	16.0
10	60	11.0
10	61	20.0
10	62	10.0
10	63	10.0
10	64	13.0
10	65	8.0
10	66	10.0
10	67	13.0
10	68	9.0
10	69	16.0
10	70	16.0
10	71	23.0
10	72	15.0
10	73	25.0
10	74	15.0
10	75	12.0
10	76	17.0
10	77	16.0
10	78	18.0
10	79	19.0
10	80	12.0
10	81	10.0
10	82	17.0
10	83	7.0
10	84	16.0
10	85	15.0
10	86	17.0
10	87	9.0
10	88	11.0
10	89	13.0
10	90	15.0
10	91	17.0
10	92	6.0
10	93	7.0
10	94	12.0
10	95	12.0
10	96	11.0
10	97	10.0
10	98	11.0
10	99	15.0
10	100	10.0
10	101	16.0
10	102	11.0
10	103	11.0
10	104	11.0
10	105	15.0
10	106	19.0
10	107	9.0
10	108	19.0
10	109	15.0
10	110	10.0
10	111	15.0
10	112	21.0
10	113	22.0
10	114	24.0
10	115	17.0
10	116	20.0
10	117	22.0
10	118	21.0
10	119	19.0
10	120	27.0
10	121	27.0
10	122	21.0
11	12	49.0
11	13	23.0
11	14	30.0
11	15	27.0
11	16	50.0
11	17	36.0
11	18	40.0
11	19	33.0
11	20	24.0
11	21	16.0
11	22	17.0
11	23	17.0
11	24	20.0
11	25	12.0
11	26	17.0
11	27	8.0
11	28	19.0
11	29	13.0
11	30	9.0
11	31	9.0
11	32	8.0
11	33	10.0
11	34	4.0
11	35	8.0
11	36	7.0
11	37	7.0
11	38	6.0
11	39	7.0
11	40	6.0
11	41	13.0
11	42	7.0
11	43	9.0
11	44	7.0
11	45	8.0
11	46	9.0
11	47	8.0
11	48	8.0
11	49	18.0
11	50	11.0
11	51	16.0
11	52	23.0
11	53	16.0
11	54	15.0
11	55	13.0
11	56	15.0
11	57	11.0
11	58	29.0
11	59	17.0
11	60	24.0
11	61	14.0
11	62	19.0
11	63	17.0
11	64	14.0
11	65	9.0
11	66	12.0
11	67	10.0
11	68	16.0
11	69	22.0
11	70	18.0
11	71	20.0
11	72	17.0
11	73	16.0
11	74	26.0
11	75	12.0
11	76	22.0
11	77	11.0
11	78	13.0
11	79	14.0
11	80	7.0
11	81	17.0
11	82	15.0
11	83	13.0
11	84	17.0
11	85	16.0
11	86	15.0
11	87	9.0
11	88	11.0
11	89	13.0
11	90	9.0
11	91	19.0
11	92	8.0
11	93	10.0
11	94	9.0
11	95	8.0
11	96	8.0
11	97	11.0
11	98	17.0
11	99	10.0
11	100	12.0
11	101	15.0
11	102	11.0
11	103	14.0
11	104	11.0
11	105	10.0
11	106	16.0
11	107	17.0
11	108	17.0
11	109	10.0
11	110	16.0
11	111	11.0
11	112	12.0
11	113	22.0
11	114	18.0
11	115	18.0
11	116	18.0
11	117	20.0
11	118	16.0
11	119	26.0
11	120	26.0
11	121	21.0
11	122	23.0
12	13	71.0
12	14	94.0
12	15	47.0
12	16	39.0
12	17	42.0
12	18	35.0
12	19	36.0
12	20	33.0
12	21	40.0
12	22	30.0
12	23	17.0
12	24	17.0
12	25	16.0
12	26	15.0
12	27	12.0
12	28	13.0
12	29	13.0
12	30	12.0
12	31	14.0
12	32	10.0
12	33	5.0
12	34	3.0
12	35	5.0
12	36	5.0
12	37	5.0
12	38	10.0
12	39	10.0
12	40	16.0
12	41	9.0
12	42	9.0
12	43	5.0
12	44	11.0
12	45	8.0
12	46	10.0
12	47	13.0
12	48	17.0
12	49	16.0
12	50	20.0
12	51	17.0
12	52	16.0
12	53	23.0
12	54	14.0
12	55	14.0
12	56	15.0
12	57	19.0
12	58	17.0
12	59	10.0
12	60	19.0
12	61	15.0
12	62	21.0
12	63	11.0
12	64	11.0
12	65	13.0
12	66	7.0
12	67	19.0
12	68	10.0
12	69	14.0
12	70	14.0
12	71	16.0
12	72	22.0
12	73	12.0
12	74	21.0
12	75	23.0
12	76	16.0
12	77	13.0
12	78	21.0
12	79	15.0
12	80	9.0
12	81	8.0
12	82	12.0
12	83	16.0
12	84	14.0
12	85	14.0
12	86	16.0
12	87	9.0
12	88	11.0
12	89	14.0
12	90	13.0
12	91	10.0
12	92	13.0
12	93	10.0
12	94	13.0
12	95	8.0
12	96	14.0
12	97	7.0
12	98	8.0
12	99	13.0
12	100	13.0
12	101	15.0
12	102	8.0
12	103	12.0
12	104	8.0
12	105	14.0
12	106	21.0
12	107	15.0
12	108	10.0
12	109	15.0
12	110	14.0
12	111	10.0
12	112	10.0
12	113	15.0
12	114	16.0
12	115	13.0
12	116	10.0
12	117	12.0
12	118	15.0
12	119	13.0
12	120	15.0
12	121	11.0
12	122	15.0
13	14	186.0
13	15	90.0
13	16	44.0
13	17	35.0
13	18	36.0
13	19	45.0
13	20	24.0
13	21	24.0
13	22	26.0
13	23	23.0
13	24	17.0
13	25	14.0
13	26	15.0
13	27	16.0
13	28	11.0
13	29	12.0
13	30	10.0
13	31	14.0
13	32	14.0
13	33	8.0
13	34	6.0
13	35	4.0
13	36	5.0
13	37	8.0
13	38	8.0
13	39	7.0
13	40	9.0
13	41	9.0
13	42	6.0
13	43	7.0
13	44	8.0
13	45	7.0
13	46	8.0
13	47	11.0
13	48	12.0
13	49	15.0
13	50	12.0
13	51	10.0
13	52	6.0
13	53	17.0
13	54	9.0
13	55	18.0
13	56	17.0
13	57	20.0
13	58	14.0
13	59	15.0
13	60	16.0
13	61	8.0
13	62	10.0
13	63	10.0
13	64	9.0
13	65	17.0
13	66	8.0
13	67	16.0
13	68	9.0
13	69	10.0
13	70	12.0
13	71	10.0
13	72	18.0
13	73	9.0
13	74	13.0
13	75	16.0
13	76	14.0
13	77	15.0
13	78	15.0
13	79	11.0
13	80	7.0
13	81	17.0
13	82	9.0
13	83	16.0
13	84	10.0
13	85	14.0
13	86	12.0
13	87	12.0
13	88	11.0
13	89	10.0
13	90	8.0
13	91	9.0
13	92	12.0
13	93	13.0
13	94	11.0
13	95	6.0
13	96	11.0
13	97	7.0
13	98	6.0
13	99	4.0
13	100	7.0
13	101	16.0
13	102	12.0
13	103	8.0
13	104	20.0
13	105	10.0
13	106	10.0
13	107	8.0
13	108	13.0
13	109	9.0
13	110	11.0
13	111	11.0
13	112	8.0
13	113	8.0
13	114	10.0
13	115	10.0
13	116	11.0
13	117	17.0
13	118	6.0
13	119	10.0
13	120	18.0
13	121	14.0
13	122	20.0
14	15	98.0
14	16	65.0
14	17	47.0
14	18	43.0
14	19	48.0
14	20	34.0
14	21	26.0
14	22	23.0
14	23	26.0
14	24	24.0
14	25	18.0
14	26	17.0
14	27	13.0
14	28	14.0
14	29	12.0
14	30	13.0
14	31	12.0
14	32	5.0
14	33	11.0
14	34	4.0
14	35	7.0
14	36	6.0
14	37	5.0
14	38	2.0
14	39	5.0
14	40	11.0
14	41	13.0
14	42	7.0
14	43	12.0
14	44	8.0
14	45	7.0
14	46	14.0
14	47	15.0
14	48	9.0
14	49	19.0
14	50	16.0
14	51	17.0
14	52	6.0
14	53	24.0
14	54	18.0
14	55	18.0
14	56	11.0
14	57	14.0
14	58	17.0
14	59	20.0
14	60	14.0
14	61	18.0
14	62	6.0
14	63	10.0
14	64	15.0
14	65	12.0
14	66	22.0
14	67	13.0
14	68	14.0
14	69	15.0
14	70	16.0
14	71	15.0
14	72	18.0
14	73	6.0
14	74	12.0
14	75	14.0
14	76	19.0
14	77	11.0
14	78	10.0
14	79	7.0
14	80	14.0
14	81	8.0
14	82	12.0
14	83	8.0
14	84	17.0
14	85	6.0
14	86	5.0
14	87	9.0
14	88	12.0
14	89	15.0
14	90	16.0
14	91	11.0
14	92	10.0
14	93	8.0
14	94	6.0
14	95	5.0
14	96	12.0
14	97	12.0
14	98	1.0
14	99	5.0
14	100	7.0
14	101	8.0
14	102	12.0
14	103	7.0
14	104	10.0
14	105	14.0
14	106	11.0
14	107	10.0
14	108	15.0
14	109	10.0
14	110	5.0
14	111	9.0
14	112	14.0
14	113	15.0
14	114	15.0
14	115	11.0
14	116	17.0
14	117	18.0
14	118	8.0
14	119	15.0
14	120	15.0
14	121	17.0
14	122	12.0
15	16	74.0
15	17	45.0
15	18	47.0
15	19	67.0
15	20	50.0
15	21	29.0
15	22	31.0
15	23	29.0
15	24	20.0
15	25	28.0
15	26	11.0
15	27	18.0
15	28	14.0
15	29	10.0
15	30	15.0
15	31	12.0
15	32	8.0
15	33	11.0
15	34	5.0
15	35	8.0
15	36	6.0
15	37	9.0
15	38	9.0
15	39	11.0
15	40	4.0
15	41	14.0
15	42	9.0
15	43	10.0
15	44	7.0
15	45	7.0
15	46	12.0
15	47	9.0
15	48	7.0
15	49	13.0
15	50	15.0
15	51	10.0
15	52	14.0
15	53	24.0
15	54	16.0
15	55	12.0
15	56	11.0
15	57	14.0
15	58	20.0
15	59	17.0
15	60	11.0
15	61	18.0
15	62	10.0
15	63	4.0
15	64	10.0
15	65	8.0
15	66	8.0
15	67	9.0
15	68	11.0
15	69	11.0
15	70	12.0
15	71	17.0
15	72	12.0
15	73	12.0
15	74	12.0
15	75	6.0
15	76	11.0
15	77	9.0
15	78	12.0
15	79	8.0
15	80	6.0
15	81	7.0
15	82	12.0
15	83	10.0
15	84	12.0
15	85	9.0
15	86	12.0
15	87	12.0
15	88	6.0
15	89	13.0
15	90	5.0
15	91	19.0
15	92	13.0
15	93	10.0
15	94	15.0
15	95	8.0
15	96	12.0
15	97	9.0
15	98	5.0
15	99	14.0
15	100	5.0
15	101	5.0
15	102	10.0
15	103	7.0
15	104	10.0
15	105	15.0
15	106	3.0
15	107	5.0
15	108	7.0
15	109	11.0
15	110	10.0
15	111	11.0
15	112	14.0
15	113	9.0
15	114	15.0
15	115	9.0
15	116	16.0
15	117	14.0
15	118	17.0
15	119	9.0
15	120	10.0
15	121	11.0
15	122	11.0
16	17	268.0
16	18	138.0
16	19	204.0
16	20	63.0
16	21	57.0
16	22	39.0
16	23	44.0
16	24	34.0
16	25	19.0
16	26	30.0
16	27	15.0
16	28	10.0
16	29	17.0
16	30	9.0
16	31	9.0
16	32	5.0
16	33	7.0
16	34	6.0
16	35	10.0
16	36	8.0
16	37	5.0
16	38	10.0
16	39	9.0
16	40	13.0
16	41	7.0
16	42	12.0
16	43	7.0
16	44	9.0
16	45	9.0
16	46	10.0
16	47	11.0
16	48	19.0
16	49	18.0
16	50	22.0
16	51	21.0
16	52	18.0
16	53	26.0
16	54	24.0
16	55	12.0
16	56	20.0
16	57	11.0
16	58	19.0
16	59	15.0
16	60	18.0
16	61	16.0
16	62	10.0
16	63	14.0
16	64	12.0
16	65	7.0
16	66	11.0
16	67	7.0
16	68	13.0
16	69	18.0
16	70	10.0
16	71	10.0
16	72	19.0
16	73	16.0
16	74	14.0
16	75	12.0
16	76	12.0
16	77	14.0
16	78	12.0
16	79	14.0
16	80	11.0
16	81	12.0
16	82	14.0
16	83	12.0
16	84	12.0
16	85	10.0
16	86	10.0
16	87	9.0
16	88	9.0
16	89	9.0
16	90	13.0
16	91	13.0
16	92	7.0
16	93	12.0
16	94	6.0
16	95	10.0
16	96	9.0
16	97	10.0
16	98	5.0
16	99	6.0
16	100	12.0
16	101	5.0
16	102	3.0
16	103	6.0
16	104	6.0
16	105	8.0
16	106	12.0
16	107	9.0
16	108	13.0
16	109	15.0
16	110	9.0
16	111	9.0
16	112	17.0
16	113	18.0
16	114	15.0
16	115	10.0
16	116	10.0
16	117	19.0
16	118	11.0
16	119	15.0
16	120	17.0
16	121	16.0
16	122	17.0
17	18	181.0
17	19	193.0
17	20	89.0
17	21	50.0
17	22	47.0
17	23	44.0
17	24	33.0
17	25	23.0
17	26	15.0
17	27	16.0
17	28	19.0
17	29	13.0
17	30	19.0
17	31	5.0
17	32	14.0
17	33	6.0
17	34	9.0
17	35	5.0
17	36	8.0
17	37	3.0
17	38	7.0
17	39	10.0
17	40	8.0
17	41	10.0
17	42	6.0
17	43	8.0
17	44	14.0
17	45	6.0
17	46	15.0
17	47	19.0
17	48	19.0
17	49	23.0
17	50	32.0
17	51	27.0
17	52	23.0
17	53	21.0
17	54	27.0
17	55	5.0
17	56	15.0
17	57	13.0
17	58	18.0
17	59	22.0
17	60	16.0
17	61	21.0
17	62	21.0
17	63	17.0
17	64	6.0
17	65	10.0
17	66	6.0
17	67	14.0
17	68	12.0
17	69	9.0
17	70	22.0
17	71	16.0
17	72	14.0
17	73	7.0
17	74	15.0
17	75	13.0
17	76	14.0
17	77	10.0
17	78	19.0
17	79	7.0
17	80	11.0
17	81	15.0
17	82	13.0
17	83	8.0
17	84	15.0
17	85	13.0
17	86	10.0
17	87	9.0
17	88	12.0
17	89	13.0
17	90	10.0
17	91	12.0
17	92	11.0
17	93	14.0
17	94	9.0
17	95	9.0
17	96	15.0
17	97	11.0
17	98	10.0
17	99	12.0
17	100	8.0
17	101	12.0
17	102	9.0
17	103	7.0
17	104	15.0
17	105	17.0
17	106	6.0
17	107	11.0
17	108	12.0
17	109	12.0
17	110	16.0
17	111	10.0
17	112	13.0
17	113	17.0
17	114	20.0
17	115	8.0
17	116	10.0
17	117	14.0
17	118	8.0
17	119	16.0
17	120	14.0
17	121	11.0
17	122	16.0
18	19	86.0
18	20	63.0
18	21	42.0
18	22	46.0
18	23	49.0
18	24	37.0
18	25	21.0
18	26	20.0
18	27	28.0
18	28	21.0
18	29	14.0
18	30	11.0
18	31	10.0
18	32	15.0
18	33	9.0
18	34	4.0
18	35	6.0
18	36	2.0
18	37	10.0
18	38	7.0
18	39	4.0
18	40	13.0
18	41	5.0
18	42	11.0
18	43	9.0
18	44	10.0
18	45	4.0
18	46	14.0
18	47	20.0
18	48	23.0
18	49	24.0
18	50	31.0
18	51	21.0
18	52	17.0
18	53	24.0
18	54	21.0
18	55	14.0
18	56	13.0
18	57	20.0
18	58	12.0
18	59	20.0
18	60	16.0
18	61	16.0
18	62	15.0
18	63	13.0
18	64	14.0
18	65	14.0
18	66	13.0
18	67	11.0
18	68	12.0
18	69	12.0
18	70	11.0
18	71	12.0
18	72	8.0
18	73	11.0
18	74	11.0
18	75	16.0
18	76	13.0
18	77	15.0
18	78	12.0
18	79	17.0
18	80	12.0
18	81	11.0
18	82	14.0
18	83	10.0
18	84	8.0
18	85	12.0
18	86	11.0
18	87	13.0
18	88	8.0
18	89	9.0
18	90	14.0
18	91	11.0
18	92	8.0
18	93	7.0
18	94	11.0
18	95	12.0
18	96	4.0
18	97	5.0
18	98	14.0
18	99	13.0
18	100	10.0
18	101	9.0
18	102	10.0
18	103	8.0
18	104	15.0
18	105	6.0
18	106	12.0
18	107	11.0
18	108	11.0
18	109	12.0
18	110	10.0
18	111	9.0
18	112	6.0
18	113	12.0
18	114	8.0
18	115	12.0
18	116	9.0
18	117	18.0
18	118	15.0
18	119	16.0
18	120	15.0
18	121	18.0
18	122	21.0
19	20	87.0
19	21	46.0
19	22	43.0
19	23	35.0
19	24	31.0
19	25	17.0
19	26	19.0
19	27	13.0
19	28	14.0
19	29	18.0
19	30	20.0
19	31	12.0
19	32	8.0
19	33	11.0
19	34	6.0
19	35	1.0
19	36	6.0
19	37	5.0
19	38	8.0
19	39	15.0
19	40	9.0
19	41	8.0
19	42	9.0
19	43	7.0
19	44	7.0
19	45	14.0
19	46	9.0
19	47	17.0
19	48	15.0
19	49	13.0
19	50	21.0
19	51	25.0
19	52	29.0
19	53	34.0
19	54	20.0
19	55	17.0
19	56	13.0
19	57	15.0
19	58	14.0
19	59	17.0
19	60	19.0
19	61	10.0
19	62	15.0
19	63	12.0
19	64	8.0
19	65	8.0
19	66	8.0
19	67	13.0
19	68	18.0
19	69	13.0
19	70	18.0
19	71	13.0
19	72	18.0
19	73	10.0
19	74	14.0
19	75	20.0
19	76	11.0
19	77	15.0
19	78	8.0
19	79	8.0
19	80	15.0
19	81	11.0
19	82	12.0
19	83	9.0
19	84	16.0
19	85	6.0
19	86	9.0
19	87	12.0
19	88	10.0
19	89	7.0
19	90	12.0
19	91	12.0
19	92	7.0
19	93	12.0
19	94	9.0
19	95	9.0
19	96	10.0
19	97	9.0
19	98	9.0
19	99	9.0
19	100	12.0
19	101	8.0
19	102	5.0
19	103	12.0
19	104	8.0
19	105	13.0
19	106	10.0
19	107	15.0
19	108	12.0
19	109	17.0
19	110	7.0
19	111	9.0
19	112	5.0
19	113	11.0
19	114	12.0
19	115	10.0
19	116	17.0
19	117	16.0
19	118	5.0
19	119	8.0
19	120	10.0
19	121	17.0
19	122	14.0
20	21	100.0
20	22	80.0
20	23	62.0
20	24	47.0
20	25	36.0
20	26	28.0
20	27	19.0
20	28	26.0
20	29	19.0
20	30	17.0
20	31	17.0
20	32	8.0
20	33	19.0
20	34	6.0
20	35	7.0
20	36	4.0
20	37	2.0
20	38	7.0
20	39	9.0
20	40	9.0
20	41	13.0
20	42	12.0
20	43	10.0
20	44	6.0
20	45	20.0
20	46	12.0
20	47	17.0
20	48	26.0
20	49	19.0
20	50	36.0
20	51	22.0
20	52	18.0
20	53	37.0
20	54	17.0
20	55	24.0
20	56	18.0
20	57	12.0
20	58	27.0
20	59	14.0
20	60	18.0
20	61	22.0
20	62	15.0
20	63	14.0
20	64	15.0
20	65	11.0
20	66	7.0
20	67	12.0
20	68	14.0
20	69	17.0
20	70	17.0
20	71	16.0
20	72	16.0
20	73	15.0
20	74	17.0
20	75	13.0
20	76	12.0
20	77	14.0
20	78	8.0
20	79	16.0
20	80	9.0
20	81	12.0
20	82	7.0
20	83	9.0
20	84	11.0
20	85	11.0
20	86	14.0
20	87	10.0
20	88	6.0
20	89	9.0
20	90	10.0
20	91	7.0
20	92	12.0
20	93	13.0
20	94	9.0
20	95	11.0
20	96	17.0
20	97	9.0
20	98	8.0
20	99	12.0
20	100	10.0
20	101	16.0
20	102	10.0
20	103	8.0
20	104	13.0
20	105	10.0
20	106	10.0
20	107	5.0
20	108	12.0
20	109	11.0
20	110	4.0
20	111	5.0
20	112	10.0
20	113	6.0
20	114	10.0
20	115	9.0
20	116	12.0
20	117	16.0
20	118	20.0
20	119	10.0
20	120	17.0
20	121	13.0
20	122	8.0
21	22	92.0
21	23	48.0
21	24	63.0
21	25	27.0
21	26	24.0
21	27	23.0
21	28	18.0
21	29	15.0
21	30	22.0
21	31	9.0
21	32	8.0
21	33	7.0
21	34	10.0
21	35	10.0
21	36	11.0
21	37	6.0
21	38	8.0
21	39	12.0
21	40	5.0
21	41	17.0
21	42	11.0
21	43	15.0
21	44	11.0
21	45	13.0
21	46	25.0
21	47	23.0
21	48	32.0
21	49	23.0
21	50	19.0
21	51	29.0
21	52	32.0
21	53	25.0
21	54	19.0
21	55	25.0
21	56	16.0
21	57	17.0
21	58	19.0
21	59	8.0
21	60	16.0
21	61	8.0
21	62	14.0
21	63	12.0
21	64	15.0
21	65	13.0
21	66	7.0
21	67	10.0
21	68	14.0
21	69	11.0
21	70	14.0
21	71	13.0
21	72	10.0
21	73	13.0
21	74	21.0
21	75	17.0
21	76	8.0
21	77	7.0
21	78	8.0
21	79	8.0
21	80	9.0
21	81	8.0
21	82	8.0
21	83	16.0
21	84	21.0
21	85	12.0
21	86	5.0
21	87	10.0
21	88	10.0
21	89	12.0
21	90	9.0
21	91	10.0
21	92	14.0
21	93	9.0
21	94	15.0
21	95	12.0
21	96	7.0
21	97	7.0
21	98	8.0
21	99	5.0
21	100	9.0
21	101	7.0
21	102	7.0
21	103	2.0
21	104	10.0
21	105	8.0
21	106	14.0
21	107	7.0
21	108	13.0
21	109	10.0
21	110	7.0
21	111	8.0
21	112	6.0
21	113	12.0
21	114	14.0
21	115	8.0
21	116	4.0
21	117	11.0
21	118	6.0
21	119	5.0
21	120	13.0
21	121	11.0
21	122	6.0
22	23	135.0
22	24	112.0
22	25	48.0
22	26	37.0
22	27	31.0
22	28	23.0
22	29	37.0
22	30	16.0
22	31	14.0
22	32	13.0
22	33	14.0
22	34	4.0
22	35	9.0
22	36	3.0
22	37	6.0
22	38	11.0
22	39	14.0
22	40	15.0
22	41	10.0
22	42	16.0
22	43	8.0
22	44	9.0
22	45	13.0
22	46	19.0
22	47	23.0
22	48	25.0
22	49	29.0
22	50	18.0
22	51	25.0
22	52	37.0
22	53	20.0
22	54	25.0
22	55	11.0
22	56	17.0
22	57	23.0
22	58	15.0
22	59	20.0
22	60	16.0
22	61	17.0
22	62	13.0
22	63	10.0
22	64	8.0
22	65	11.0
22	66	14.0
22	67	17.0
22	68	14.0
22	69	8.0
22	70	10.0
22	71	11.0
22	72	16.0
22	73	13.0
22	74	15.0
22	75	11.0
22	76	14.0
22	77	13.0
22	78	8.0
22	79	9.0
22	80	3.0
22	81	7.0
22	82	7.0
22	83	12.0
22	84	8.0
22	85	10.0
22	86	7.0
22	87	8.0
22	88	11.0
22	89	4.0
22	90	8.0
22	91	8.0
22	92	6.0
22	93	7.0
22	94	8.0
22	95	8.0
22	96	10.0
22	97	4.0
22	98	6.0
22	99	8.0
22	100	10.0
22	101	6.0
22	102	6.0
22	103	7.0
22	104	9.0
22	105	9.0
22	106	8.0
22	107	11.0
22	108	3.0
22	109	14.0
22	110	4.0
22	111	11.0
22	112	8.0
22	113	10.0
22	114	16.0
22	115	8.0
22	116	13.0
22	117	10.0
22	118	7.0
22	119	18.0
22	120	8.0
22	121	10.0
22	122	16.0
23	24	126.0
23	25	50.0
23	26	21.0
23	27	25.0
23	28	21.0
23	29	25.0
23	30	18.0
23	31	16.0
23	32	8.0
23	33	11.0
23	34	9.0
23	35	10.0
23	36	6.0
23	37	10.0
23	38	6.0
23	39	10.0
23	40	13.0
23	41	14.0
23	42	9.0
23	43	12.0
23	44	6.0
23	45	14.0
23	46	10.0
23	47	19.0
23	48	21.0
23	49	36.0
23	50	22.0
23	51	27.0
23	52	27.0
23	53	22.0
23	54	16.0
23	55	15.0
23	56	21.0
23	57	15.0
23	58	16.0
23	59	14.0
23	60	14.0
23	61	12.0
23	62	16.0
23	63	9.0
23	64	11.0
23	65	10.0
23	66	12.0
23	67	12.0
23	68	7.0
23	69	14.0
23	70	23.0
23	71	16.0
23	72	12.0
23	73	9.0
23	74	11.0
23	75	9.0
23	76	7.0
23	77	19.0
23	78	13.0
23	79	17.0
23	80	5.0
23	81	9.0
23	82	10.0
23	83	8.0
23	84	9.0
23	85	11.0
23	86	10.0
23	87	15.0
23	88	12.0
23	89	5.0
23	90	12.0
23	91	7.0
23	92	8.0
23	93	9.0
23	94	8.0
23	95	8.0
23	96	10.0
23	97	9.0
23	98	8.0
23	99	10.0
23	100	9.0
23	101	7.0
23	102	8.0
23	103	9.0
23	104	9.0
23	105	7.0
23	106	4.0
23	107	4.0
23	108	10.0
23	109	11.0
23	110	14.0
23	111	9.0
23	112	4.0
23	113	11.0
23	114	9.0
23	115	6.0
23	116	16.0
23	117	7.0
23	118	5.0
23	119	6.0
23	120	7.0
23	121	15.0
23	122	14.0
24	25	65.0
24	26	33.0
24	27	26.0
24	28	26.0
24	29	29.0
24	30	24.0
24	31	20.0
24	32	9.0
24	33	14.0
24	34	9.0
24	35	10.0
24	36	7.0
24	37	8.0
24	38	10.0
24	39	8.0
24	40	17.0
24	41	23.0
24	42	7.0
24	43	14.0
24	44	6.0
24	45	7.0
24	46	11.0
24	47	14.0
24	48	24.0
24	49	26.0
24	50	24.0
24	51	31.0
24	52	23.0
24	53	26.0
24	54	25.0
24	55	14.0
24	56	10.0
24	57	22.0
24	58	18.0
24	59	15.0
24	60	17.0
24	61	19.0
24	62	15.0
24	63	10.0
24	64	6.0
24	65	15.0
24	66	10.0
24	67	5.0
24	68	10.0
24	69	13.0
24	70	8.0
24	71	11.0
24	72	9.0
24	73	12.0
24	74	18.0
24	75	9.0
24	76	9.0
24	77	9.0
24	78	5.0
24	79	9.0
24	80	6.0
24	81	13.0
24	82	9.0
24	83	10.0
24	84	9.0
24	85	6.0
24	86	10.0
24	87	9.0
24	88	10.0
24	89	9.0
24	90	9.0
24	91	7.0
24	92	7.0
24	93	7.0
24	94	8.0
24	95	7.0
24	96	8.0
24	97	7.0
24	98	9.0
24	99	13.0
24	100	8.0
24	101	5.0
24	102	8.0
24	103	7.0
24	104	7.0
24	105	12.0
24	106	9.0
24	107	7.0
24	108	10.0
24	109	5.0
24	110	8.0
24	111	7.0
24	112	8.0
24	113	12.0
24	114	10.0
24	115	11.0
24	116	8.0
24	117	13.0
24	118	14.0
24	119	8.0
24	120	10.0
24	121	6.0
24	122	5.0
25	26	62.0
25	27	48.0
25	28	47.0
25	29	57.0
25	30	29.0
25	31	26.0
25	32	17.0
25	33	17.0
25	34	10.0
25	35	19.0
25	36	9.0
25	37	6.0
25	38	12.0
25	39	14.0
25	40	14.0
25	41	25.0
25	42	20.0
25	43	18.0
25	44	28.0
25	45	21.0
25	46	23.0
25	47	20.0
25	48	40.0
25	49	39.0
25	50	25.0
25	51	54.0
25	52	40.0
25	53	24.0
25	54	22.0
25	55	17.0
25	56	20.0
25	57	15.0
25	58	12.0
25	59	20.0
25	60	11.0
25	61	14.0
25	62	13.0
25	63	14.0
25	64	10.0
25	65	17.0
25	66	11.0
25	67	12.0
25	68	16.0
25	69	8.0
25	70	9.0
25	71	9.0
25	72	16.0
25	73	15.0
25	74	14.0
25	75	11.0
25	76	18.0
25	77	14.0
25	78	13.0
25	79	8.0
25	80	11.0
25	81	9.0
25	82	11.0
25	83	9.0
25	84	8.0
25	85	5.0
25	86	11.0
25	87	10.0
25	88	8.0
25	89	4.0
25	90	6.0
25	91	13.0
25	92	10.0
25	93	6.0
25	94	9.0
25	95	11.0
25	96	4.0
25	97	14.0
25	98	8.0
25	99	12.0
25	100	10.0
25	101	4.0
25	102	8.0
25	103	6.0
25	104	4.0
25	105	7.0
25	106	6.0
25	107	4.0
25	108	12.0
25	109	13.0
25	110	10.0
25	111	7.0
25	112	13.0
25	113	6.0
25	114	9.0
25	115	7.0
25	116	9.0
25	117	8.0
25	118	8.0
25	119	6.0
25	120	9.0
25	121	11.0
25	122	20.0
26	27	93.0
26	28	38.0
26	29	39.0
26	30	22.0
26	31	25.0
26	32	11.0
26	33	15.0
26	34	6.0
26	35	11.0
26	36	8.0
26	37	12.0
26	38	9.0
26	39	9.0
26	40	21.0
26	41	20.0
26	42	24.0
26	43	22.0
26	44	16.0
26	45	15.0
26	46	36.0
26	47	41.0
26	48	65.0
26	49	33.0
26	50	24.0
26	51	47.0
26	52	34.0
26	53	37.0
26	54	20.0
26	55	14.0
26	56	24.0
26	57	19.0
26	58	27.0
26	59	12.0
26	60	15.0
26	61	15.0
26	62	18.0
26	63	12.0
26	64	14.0
26	65	11.0
26	66	11.0
26	67	13.0
26	68	11.0
26	69	21.0
26	70	11.0
26	71	15.0
26	72	14.0
26	73	13.0
26	74	12.0
26	75	13.0
26	76	11.0
26	77	15.0
26	78	5.0
26	79	8.0
26	80	10.0
26	81	9.0
26	82	8.0
26	83	11.0
26	84	12.0
26	85	11.0
26	86	9.0
26	87	15.0
26	88	6.0
26	89	7.0
26	90	8.0
26	91	6.0
26	92	14.0
26	93	10.0
26	94	7.0
26	95	6.0
26	96	2.0
26	97	9.0
26	98	3.0
26	99	12.0
26	100	13.0
26	101	9.0
26	102	6.0
26	103	10.0
26	104	9.0
26	105	8.0
26	106	9.0
26	107	11.0
26	108	6.0
26	109	8.0
26	110	6.0
26	111	5.0
26	112	5.0
26	113	10.0
26	114	9.0
26	115	10.0
26	116	5.0
26	117	11.0
26	118	10.0
26	119	9.0
26	120	6.0
26	121	8.0
26	122	5.0
27	28	48.0
27	29	41.0
27	30	22.0
27	31	32.0
27	32	14.0
27	33	9.0
27	34	13.0
27	35	9.0
27	36	13.0
27	37	13.0
27	38	16.0
27	39	11.0
27	40	24.0
27	41	24.0
27	42	24.0
27	43	21.0
27	44	25.0
27	45	33.0
27	46	26.0
27	47	28.0
27	48	49.0
27	49	33.0
27	50	23.0
27	51	48.0
27	52	27.0
27	53	23.0
27	54	23.0
27	55	17.0
27	56	20.0
27	57	20.0
27	58	18.0
27	59	14.0
27	60	8.0
27	61	18.0
27	62	17.0
27	63	9.0
27	64	18.0
27	65	14.0
27	66	18.0
27	67	8.0
27	68	16.0
27	69	12.0
27	70	10.0
27	71	18.0
27	72	16.0
27	73	11.0
27	74	7.0
27	75	13.0
27	76	9.0
27	77	6.0
27	78	7.0
27	79	8.0
27	80	9.0
27	81	13.0
27	82	10.0
27	83	10.0
27	84	15.0
27	85	9.0
27	86	7.0
27	87	6.0
27	88	6.0
27	89	7.0
27	90	10.0
27	91	4.0
27	92	7.0
27	93	6.0
27	94	7.0
27	95	4.0
27	96	7.0
27	97	6.0
27	98	8.0
27	99	6.0
27	100	7.0
27	101	12.0
27	102	5.0
27	103	7.0
27	104	6.0
27	105	11.0
27	106	5.0
27	107	12.0
27	108	8.0
27	109	8.0
27	110	9.0
27	111	8.0
27	112	5.0
27	113	6.0
27	114	9.0
27	115	5.0
27	116	15.0
27	117	10.0
27	118	4.0
27	119	8.0
27	120	11.0
27	121	10.0
27	122	8.0
28	29	120.0
28	30	38.0
28	31	41.0
28	32	15.0
28	33	17.0
28	34	9.0
28	35	12.0
28	36	7.0
28	37	9.0
28	38	8.0
28	39	18.0
28	40	21.0
28	41	39.0
28	42	25.0
28	43	21.0
28	44	19.0
28	45	10.0
28	46	16.0
28	47	22.0
28	48	29.0
28	49	24.0
28	50	29.0
28	51	29.0
28	52	26.0
28	53	17.0
28	54	20.0
28	55	23.0
28	56	11.0
28	57	21.0
28	58	16.0
28	59	14.0
28	60	21.0
28	61	13.0
28	62	17.0
28	63	4.0
28	64	5.0
28	65	14.0
28	66	11.0
28	67	11.0
28	68	8.0
28	69	4.0
28	70	14.0
28	71	16.0
28	72	10.0
28	73	12.0
28	74	12.0
28	75	7.0
28	76	8.0
28	77	11.0
28	78	16.0
28	79	13.0
28	80	5.0
28	81	9.0
28	82	9.0
28	83	9.0
28	84	11.0
28	85	6.0
28	86	11.0
28	87	9.0
28	88	5.0
28	89	7.0
28	90	6.0
28	91	7.0
28	92	8.0
28	93	10.0
28	94	4.0
28	95	4.0
28	96	9.0
28	97	6.0
28	98	9.0
28	99	6.0
28	100	2.0
28	101	5.0
28	102	6.0
28	103	2.0
28	104	3.0
28	105	4.0
28	106	7.0
28	107	10.0
28	108	9.0
28	109	7.0
28	110	4.0
28	111	8.0
28	112	5.0
28	113	8.0
28	114	11.0
28	115	8.0
28	116	8.0
28	117	10.0
28	118	4.0
28	119	15.0
28	120	10.0
28	121	10.0
28	122	13.0
29	30	73.0
29	31	30.0
29	32	16.0
29	33	13.0
29	34	12.0
29	35	15.0
29	36	7.0
29	37	9.0
29	38	15.0
29	39	17.0
29	40	31.0
29	41	32.0
29	42	31.0
29	43	18.0
29	44	18.0
29	45	16.0
29	46	16.0
29	47	29.0
29	48	27.0
29	49	28.0
29	50	16.0
29	51	15.0
29	52	16.0
29	53	20.0
29	54	15.0
29	55	14.0
29	56	16.0
29	57	9.0
29	58	18.0
29	59	15.0
29	60	6.0
29	61	10.0
29	62	12.0
29	63	11.0
29	64	8.0
29	65	7.0
29	66	16.0
29	67	5.0
29	68	7.0
29	69	6.0
29	70	12.0
29	71	15.0
29	72	13.0
29	73	11.0
29	74	12.0
29	75	7.0
29	76	12.0
29	77	9.0
29	78	14.0
29	79	7.0
29	80	10.0
29	81	8.0
29	82	7.0
29	83	8.0
29	84	11.0
29	85	8.0
29	86	9.0
29	87	9.0
29	88	7.0
29	89	11.0
29	90	5.0
29	91	7.0
29	92	8.0
29	93	9.0
29	94	2.0
29	95	7.0
29	96	7.0
29	97	3.0
29	98	8.0
29	99	10.0
29	100	5.0
29	101	8.0
29	102	9.0
29	103	5.0
29	104	11.0
29	105	11.0
29	106	4.0
29	107	8.0
29	108	16.0
29	109	5.0
29	110	6.0
29	111	8.0
29	112	9.0
29	113	8.0
29	114	7.0
29	115	11.0
29	116	11.0
29	117	13.0
29	118	10.0
29	119	3.0
29	120	7.0
29	121	9.0
29	122	5.0
30	31	37.0
30	32	26.0
30	33	16.0
30	34	22.0
30	35	12.0
30	36	3.0
30	37	14.0
30	38	11.0
30	39	19.0
30	40	30.0
30	41	32.0
30	42	24.0
30	43	22.0
30	44	14.0
30	45	18.0
30	46	13.0
30	47	13.0
30	48	20.0
30	49	23.0
30	50	19.0
30	51	21.0
30	52	22.0
30	53	11.0
30	54	8.0
30	55	17.0
30	56	8.0
30	57	10.0
30	58	10.0
30	59	10.0
30	60	11.0
30	61	15.0
30	62	5.0
30	63	6.0
30	64	9.0
30	65	12.0
30	66	12.0
30	67	12.0
30	68	7.0
30	69	10.0
30	70	7.0
30	71	9.0
30	72	12.0
30	73	17.0
30	74	13.0
30	75	14.0
30	76	11.0
30	77	4.0
30	78	10.0
30	79	9.0
30	80	9.0
30	81	7.0
30	82	4.0
30	83	9.0
30	84	10.0
30	85	10.0
30	86	6.0
30	87	4.0
30	88	4.0
30	89	12.0
30	90	3.0
30	91	8.0
30	92	11.0
30	93	5.0
30	94	6.0
30	95	6.0
30	96	8.0
30	97	9.0
30	98	3.0
30	99	6.0
30	100	5.0
30	101	3.0
30	102	8.0
30	103	3.0
30	104	8.0
30	105	4.0
30	106	8.0
30	107	5.0
30	108	10.0
30	109	6.0
30	110	11.0
30	111	7.0
30	112	7.0
30	113	7.0
30	114	8.0
30	115	4.0
30	116	8.0
30	117	9.0
30	118	6.0
30	119	8.0
30	120	9.0
30	121	10.0
30	122	11.0
31	32	36.0
31	33	32.0
31	34	17.0
31	35	15.0
31	36	16.0
31	37	23.0
31	38	14.0
31	39	27.0
31	40	63.0
31	41	47.0
31	42	31.0
31	43	24.0
31	44	16.0
31	45	12.0
31	46	12.0
31	47	14.0
31	48	25.0
31	49	9.0
31	50	11.0
31	51	15.0
31	52	13.0
31	53	12.0
31	54	12.0
31	55	7.0
31	56	14.0
31	57	9.0
31	58	17.0
31	59	13.0
31	60	13.0
31	61	6.0
31	62	10.0
31	63	6.0
31	64	10.0
31	65	5.0
31	66	9.0
31	67	6.0
31	68	5.0
31	69	3.0
31	70	7.0
31	71	14.0
31	72	12.0
31	73	4.0
31	74	11.0
31	75	10.0
31	76	12.0
31	77	11.0
31	78	8.0
31	79	8.0
31	80	10.0
31	81	8.0
31	82	13.0
31	83	9.0
31	84	9.0
31	85	3.0
31	86	4.0
31	87	2.0
31	88	7.0
31	89	11.0
31	90	9.0
31	91	7.0
31	92	8.0
31	93	6.0
31	94	9.0
31	95	7.0
31	96	9.0
31	97	5.0
31	98	3.0
31	99	6.0
31	100	5.0
31	101	3.0
31	102	4.0
31	103	3.0
31	104	3.0
31	105	6.0
31	106	5.0
31	107	5.0
31	108	9.0
31	109	9.0
31	110	15.0
31	111	6.0
31	112	11.0
31	113	6.0
31	114	6.0
31	115	8.0
31	116	6.0
31	117	7.0
31	118	7.0
31	119	6.0
31	120	9.0
31	121	7.0
31	122	6.0
32	33	53.0
32	34	37.0
32	35	21.0
32	36	20.0
32	37	21.0
32	38	52.0
32	39	86.0
32	40	62.0
32	41	36.0
32	42	26.0
32	43	24.0
32	44	16.0
32	45	11.0
32	46	8.0
32	47	15.0
32	48	14.0
32	49	8.0
32	50	13.0
32	51	17.0
32	52	8.0
32	53	15.0
32	54	12.0
32	55	5.0
32	56	12.0
32	57	7.0
32	58	8.0
32	59	8.0
32	60	15.0
32	61	8.0
32	62	8.0
32	63	6.0
32	64	7.0
32	65	3.0
32	66	1.0
32	67	7.0
32	68	4.0
32	69	9.0
32	70	10.0
32	71	5.0
32	72	9.0
32	73	9.0
32	74	5.0
32	75	9.0
32	76	6.0
32	77	7.0
32	78	4.0
32	79	2.0
32	80	4.0
32	81	10.0
32	82	15.0
32	83	6.0
32	84	6.0
32	85	9.0
32	86	8.0
32	87	3.0
32	88	4.0
32	89	4.0
32	90	8.0
32	91	8.0
32	92	4.0
32	93	6.0
32	94	4.0
32	95	4.0
32	96	5.0
32	97	3.0
32	98	12.0
32	99	4.0
32	100	4.0
32	101	4.0
32	102	14.0
32	103	3.0
32	104	4.0
32	105	6.0
32	106	7.0
32	107	6.0
32	108	8.0
32	109	4.0
32	110	6.0
32	111	7.0
32	112	2.0
32	113	1.0
32	114	10.0
32	115	8.0
32	116	10.0
32	117	7.0
32	118	6.0
32	119	10.0
32	120	7.0
32	121	4.0
32	122	7.0
33	34	76.0
33	35	38.0
33	36	24.0
33	37	57.0
33	38	248.0
33	39	60.0
33	40	23.0
33	41	27.0
33	42	28.0
33	43	15.0
33	44	15.0
33	45	13.0
33	46	7.0
33	47	14.0
33	48	10.0
33	49	13.0
33	50	9.0
33	51	9.0
33	52	11.0
33	53	6.0
33	54	9.0
33	55	6.0
33	56	10.0
33	57	8.0
33	58	6.0
33	59	4.0
33	60	14.0
33	61	5.0
33	62	6.0
33	63	6.0
33	64	8.0
33	65	6.0
33	66	8.0
33	67	4.0
33	68	10.0
33	69	8.0
33	70	11.0
33	71	4.0
33	72	5.0
33	73	9.0
33	74	7.0
33	75	13.0
33	76	5.0
33	77	8.0
33	78	6.0
33	79	4.0
33	80	5.0
33	81	14.0
33	82	7.0
33	83	9.0
33	84	7.0
33	85	4.0
33	86	7.0
33	87	6.0
33	88	4.0
33	89	1.0
33	90	7.0
33	91	2.0
33	92	4.0
33	93	7.0
33	94	3.0
33	95	6.0
33	96	5.0
33	97	3.0
33	98	6.0
33	99	10.0
33	100	9.0
33	101	3.0
33	102	5.0
33	103	5.0
33	104	1.0
33	105	6.0
33	106	8.0
33	107	5.0
33	108	3.0
33	109	9.0
33	110	2.0
33	111	1.0
33	112	4.0
33	113	7.0
33	114	2.0
33	115	3.0
33	116	9.0
33	117	3.0
33	118	4.0
33	119	8.0
33	120	11.0
33	121	6.0
33	122	7.0
34	35	57.0
34	36	51.0
34	37	315.0
34	38	58.0
34	39	20.0
34	40	17.0
34	41	21.0
34	42	13.0
34	43	14.0
34	44	15.0
34	45	8.0
34	46	9.0
34	47	5.0
34	48	7.0
34	49	7.0
34	50	5.0
34	51	11.0
34	52	8.0
34	53	8.0
34	54	12.0
34	55	4.0
34	56	4.0
34	57	4.0
34	58	7.0
34	59	6.0
34	60	8.0
34	61	5.0
34	62	5.0
34	63	4.0
34	64	6.0
34	65	3.0
34	66	4.0
34	67	7.0
34	68	7.0
34	69	4.0
34	70	4.0
34	71	4.0
34	72	2.0
34	73	7.0
34	74	2.0
34	75	6.0
34	76	8.0
34	77	4.0
34	78	3.0
34	79	7.0
34	80	6.0
34	81	7.0
34	82	5.0
34	83	10.0
34	84	4.0
34	85	4.0
34	86	7.0
34	87	6.0
34	88	5.0
34	89	1.0
34	90	3.0
34	91	7.0
34	92	9.0
34	93	4.0
34	94	2.0
34	95	4.0
34	96	5.0
34	97	4.0
34	98	3.0
34	99	6.0
34	100	2.0
34	101	3.0
34	102	6.0
34	103	3.0
34	104	3.0
34	105	5.0
34	106	4.0
34	107	7.0
34	108	4.0
34	109	8.0
34	110	6.0
34	111	2.0
34	112	6.0
34	113	4.0
34	114	5.0
34	115	5.0
34	116	9.0
34	117	4.0
34	118	7.0
34	119	6.0
34	120	7.0
34	121	5.0
34	122	5.0
35	36	354.0
35	37	65.0
35	38	27.0
35	39	15.0
35	40	16.0
35	41	14.0
35	42	14.0
35	43	8.0
35	44	17.0
35	45	7.0
35	46	3.0
35	47	8.0
35	48	9.0
35	49	9.0
35	50	6.0
35	51	12.0
35	52	5.0
35	53	7.0
35	54	3.0
35	55	12.0
35	56	4.0
35	57	5.0
35	58	2.0
35	59	6.0
35	60	7.0
35	61	2.0
35	62	2.0
35	63	4.0
35	64	8.0
35	65	7.0
35	66	4.0
35	67	4.0
35	68	7.0
35	69	5.0
35	70	3.0
35	71	8.0
35	72	5.0
35	73	3.0
35	74	6.0
35	75	4.0
35	76	4.0
35	77	5.0
35	78	8.0
35	79	4.0
35	80	7.0
35	81	3.0
35	82	3.0
35	83	6.0
35	84	6.0
35	85	7.0
35	86	6.0
35	87	5.0
35	88	3.0
35	89	5.0
35	90	2.0
35	91	2.0
35	92	4.0
35	93	3.0
35	94	6.0
35	95	3.0
35	96	3.0
35	97	5.0
35	98	7.0
35	99	6.0
35	100	4.0
35	101	2.0
35	102	4.0
35	103	8.0
35	104	3.0
35	105	3.0
35	106	1.0
35	107	4.0
35	108	9.0
35	109	9.0
35	110	6.0
35	111	2.0
35	112	3.0
35	113	4.0
35	114	7.0
35	115	6.0
35	116	5.0
35	117	10.0
35	118	6.0
35	119	2.0
35	120	8.0
35	121	4.0
35	122	1.0
36	37	66.0
36	38	24.0
36	39	22.0
36	40	17.0
36	41	15.0
36	42	15.0
36	43	11.0
36	44	8.0
36	45	7.0
36	46	10.0
36	47	8.0
36	48	9.0
36	49	4.0
36	50	5.0
36	51	15.0
36	52	6.0
36	53	4.0
36	54	9.0
36	55	11.0
36	56	8.0
36	57	5.0
36	58	6.0
36	59	6.0
36	60	7.0
36	61	5.0
36	62	6.0
36	63	7.0
36	64	5.0
36	65	8.0
36	66	8.0
36	67	5.0
36	68	9.0
36	69	5.0
36	70	4.0
36	71	3.0
36	72	8.0
36	73	8.0
36	74	7.0
36	75	6.0
36	76	7.0
36	77	5.0
36	78	4.0
36	79	8.0
36	80	8.0
36	81	3.0
36	82	6.0
36	83	3.0
36	84	5.0
36	85	4.0
36	86	6.0
36	87	5.0
36	88	4.0
36	89	2.0
36	90	9.0
36	91	4.0
36	92	4.0
36	93	6.0
36	94	3.0
36	95	5.0
36	96	4.0
36	97	3.0
36	98	7.0
36	99	5.0
36	100	4.0
36	101	2.0
36	102	5.0
36	103	5.0
36	104	5.0
36	105	4.0
36	106	6.0
36	107	4.0
36	108	6.0
36	109	5.0
36	110	4.0
36	111	3.0
36	112	6.0
36	113	1.0
36	114	1.0
36	115	4.0
36	116	1.0
36	117	3.0
36	118	4.0
36	119	6.0
36	120	5.0
36	121	4.0
36	122	7.0
37	38	50.0
37	39	19.0
37	40	18.0
37	41	8.0
37	42	13.0
37	43	7.0
37	44	11.0
37	45	7.0
37	46	10.0
37	47	11.0
37	48	14.0
37	49	6.0
37	50	10.0
37	51	13.0
37	52	13.0
37	53	6.0
37	54	12.0
37	55	9.0
37	56	11.0
37	57	6.0
37	58	5.0
37	59	5.0
37	60	4.0
37	61	9.0
37	62	6.0
37	63	7.0
37	64	4.0
37	65	8.0
37	66	7.0
37	67	1.0
37	68	9.0
37	69	5.0
37	70	5.0
37	71	11.0
37	72	7.0
37	73	5.0
37	74	4.0
37	75	7.0
37	76	3.0
37	77	1.0
37	78	6.0
37	79	7.0
37	80	1.0
37	81	2.0
37	82	8.0
37	83	3.0
37	84	6.0
37	85	5.0
37	86	6.0
37	87	3.0
37	88	6.0
37	89	5.0
37	90	7.0
37	91	8.0
37	92	6.0
37	93	4.0
37	94	8.0
37	95	2.0
37	96	4.0
37	97	5.0
37	98	5.0
37	99	4.0
37	100	7.0
37	101	7.0
37	102	5.0
37	103	6.0
37	104	3.0
37	105	2.0
37	106	5.0
37	107	7.0
37	108	4.0
37	109	5.0
37	110	4.0
37	111	4.0
37	112	2.0
37	113	7.0
37	114	6.0
37	115	1.0
37	116	7.0
37	117	4.0
37	118	3.0
37	119	7.0
37	120	2.0
37	121	4.0
37	122	4.0
38	39	60.0
38	40	32.0
38	41	18.0
38	42	22.0
38	43	15.0
38	44	13.0
38	45	9.0
38	46	13.0
38	47	13.0
38	48	16.0
38	49	9.0
38	50	12.0
38	51	11.0
38	52	9.0
38	53	8.0
38	54	10.0
38	55	8.0
38	56	5.0
38	57	9.0
38	58	8.0
38	59	7.0
38	60	13.0
38	61	4.0
38	62	5.0
38	63	7.0
38	64	6.0
38	65	7.0
38	66	1.0
38	67	5.0
38	68	4.0
38	69	6.0
38	70	3.0
38	71	8.0
38	72	6.0
38	73	5.0
38	74	3.0
38	75	7.0
38	76	7.0
38	77	3.0
38	78	1.0
38	79	5.0
38	80	5.0
38	81	4.0
38	82	8.0
38	83	8.0
38	84	2.0
38	85	3.0
38	86	10.0
38	87	5.0
38	88	4.0
38	89	7.0
38	90	8.0
38	91	5.0
38	92	6.0
38	93	4.0
38	94	6.0
38	95	5.0
38	96	4.0
38	97	11.0
38	98	8.0
38	99	5.0
38	100	6.0
38	101	1.0
38	102	2.0
38	103	7.0
38	104	4.0
38	105	13.0
38	106	6.0
38	107	9.0
38	108	5.0
38	109	6.0
38	110	8.0
38	111	9.0
38	112	2.0
38	113	6.0
38	114	5.0
38	115	7.0
38	116	5.0
38	117	3.0
38	118	5.0
38	119	5.0
38	120	5.0
38	121	5.0
38	122	12.0
39	40	56.0
39	41	33.0
39	42	24.0
39	43	31.0
39	44	13.0
39	45	11.0
39	46	9.0
39	47	7.0
39	48	11.0
39	49	8.0
39	50	11.0
39	51	11.0
39	52	13.0
39	53	10.0
39	54	7.0
39	55	8.0
39	56	10.0
39	57	10.0
39	58	9.0
39	59	9.0
39	60	12.0
39	61	9.0
39	62	6.0
39	63	10.0
39	64	7.0
39	65	6.0
39	66	5.0
39	67	6.0
39	68	7.0
39	69	8.0
39	70	7.0
39	71	9.0
39	72	4.0
39	73	4.0
39	74	11.0
39	75	4.0
39	76	5.0
39	77	8.0
39	78	6.0
39	79	7.0
39	80	6.0
39	81	4.0
39	82	6.0
39	83	7.0
39	84	8.0
39	85	5.0
39	86	5.0
39	87	7.0
39	88	5.0
39	89	4.0
39	90	11.0
39	91	5.0
39	92	4.0
39	93	4.0
39	94	3.0
39	95	4.0
39	96	3.0
39	97	5.0
39	98	13.0
39	99	4.0
39	100	6.0
39	101	5.0
39	102	7.0
39	103	6.0
39	104	6.0
39	105	4.0
39	106	4.0
39	107	4.0
39	108	12.0
39	109	10.0
39	110	7.0
39	111	9.0
39	112	3.0
39	113	7.0
39	114	4.0
39	115	6.0
39	116	11.0
39	117	4.0
39	118	5.0
39	119	2.0
39	120	7.0
39	121	7.0
39	122	2.0
40	41	59.0
40	42	30.0
40	43	15.0
40	44	17.0
40	45	16.0
40	46	13.0
40	47	12.0
40	48	13.0
40	49	12.0
40	50	17.0
40	51	10.0
40	52	7.0
40	53	12.0
40	54	15.0
40	55	9.0
40	56	17.0
40	57	5.0
40	58	9.0
40	59	10.0
40	60	13.0
40	61	11.0
40	62	11.0
40	63	8.0
40	64	7.0
40	65	16.0
40	66	8.0
40	67	12.0
40	68	14.0
40	69	14.0
40	70	5.0
40	71	7.0
40	72	12.0
40	73	7.0
40	74	8.0
40	75	7.0
40	76	12.0
40	77	12.0
40	78	6.0
40	79	12.0
40	80	6.0
40	81	3.0
40	82	10.0
40	83	4.0
40	84	2.0
40	85	6.0
40	86	10.0
40	87	8.0
40	88	8.0
40	89	9.0
40	90	5.0
40	91	3.0
40	92	5.0
40	93	6.0
40	94	10.0
40	95	10.0
40	96	9.0
40	97	6.0
40	98	9.0
40	99	6.0
40	100	7.0
40	101	4.0
40	102	6.0
40	103	7.0
40	104	2.0
40	105	11.0
40	106	2.0
40	107	6.0
40	108	6.0
40	109	7.0
40	110	8.0
40	111	7.0
40	112	6.0
40	113	3.0
40	114	8.0
40	115	6.0
40	116	4.0
40	117	11.0
40	118	8.0
40	119	9.0
40	120	9.0
40	121	7.0
40	122	14.0
41	42	54.0
41	43	31.0
41	44	26.0
41	45	16.0
41	46	16.0
41	47	9.0
41	48	20.0
41	49	14.0
41	50	19.0
41	51	23.0
41	52	13.0
41	53	17.0
41	54	19.0
41	55	8.0
41	56	12.0
41	57	11.0
41	58	13.0
41	59	10.0
41	60	13.0
41	61	12.0
41	62	12.0
41	63	10.0
41	64	9.0
41	65	6.0
41	66	11.0
41	67	8.0
41	68	9.0
41	69	8.0
41	70	7.0
41	71	8.0
41	72	12.0
41	73	17.0
41	74	8.0
41	75	4.0
41	76	10.0
41	77	6.0
41	78	6.0
41	79	6.0
41	80	4.0
41	81	8.0
41	82	5.0
41	83	8.0
41	84	11.0
41	85	11.0
41	86	11.0
41	87	8.0
41	88	9.0
41	89	7.0
41	90	8.0
41	91	11.0
41	92	8.0
41	93	5.0
41	94	10.0
41	95	7.0
41	96	3.0
41	97	10.0
41	98	4.0
41	99	7.0
41	100	5.0
41	101	7.0
41	102	7.0
41	103	4.0
41	104	2.0
41	105	7.0
41	106	10.0
41	107	8.0
41	108	8.0
41	109	2.0
41	110	7.0
41	111	5.0
41	112	10.0
41	113	4.0
41	114	6.0
41	115	4.0
41	116	3.0
41	117	3.0
41	118	9.0
41	119	8.0
41	120	12.0
41	121	7.0
41	122	7.0
42	43	57.0
42	44	25.0
42	45	15.0
42	46	8.0
42	47	15.0
42	48	15.0
42	49	18.0
42	50	19.0
42	51	16.0
42	52	13.0
42	53	9.0
42	54	10.0
42	55	12.0
42	56	17.0
42	57	11.0
42	58	13.0
42	59	14.0
42	60	4.0
42	61	8.0
42	62	10.0
42	63	13.0
42	64	10.0
42	65	11.0
42	66	7.0
42	67	7.0
42	68	9.0
42	69	13.0
42	70	7.0
42	71	8.0
42	72	7.0
42	73	3.0
42	74	10.0
42	75	5.0
42	76	11.0
42	77	11.0
42	78	6.0
42	79	4.0
42	80	6.0
42	81	2.0
42	82	4.0
42	83	10.0
42	84	8.0
42	85	5.0
42	86	5.0
42	87	9.0
42	88	4.0
42	89	7.0
42	90	5.0
42	91	9.0
42	92	4.0
42	93	7.0
42	94	9.0
42	95	6.0
42	96	10.0
42	97	3.0
42	98	4.0
42	99	5.0
42	100	3.0
42	101	5.0
42	102	6.0
42	103	8.0
42	104	8.0
42	105	4.0
42	106	7.0
42	107	5.0
42	108	6.0
42	109	7.0
42	110	8.0
42	111	7.0
42	112	5.0
42	113	8.0
42	114	5.0
42	115	4.0
42	116	6.0
42	117	1.0
42	118	3.0
42	119	5.0
42	120	9.0
42	121	9.0
42	122	4.0
43	44	53.0
43	45	34.0
43	46	20.0
43	47	12.0
43	48	17.0
43	49	16.0
43	50	16.0
43	51	15.0
43	52	17.0
43	53	13.0
43	54	14.0
43	55	18.0
43	56	8.0
43	57	18.0
43	58	4.0
43	59	11.0
43	60	9.0
43	61	15.0
43	62	10.0
43	63	10.0
43	64	9.0
43	65	11.0
43	66	16.0
43	67	9.0
43	68	11.0
43	69	5.0
43	70	6.0
43	71	8.0
43	72	10.0
43	73	10.0
43	74	7.0
43	75	7.0
43	76	8.0
43	77	13.0
43	78	7.0
43	79	9.0
43	80	9.0
43	81	7.0
43	82	3.0
43	83	8.0
43	84	4.0
43	85	6.0
43	86	6.0
43	87	2.0
43	88	5.0
43	89	6.0
43	90	3.0
43	91	6.0
43	92	7.0
43	93	6.0
43	94	6.0
43	95	3.0
43	96	3.0
43	97	5.0
43	98	9.0
43	99	4.0
43	100	3.0
43	101	2.0
43	102	8.0
43	103	5.0
43	104	12.0
43	105	7.0
43	106	5.0
43	107	3.0
43	108	7.0
43	109	3.0
43	110	6.0
43	111	6.0
43	112	8.0
43	113	6.0
43	114	4.0
43	115	7.0
43	116	7.0
43	117	8.0
43	118	6.0
43	119	8.0
43	120	4.0
43	121	7.0
43	122	4.0
44	45	44.0
44	46	34.0
44	47	30.0
44	48	18.0
44	49	17.0
44	50	18.0
44	51	16.0
44	52	15.0
44	53	15.0
44	54	11.0
44	55	16.0
44	56	8.0
44	57	8.0
44	58	11.0
44	59	13.0
44	60	15.0
44	61	10.0
44	62	9.0
44	63	11.0
44	64	5.0
44	65	8.0
44	66	14.0
44	67	3.0
44	68	11.0
44	69	8.0
44	70	16.0
44	71	9.0
44	72	9.0
44	73	6.0
44	74	9.0
44	75	8.0
44	76	11.0
44	77	6.0
44	78	6.0
44	79	4.0
44	80	7.0
44	81	8.0
44	82	13.0
44	83	7.0
44	84	6.0
44	85	13.0
44	86	9.0
44	87	5.0
44	88	4.0
44	89	4.0
44	90	6.0
44	91	8.0
44	92	4.0
44	93	4.0
44	94	5.0
44	95	2.0
44	96	6.0
44	97	6.0
44	98	5.0
44	99	8.0
44	100	2.0
44	101	12.0
44	102	4.0
44	103	5.0
44	104	5.0
44	105	4.0
44	106	8.0
44	107	7.0
44	108	8.0
44	109	10.0
44	110	6.0
44	111	7.0
44	112	2.0
44	113	3.0
44	114	10.0
44	115	5.0
44	116	2.0
44	117	11.0
44	118	3.0
44	119	9.0
44	120	5.0
44	121	8.0
44	122	6.0
45	46	60.0
45	47	46.0
45	48	28.0
45	49	28.0
45	50	18.0
45	51	20.0
45	52	16.0
45	53	17.0
45	54	14.0
45	55	22.0
45	56	16.0
45	57	10.0
45	58	19.0
45	59	16.0
45	60	20.0
45	61	12.0
45	62	12.0
45	63	11.0
45	64	15.0
45	65	20.0
45	66	13.0
45	67	9.0
45	68	16.0
45	69	15.0
45	70	7.0
45	71	12.0
45	72	10.0
45	73	8.0
45	74	11.0
45	75	5.0
45	76	5.0
45	77	8.0
45	78	8.0
45	79	12.0
45	80	8.0
45	81	11.0
45	82	10.0
45	83	9.0
45	84	5.0
45	85	9.0
45	86	7.0
45	87	4.0
45	88	9.0
45	89	8.0
45	90	7.0
45	91	10.0
45	92	6.0
45	93	5.0
45	94	12.0
45	95	6.0
45	96	9.0
45	97	5.0
45	98	4.0
45	99	3.0
45	100	3.0
45	101	7.0
45	102	9.0
45	103	8.0
45	104	6.0
45	105	4.0
45	106	3.0
45	107	4.0
45	108	8.0
45	109	7.0
45	110	5.0
45	111	4.0
45	112	11.0
45	113	11.0
45	114	10.0
45	115	5.0
45	116	4.0
45	117	4.0
45	118	11.0
45	119	7.0
45	120	3.0
45	121	8.0
45	122	11.0
46	47	66.0
46	48	24.0
46	49	24.0
46	50	18.0
46	51	29.0
46	52	20.0
46	53	20.0
46	54	25.0
46	55	22.0
46	56	22.0
46	57	24.0
46	58	19.0
46	59	14.0
46	60	15.0
46	61	16.0
46	62	27.0
46	63	15.0
46	64	23.0
46	65	15.0
46	66	20.0
46	67	18.0
46	68	14.0
46	69	9.0
46	70	13.0
46	71	12.0
46	72	12.0
46	73	11.0
46	74	8.0
46	75	12.0
46	76	12.0
46	77	10.0
46	78	10.0
46	79	14.0
46	80	10.0
46	81	9.0
46	82	9.0
46	83	7.0
46	84	4.0
46	85	11.0
46	86	13.0
46	87	11.0
46	88	7.0
46	89	11.0
46	90	11.0
46	91	6.0
46	92	7.0
46	93	3.0
46	94	7.0
46	95	11.0
46	96	4.0
46	97	8.0
46	98	5.0
46	99	7.0
46	100	6.0
46	101	8.0
46	102	5.0
46	103	3.0
46	104	6.0
46	105	5.0
46	106	7.0
46	107	9.0
46	108	3.0
46	109	8.0
46	110	10.0
46	111	10.0
46	112	4.0
46	113	5.0
46	114	7.0
46	115	9.0
46	116	9.0
46	117	14.0
46	118	6.0
46	119	11.0
46	120	9.0
46	121	8.0
46	122	6.0
47	48	52.0
47	49	23.0
47	50	20.0
47	51	32.0
47	52	33.0
47	53	25.0
47	54	22.0
47	55	24.0
47	56	36.0
47	57	32.0
47	58	17.0
47	59	13.0
47	60	22.0
47	61	20.0
47	62	17.0
47	63	16.0
47	64	15.0
47	65	20.0
47	66	12.0
47	67	18.0
47	68	10.0
47	69	17.0
47	70	11.0
47	71	8.0
47	72	8.0
47	73	15.0
47	74	13.0
47	75	10.0
47	76	9.0
47	77	9.0
47	78	11.0
47	79	13.0
47	80	13.0
47	81	16.0
47	82	10.0
47	83	15.0
47	84	6.0
47	85	11.0
47	86	10.0
47	87	6.0
47	88	6.0
47	89	11.0
47	90	6.0
47	91	9.0
47	92	8.0
47	93	9.0
47	94	10.0
47	95	14.0
47	96	9.0
47	97	7.0
47	98	6.0
47	99	2.0
47	100	4.0
47	101	8.0
47	102	6.0
47	103	7.0
47	104	5.0
47	105	8.0
47	106	7.0
47	107	14.0
47	108	6.0
47	109	6.0
47	110	16.0
47	111	3.0
47	112	12.0
47	113	12.0
47	114	11.0
47	115	10.0
47	116	11.0
47	117	1.0
47	118	7.0
47	119	12.0
47	120	8.0
47	121	9.0
47	122	9.0
48	49	52.0
48	50	29.0
48	51	84.0
48	52	67.0
48	53	50.0
48	54	29.0
48	55	38.0
48	56	25.0
48	57	26.0
48	58	32.0
48	59	21.0
48	60	28.0
48	61	23.0
48	62	17.0
48	63	28.0
48	64	20.0
48	65	10.0
48	66	14.0
48	67	18.0
48	68	11.0
48	69	14.0
48	70	10.0
48	71	12.0
48	72	14.0
48	73	9.0
48	74	17.0
48	75	8.0
48	76	10.0
48	77	12.0
48	78	8.0
48	79	11.0
48	80	10.0
48	81	12.0
48	82	12.0
48	83	14.0
48	84	14.0
48	85	8.0
48	86	11.0
48	87	7.0
48	88	13.0
48	89	8.0
48	90	10.0
48	91	8.0
48	92	5.0
48	93	12.0
48	94	10.0
48	95	3.0
48	96	4.0
48	97	11.0
48	98	8.0
48	99	11.0
48	100	8.0
48	101	7.0
48	102	9.0
48	103	7.0
48	104	6.0
48	105	9.0
48	106	7.0
48	107	5.0
48	108	6.0
48	109	9.0
48	110	7.0
48	111	4.0
48	112	11.0
48	113	5.0
48	114	12.0
48	115	8.0
48	116	6.0
48	117	8.0
48	118	11.0
48	119	10.0
48	120	7.0
48	121	10.0
48	122	10.0
49	50	103.0
49	51	131.0
49	52	48.0
49	53	33.0
49	54	47.0
49	55	34.0
49	56	31.0
49	57	35.0
49	58	38.0
49	59	28.0
49	60	30.0
49	61	16.0
49	62	18.0
49	63	15.0
49	64	20.0
49	65	12.0
49	66	18.0
49	67	15.0
49	68	21.0
49	69	21.0
49	70	20.0
49	71	16.0
49	72	25.0
49	73	19.0
49	74	20.0
49	75	10.0
49	76	10.0
49	77	14.0
49	78	17.0
49	79	8.0
49	80	16.0
49	81	17.0
49	82	15.0
49	83	11.0
49	84	10.0
49	85	14.0
49	86	5.0
49	87	6.0
49	88	11.0
49	89	7.0
49	90	9.0
49	91	8.0
49	92	9.0
49	93	15.0
49	94	10.0
49	95	7.0
49	96	7.0
49	97	8.0
49	98	9.0
49	99	6.0
49	100	4.0
49	101	6.0
49	102	8.0
49	103	9.0
49	104	9.0
49	105	5.0
49	106	10.0
49	107	10.0
49	108	12.0
49	109	10.0
49	110	10.0
49	111	9.0
49	112	13.0
49	113	6.0
49	114	10.0
49	115	14.0
49	116	16.0
49	117	21.0
49	118	10.0
49	119	10.0
49	120	13.0
49	121	4.0
49	122	14.0
50	51	45.0
50	52	31.0
50	53	34.0
50	54	28.0
50	55	30.0
50	56	20.0
50	57	31.0
50	58	31.0
50	59	31.0
50	60	33.0
50	61	32.0
50	62	18.0
50	63	18.0
50	64	19.0
50	65	20.0
50	66	18.0
50	67	19.0
50	68	12.0
50	69	14.0
50	70	16.0
50	71	13.0
50	72	15.0
50	73	12.0
50	74	16.0
50	75	11.0
50	76	16.0
50	77	17.0
50	78	18.0
50	79	10.0
50	80	10.0
50	81	12.0
50	82	6.0
50	83	13.0
50	84	15.0
50	85	7.0
50	86	11.0
50	87	9.0
50	88	9.0
50	89	13.0
50	90	12.0
50	91	15.0
50	92	12.0
50	93	13.0
50	94	7.0
50	95	4.0
50	96	4.0
50	97	7.0
50	98	7.0
50	99	14.0
50	100	14.0
50	101	7.0
50	102	7.0
50	103	8.0
50	104	9.0
50	105	10.0
50	106	10.0
50	107	13.0
50	108	12.0
50	109	14.0
50	110	11.0
50	111	12.0
50	112	7.0
50	113	9.0
50	114	15.0
50	115	7.0
50	116	11.0
50	117	14.0
50	118	12.0
50	119	10.0
50	120	15.0
50	121	14.0
50	122	12.0
51	52	77.0
51	53	34.0
51	54	48.0
51	55	38.0
51	56	38.0
51	57	41.0
51	58	26.0
51	59	21.0
51	60	33.0
51	61	19.0
51	62	19.0
51	63	19.0
51	64	13.0
51	65	17.0
51	66	11.0
51	67	23.0
51	68	9.0
51	69	12.0
51	70	21.0
51	71	19.0
51	72	15.0
51	73	13.0
51	74	18.0
51	75	16.0
51	76	7.0
51	77	15.0
51	78	7.0
51	79	16.0
51	80	9.0
51	81	16.0
51	82	13.0
51	83	9.0
51	84	10.0
51	85	12.0
51	86	11.0
51	87	11.0
51	88	13.0
51	89	14.0
51	90	9.0
51	91	9.0
51	92	9.0
51	93	10.0
51	94	8.0
51	95	9.0
51	96	18.0
51	97	6.0
51	98	13.0
51	99	8.0
51	100	9.0
51	101	9.0
51	102	12.0
51	103	7.0
51	104	6.0
51	105	10.0
51	106	9.0
51	107	11.0
51	108	8.0
51	109	7.0
51	110	6.0
51	111	9.0
51	112	11.0
51	113	10.0
51	114	11.0
51	115	10.0
51	116	10.0
51	117	15.0
51	118	6.0
51	119	12.0
51	120	7.0
51	121	9.0
51	122	7.0
52	53	84.0
52	54	60.0
52	55	35.0
52	56	32.0
52	57	45.0
52	58	43.0
52	59	30.0
52	60	24.0
52	61	28.0
52	62	14.0
52	63	18.0
52	64	28.0
52	65	16.0
52	66	15.0
52	67	20.0
52	68	26.0
52	69	10.0
52	70	16.0
52	71	24.0
52	72	17.0
52	73	19.0
52	74	16.0
52	75	11.0
52	76	8.0
52	77	24.0
52	78	15.0
52	79	14.0
52	80	15.0
52	81	11.0
52	82	12.0
52	83	11.0
52	84	16.0
52	85	13.0
52	86	12.0
52	87	8.0
52	88	9.0
52	89	9.0
52	90	7.0
52	91	10.0
52	92	5.0
52	93	11.0
52	94	9.0
52	95	12.0
52	96	13.0
52	97	11.0
52	98	8.0
52	99	10.0
52	100	6.0
52	101	11.0
52	102	18.0
52	103	4.0
52	104	3.0
52	105	12.0
52	106	15.0
52	107	10.0
52	108	10.0
52	109	5.0
52	110	8.0
52	111	18.0
52	112	9.0
52	113	9.0
52	114	9.0
52	115	13.0
52	116	12.0
52	117	8.0
52	118	11.0
52	119	11.0
52	120	6.0
52	121	10.0
52	122	9.0
53	54	88.0
53	55	45.0
53	56	39.0
53	57	46.0
53	58	38.0
53	59	34.0
53	60	32.0
53	61	26.0
53	62	22.0
53	63	23.0
53	64	23.0
53	65	23.0
53	66	24.0
53	67	24.0
53	68	31.0
53	69	25.0
53	70	12.0
53	71	20.0
53	72	21.0
53	73	29.0
53	74	11.0
53	75	10.0
53	76	15.0
53	77	20.0
53	78	10.0
53	79	17.0
53	80	17.0
53	81	18.0
53	82	8.0
53	83	9.0
53	84	7.0
53	85	16.0
53	86	8.0
53	87	10.0
53	88	14.0
53	89	10.0
53	90	10.0
53	91	7.0
53	92	11.0
53	93	7.0
53	94	11.0
53	95	11.0
53	96	10.0
53	97	6.0
53	98	6.0
53	99	7.0
53	100	18.0
53	101	9.0
53	102	10.0
53	103	9.0
53	104	11.0
53	105	11.0
53	106	11.0
53	107	19.0
53	108	8.0
53	109	8.0
53	110	10.0
53	111	6.0
53	112	12.0
53	113	5.0
53	114	12.0
53	115	11.0
53	116	9.0
53	117	11.0
53	118	13.0
53	119	14.0
53	120	12.0
53	121	12.0
53	122	14.0
54	55	57.0
54	56	60.0
54	57	91.0
54	58	61.0
54	59	33.0
54	60	40.0
54	61	61.0
54	62	37.0
54	63	22.0
54	64	23.0
54	65	25.0
54	66	19.0
54	67	22.0
54	68	32.0
54	69	33.0
54	70	29.0
54	71	13.0
54	72	17.0
54	73	15.0
54	74	18.0
54	75	16.0
54	76	19.0
54	77	17.0
54	78	15.0
54	79	17.0
54	80	20.0
54	81	16.0
54	82	13.0
54	83	5.0
54	84	18.0
54	85	17.0
54	86	12.0
54	87	12.0
54	88	13.0
54	89	12.0
54	90	18.0
54	91	17.0
54	92	12.0
54	93	15.0
54	94	12.0
54	95	14.0
54	96	7.0
54	97	9.0
54	98	6.0
54	99	10.0
54	100	12.0
54	101	14.0
54	102	14.0
54	103	13.0
54	104	16.0
54	105	8.0
54	106	12.0
54	107	9.0
54	108	5.0
54	109	14.0
54	110	5.0
54	111	11.0
54	112	8.0
54	113	12.0
54	114	15.0
54	115	13.0
54	116	13.0
54	117	8.0
54	118	9.0
54	119	6.0
54	120	10.0
54	121	13.0
54	122	10.0
55	56	274.0
55	57	43.0
55	58	39.0
55	59	24.0
55	60	28.0
55	61	39.0
55	62	40.0
55	63	31.0
55	64	25.0
55	65	35.0
55	66	22.0
55	67	17.0
55	68	18.0
55	69	19.0
55	70	15.0
55	71	18.0
55	72	18.0
55	73	20.0
55	74	10.0
55	75	12.0
55	76	16.0
55	77	18.0
55	78	16.0
55	79	10.0
55	80	14.0
55	81	16.0
55	82	11.0
55	83	11.0
55	84	10.0
55	85	15.0
55	86	9.0
55	87	8.0
55	88	17.0
55	89	12.0
55	90	17.0
55	91	8.0
55	92	17.0
55	93	12.0
55	94	13.0
55	95	11.0
55	96	8.0
55	97	9.0
55	98	4.0
55	99	10.0
55	100	10.0
55	101	7.0
55	102	13.0
55	103	4.0
55	104	15.0
55	105	4.0
55	106	12.0
55	107	5.0
55	108	13.0
55	109	8.0
55	110	6.0
55	111	10.0
55	112	5.0
55	113	4.0
55	114	9.0
55	115	5.0
55	116	11.0
55	117	16.0
55	118	8.0
55	119	12.0
55	120	8.0
55	121	10.0
55	122	9.0
56	57	63.0
56	58	42.0
56	59	23.0
56	60	24.0
56	61	41.0
56	62	36.0
56	63	35.0
56	64	33.0
56	65	33.0
56	66	19.0
56	67	22.0
56	68	11.0
56	69	21.0
56	70	21.0
56	71	18.0
56	72	20.0
56	73	15.0
56	74	17.0
56	75	20.0
56	76	15.0
56	77	24.0
56	78	13.0
56	79	16.0
56	80	12.0
56	81	6.0
56	82	13.0
56	83	10.0
56	84	9.0
56	85	15.0
56	86	16.0
56	87	10.0
56	88	9.0
56	89	8.0
56	90	12.0
56	91	7.0
56	92	6.0
56	93	8.0
56	94	10.0
56	95	10.0
56	96	11.0
56	97	6.0
56	98	6.0
56	99	7.0
56	100	12.0
56	101	10.0
56	102	11.0
56	103	8.0
56	104	5.0
56	105	15.0
56	106	13.0
56	107	15.0
56	108	13.0
56	109	5.0
56	110	6.0
56	111	8.0
56	112	11.0
56	113	11.0
56	114	10.0
56	115	11.0
56	116	14.0
56	117	10.0
56	118	5.0
56	119	11.0
56	120	12.0
56	121	7.0
56	122	2.0
57	58	88.0
57	59	58.0
57	60	46.0
57	61	71.0
57	62	50.0
57	63	35.0
57	64	43.0
57	65	23.0
57	66	26.0
57	67	31.0
57	68	21.0
57	69	33.0
57	70	24.0
57	71	23.0
57	72	15.0
57	73	25.0
57	74	25.0
57	75	16.0
57	76	13.0
57	77	26.0
57	78	20.0
57	79	16.0
57	80	17.0
57	81	14.0
57	82	14.0
57	83	14.0
57	84	19.0
57	85	11.0
57	86	18.0
57	87	16.0
57	88	13.0
57	89	17.0
57	90	16.0
57	91	12.0
57	92	16.0
57	93	12.0
57	94	6.0
57	95	11.0
57	96	13.0
57	97	8.0
57	98	8.0
57	99	14.0
57	100	8.0
57	101	8.0
57	102	8.0
57	103	9.0
57	104	10.0
57	105	8.0
57	106	16.0
57	107	6.0
57	108	10.0
57	109	7.0
57	110	11.0
57	111	11.0
57	112	9.0
57	113	15.0
57	114	15.0
57	115	16.0
57	116	7.0
57	117	11.0
57	118	19.0
57	119	12.0
57	120	7.0
57	121	19.0
57	122	12.0
58	59	68.0
58	60	74.0
58	61	243.0
58	62	59.0
58	63	56.0
58	64	44.0
58	65	38.0
58	66	30.0
58	67	34.0
58	68	41.0
58	69	40.0
58	70	28.0
58	71	32.0
58	72	26.0
58	73	18.0
58	74	29.0
58	75	24.0
58	76	25.0
58	77	18.0
58	78	18.0
58	79	32.0
58	80	12.0
58	81	18.0
58	82	15.0
58	83	18.0
58	84	14.0
58	85	23.0
58	86	14.0
58	87	14.0
58	88	9.0
58	89	16.0
58	90	12.0
58	91	14.0
58	92	23.0
58	93	15.0
58	94	13.0
58	95	14.0
58	96	8.0
58	97	8.0
58	98	5.0
58	99	8.0
58	100	11.0
58	101	6.0
58	102	12.0
58	103	10.0
58	104	12.0
58	105	14.0
58	106	17.0
58	107	12.0
58	108	11.0
58	109	14.0
58	110	11.0
58	111	14.0
58	112	10.0
58	113	13.0
58	114	10.0
58	115	7.0
58	116	12.0
58	117	14.0
58	118	8.0
58	119	17.0
58	120	15.0
58	121	17.0
58	122	11.0
59	60	229.0
59	61	55.0
59	62	37.0
59	63	19.0
59	64	25.0
59	65	24.0
59	66	21.0
59	67	36.0
59	68	34.0
59	69	35.0
59	70	39.0
59	71	33.0
59	72	40.0
59	73	39.0
59	74	41.0
59	75	34.0
59	76	29.0
59	77	36.0
59	78	35.0
59	79	17.0
59	80	35.0
59	81	23.0
59	82	22.0
59	83	24.0
59	84	20.0
59	85	19.0
59	86	12.0
59	87	19.0
59	88	10.0
59	89	11.0
59	90	13.0
59	91	18.0
59	92	12.0
59	93	14.0
59	94	16.0
59	95	16.0
59	96	15.0
59	97	11.0
59	98	14.0
59	99	12.0
59	100	9.0
59	101	14.0
59	102	8.0
59	103	17.0
59	104	16.0
59	105	14.0
59	106	15.0
59	107	13.0
59	108	17.0
59	109	7.0
59	110	12.0
59	111	14.0
59	112	12.0
59	113	11.0
59	114	15.0
59	115	15.0
59	116	24.0
59	117	20.0
59	118	12.0
59	119	13.0
59	120	16.0
59	121	15.0
59	122	17.0
60	61	57.0
60	62	30.0
60	63	33.0
60	64	22.0
60	65	23.0
60	66	27.0
60	67	41.0
60	68	35.0
60	69	33.0
60	70	39.0
60	71	37.0
60	72	32.0
60	73	38.0
60	74	25.0
60	75	29.0
60	76	22.0
60	77	35.0
60	78	20.0
60	79	20.0
60	80	22.0
60	81	22.0
60	82	14.0
60	83	15.0
60	84	24.0
60	85	23.0
60	86	10.0
60	87	17.0
60	88	14.0
60	89	15.0
60	90	16.0
60	91	9.0
60	92	12.0
60	93	13.0
60	94	19.0
60	95	7.0
60	96	13.0
60	97	11.0
60	98	8.0
60	99	10.0
60	100	11.0
60	101	16.0
60	102	7.0
60	103	12.0
60	104	18.0
60	105	12.0
60	106	13.0
60	107	15.0
60	108	14.0
60	109	15.0
60	110	17.0
60	111	11.0
60	112	10.0
60	113	14.0
60	114	12.0
60	115	11.0
60	116	18.0
60	117	21.0
60	118	21.0
60	119	17.0
60	120	19.0
60	121	15.0
60	122	9.0
61	62	73.0
61	63	45.0
61	64	45.0
61	65	42.0
61	66	27.0
61	67	59.0
61	68	50.0
61	69	37.0
61	70	35.0
61	71	25.0
61	72	32.0
61	73	40.0
61	74	18.0
61	75	32.0
61	76	14.0
61	77	23.0
61	78	23.0
61	79	23.0
61	80	15.0
61	81	18.0
61	82	23.0
61	83	23.0
61	84	23.0
61	85	22.0
61	86	27.0
61	87	19.0
61	88	20.0
61	89	13.0
61	90	21.0
61	91	17.0
61	92	8.0
61	93	17.0
61	94	13.0
61	95	11.0
61	96	10.0
61	97	11.0
61	98	12.0
61	99	9.0
61	100	9.0
61	101	10.0
61	102	16.0
61	103	10.0
61	104	9.0
61	105	11.0
61	106	9.0
61	107	12.0
61	108	12.0
61	109	14.0
61	110	17.0
61	111	18.0
61	112	12.0
61	113	8.0
61	114	9.0
61	115	9.0
61	116	16.0
61	117	16.0
61	118	14.0
61	119	14.0
61	120	9.0
61	121	18.0
61	122	12.0
62	63	78.0
62	64	83.0
62	65	78.0
62	66	60.0
62	67	54.0
62	68	40.0
62	69	36.0
62	70	23.0
62	71	20.0
62	72	28.0
62	73	25.0
62	74	26.0
62	75	16.0
62	76	23.0
62	77	20.0
62	78	17.0
62	79	15.0
62	80	22.0
62	81	22.0
62	82	15.0
62	83	14.0
62	84	17.0
62	85	21.0
62	86	12.0
62	87	8.0
62	88	20.0
62	89	11.0
62	90	16.0
62	91	14.0
62	92	15.0
62	93	13.0
62	94	8.0
62	95	8.0
62	96	8.0
62	97	10.0
62	98	12.0
62	99	12.0
62	100	16.0
62	101	9.0
62	102	4.0
62	103	8.0
62	104	12.0
62	105	13.0
62	106	14.0
62	107	14.0
62	108	12.0
62	109	7.0
62	110	9.0
62	111	11.0
62	112	10.0
62	113	13.0
62	114	9.0
62	115	14.0
62	116	11.0
62	117	21.0
62	118	6.0
62	119	7.0
62	120	16.0
62	121	12.0
62	122	7.0
63	64	244.0
63	65	148.0
63	66	73.0
63	67	56.0
63	68	49.0
63	69	36.0
63	70	36.0
63	71	24.0
63	72	23.0
63	73	25.0
63	74	27.0
63	75	27.0
63	76	25.0
63	77	14.0
63	78	16.0
63	79	29.0
63	80	28.0
63	81	28.0
63	82	25.0
63	83	27.0
63	84	16.0
63	85	22.0
63	86	15.0
63	87	17.0
63	88	14.0
63	89	18.0
63	90	19.0
63	91	12.0
63	92	14.0
63	93	14.0
63	94	16.0
63	95	5.0
63	96	16.0
63	97	9.0
63	98	6.0
63	99	10.0
63	100	9.0
63	101	15.0
63	102	6.0
63	103	11.0
63	104	8.0
63	105	11.0
63	106	14.0
63	107	15.0
63	108	14.0
63	109	13.0
63	110	4.0
63	111	15.0
63	112	9.0
63	113	6.0
63	114	14.0
63	115	14.0
63	116	10.0
63	117	15.0
63	118	9.0
63	119	8.0
63	120	11.0
63	121	9.0
63	122	13.0
64	65	114.0
64	66	59.0
64	67	65.0
64	68	46.0
64	69	42.0
64	70	29.0
64	71	27.0
64	72	19.0
64	73	30.0
64	74	24.0
64	75	31.0
64	76	27.0
64	77	12.0
64	78	25.0
64	79	16.0
64	80	13.0
64	81	28.0
64	82	17.0
64	83	14.0
64	84	13.0
64	85	19.0
64	86	16.0
64	87	24.0
64	88	15.0
64	89	17.0
64	90	17.0
64	91	17.0
64	92	19.0
64	93	15.0
64	94	7.0
64	95	9.0
64	96	11.0
64	97	10.0
64	98	13.0
64	99	13.0
64	100	8.0
64	101	14.0
64	102	10.0
64	103	7.0
64	104	9.0
64	105	8.0
64	106	12.0
64	107	7.0
64	108	14.0
64	109	13.0
64	110	15.0
64	111	8.0
64	112	5.0
64	113	14.0
64	114	13.0
64	115	11.0
64	116	12.0
64	117	16.0
64	118	6.0
64	119	16.0
64	120	9.0
64	121	14.0
64	122	12.0
65	66	101.0
65	67	66.0
65	68	52.0
65	69	36.0
65	70	25.0
65	71	18.0
65	72	22.0
65	73	26.0
65	74	22.0
65	75	23.0
65	76	18.0
65	77	26.0
65	78	20.0
65	79	22.0
65	80	25.0
65	81	14.0
65	82	12.0
65	83	18.0
65	84	11.0
65	85	19.0
65	86	12.0
65	87	19.0
65	88	15.0
65	89	17.0
65	90	10.0
65	91	14.0
65	92	10.0
65	93	12.0
65	94	11.0
65	95	10.0
65	96	10.0
65	97	15.0
65	98	18.0
65	99	11.0
65	100	12.0
65	101	9.0
65	102	6.0
65	103	14.0
65	104	12.0
65	105	14.0
65	106	8.0
65	107	12.0
65	108	8.0
65	109	12.0
65	110	18.0
65	111	8.0
65	112	5.0
65	113	14.0
65	114	15.0
65	115	10.0
65	116	8.0
65	117	16.0
65	118	6.0
65	119	15.0
65	120	16.0
65	121	6.0
65	122	11.0
66	67	59.0
66	68	50.0
66	69	41.0
66	70	31.0
66	71	21.0
66	72	21.0
66	73	25.0
66	74	22.0
66	75	16.0
66	76	25.0
66	77	22.0
66	78	16.0
66	79	27.0
66	80	14.0
66	81	20.0
66	82	20.0
66	83	12.0
66	84	19.0
66	85	14.0
66	86	20.0
66	87	17.0
66	88	21.0
66	89	10.0
66	90	19.0
66	91	12.0
66	92	12.0
66	93	11.0
66	94	20.0
66	95	9.0
66	96	9.0
66	97	2.0
66	98	12.0
66	99	13.0
66	100	9.0
66	101	4.0
66	102	6.0
66	103	12.0
66	104	7.0
66	105	9.0
66	106	6.0
66	107	11.0
66	108	8.0
66	109	8.0
66	110	13.0
66	111	10.0
66	112	8.0
66	113	10.0
66	114	14.0
66	115	12.0
66	116	11.0
66	117	8.0
66	118	11.0
66	119	9.0
66	120	5.0
66	121	14.0
66	122	12.0
67	68	253.0
67	69	83.0
67	70	48.0
67	71	30.0
67	72	28.0
67	73	42.0
67	74	31.0
67	75	32.0
67	76	39.0
67	77	33.0
67	78	40.0
67	79	29.0
67	80	28.0
67	81	33.0
67	82	23.0
67	83	21.0
67	84	29.0
67	85	10.0
67	86	19.0
67	87	20.0
67	88	17.0
67	89	17.0
67	90	18.0
67	91	13.0
67	92	19.0
67	93	18.0
67	94	18.0
67	95	18.0
67	96	12.0
67	97	13.0
67	98	15.0
67	99	13.0
67	100	11.0
67	101	12.0
67	102	9.0
67	103	14.0
67	104	9.0
67	105	15.0
67	106	9.0
67	107	11.0
67	108	17.0
67	109	22.0
67	110	18.0
67	111	5.0
67	112	16.0
67	113	9.0
67	114	7.0
67	115	11.0
67	116	7.0
67	117	17.0
67	118	13.0
67	119	12.0
67	120	17.0
67	121	14.0
67	122	6.0
68	69	109.0
68	70	58.0
68	71	29.0
68	72	27.0
68	73	30.0
68	74	33.0
68	75	27.0
68	76	41.0
68	77	30.0
68	78	42.0
68	79	27.0
68	80	40.0
68	81	30.0
68	82	28.0
68	83	25.0
68	84	29.0
68	85	37.0
68	86	33.0
68	87	22.0
68	88	25.0
68	89	24.0
68	90	22.0
68	91	11.0
68	92	25.0
68	93	21.0
68	94	17.0
68	95	22.0
68	96	19.0
68	97	13.0
68	98	20.0
68	99	8.0
68	100	17.0
68	101	12.0
68	102	13.0
68	103	9.0
68	104	14.0
68	105	10.0
68	106	12.0
68	107	11.0
68	108	12.0
68	109	11.0
68	110	15.0
68	111	8.0
68	112	9.0
68	113	8.0
68	114	14.0
68	115	11.0
68	116	17.0
68	117	16.0
68	118	11.0
68	119	15.0
68	120	18.0
68	121	10.0
68	122	19.0
69	70	77.0
69	71	26.0
69	72	32.0
69	73	46.0
69	74	35.0
69	75	39.0
69	76	48.0
69	77	31.0
69	78	29.0
69	79	28.0
69	80	33.0
69	81	31.0
69	82	31.0
69	83	32.0
69	84	26.0
69	85	28.0
69	86	27.0
69	87	16.0
69	88	14.0
69	89	19.0
69	90	26.0
69	91	21.0
69	92	13.0
69	93	16.0
69	94	19.0
69	95	17.0
69	96	15.0
69	97	13.0
69	98	10.0
69	99	9.0
69	100	14.0
69	101	19.0
69	102	8.0
69	103	13.0
69	104	7.0
69	105	11.0
69	106	13.0
69	107	7.0
69	108	15.0
69	109	22.0
69	110	11.0
69	111	12.0
69	112	10.0
69	113	12.0
69	114	13.0
69	115	12.0
69	116	17.0
69	117	24.0
69	118	12.0
69	119	13.0
69	120	17.0
69	121	14.0
69	122	11.0
70	71	50.0
70	72	45.0
70	73	117.0
70	74	70.0
70	75	101.0
70	76	123.0
70	77	82.0
70	78	52.0
70	79	43.0
70	80	47.0
70	81	45.0
70	82	46.0
70	83	39.0
70	84	50.0
70	85	37.0
70	86	28.0
70	87	29.0
70	88	20.0
70	89	22.0
70	90	26.0
70	91	22.0
70	92	19.0
70	93	22.0
70	94	18.0
70	95	18.0
70	96	21.0
70	97	11.0
70	98	12.0
70	99	15.0
70	100	27.0
70	101	27.0
70	102	8.0
70	103	14.0
70	104	10.0
70	105	19.0
70	106	13.0
70	107	20.0
70	108	18.0
70	109	16.0
70	110	17.0
70	111	8.0
70	112	10.0
70	113	14.0
70	114	23.0
70	115	20.0
70	116	23.0
70	117	18.0
70	118	17.0
70	119	19.0
70	120	12.0
70	121	11.0
70	122	14.0
71	72	289.0
71	73	69.0
71	74	91.0
71	75	43.0
71	76	71.0
71	77	77.0
71	78	44.0
71	79	23.0
71	80	39.0
71	81	47.0
71	82	29.0
71	83	30.0
71	84	36.0
71	85	34.0
71	86	27.0
71	87	14.0
71	88	13.0
71	89	21.0
71	90	26.0
71	91	25.0
71	92	23.0
71	93	26.0
71	94	13.0
71	95	12.0
71	96	17.0
71	97	11.0
71	98	7.0
71	99	20.0
71	100	15.0
71	101	17.0
71	102	13.0
71	103	10.0
71	104	13.0
71	105	15.0
71	106	21.0
71	107	23.0
71	108	20.0
71	109	17.0
71	110	16.0
71	111	9.0
71	112	18.0
71	113	27.0
71	114	21.0
71	115	20.0
71	116	33.0
71	117	27.0
71	118	22.0
71	119	16.0
71	120	24.0
71	121	19.0
71	122	13.0
72	73	78.0
72	74	91.0
72	75	46.0
72	76	44.0
72	77	110.0
72	78	43.0
72	79	21.0
72	80	33.0
72	81	62.0
72	82	48.0
72	83	36.0
72	84	44.0
72	85	36.0
72	86	27.0
72	87	20.0
72	88	21.0
72	89	25.0
72	90	37.0
72	91	20.0
72	92	16.0
72	93	23.0
72	94	24.0
72	95	17.0
72	96	23.0
72	97	8.0
72	98	14.0
72	99	16.0
72	100	17.0
72	101	16.0
72	102	13.0
72	103	10.0
72	104	13.0
72	105	14.0
72	106	17.0
72	107	17.0
72	108	20.0
72	109	26.0
72	110	21.0
72	111	16.0
72	112	14.0
72	113	11.0
72	114	19.0
72	115	32.0
72	116	38.0
72	117	27.0
72	118	22.0
72	119	21.0
72	120	19.0
72	121	14.0
72	122	16.0
73	74	128.0
73	75	99.0
73	76	169.0
73	77	145.0
73	78	91.0
73	79	43.0
73	80	65.0
73	81	73.0
73	82	81.0
73	83	57.0
73	84	62.0
73	85	54.0
73	86	37.0
73	87	25.0
73	88	30.0
73	89	32.0
73	90	37.0
73	91	28.0
73	92	27.0
73	93	27.0
73	94	24.0
73	95	28.0
73	96	16.0
73	97	27.0
73	98	19.0
73	99	27.0
73	100	22.0
73	101	18.0
73	102	15.0
73	103	12.0
73	104	17.0
73	105	15.0
73	106	21.0
73	107	13.0
73	108	25.0
73	109	19.0
73	110	16.0
73	111	15.0
73	112	12.0
73	113	20.0
73	114	22.0
73	115	32.0
73	116	20.0
73	117	12.0
73	118	15.0
73	119	16.0
73	120	24.0
73	121	21.0
73	122	19.0
74	75	89.0
74	76	131.0
74	77	176.0
74	78	87.0
74	79	37.0
74	80	49.0
74	81	118.0
74	82	55.0
74	83	44.0
74	84	86.0
74	85	43.0
74	86	37.0
74	87	21.0
74	88	18.0
74	89	33.0
74	90	37.0
74	91	24.0
74	92	23.0
74	93	33.0
74	94	34.0
74	95	27.0
74	96	24.0
74	97	18.0
74	98	21.0
74	99	28.0
74	100	17.0
74	101	25.0
74	102	15.0
74	103	10.0
74	104	22.0
74	105	17.0
74	106	19.0
74	107	23.0
74	108	22.0
74	109	19.0
74	110	18.0
74	111	18.0
74	112	22.0
74	113	9.0
74	114	25.0
74	115	25.0
74	116	30.0
74	117	29.0
74	118	22.0
74	119	21.0
74	120	21.0
74	121	26.0
74	122	12.0
75	76	188.0
75	77	63.0
75	78	125.0
75	79	63.0
75	80	86.0
75	81	55.0
75	82	72.0
75	83	52.0
75	84	62.0
75	85	58.0
75	86	41.0
75	87	31.0
75	88	14.0
75	89	38.0
75	90	36.0
75	91	31.0
75	92	22.0
75	93	22.0
75	94	34.0
75	95	24.0
75	96	28.0
75	97	18.0
75	98	15.0
75	99	21.0
75	100	20.0
75	101	15.0
75	102	18.0
75	103	17.0
75	104	13.0
75	105	13.0
75	106	16.0
75	107	19.0
75	108	23.0
75	109	19.0
75	110	15.0
75	111	19.0
75	112	12.0
75	113	18.0
75	114	16.0
75	115	21.0
75	116	23.0
75	117	24.0
75	118	27.0
75	119	17.0
75	120	12.0
75	121	20.0
75	122	19.0
76	77	97.0
76	78	143.0
76	79	55.0
76	80	71.0
76	81	93.0
76	82	76.0
76	83	56.0
76	84	68.0
76	85	46.0
76	86	34.0
76	87	17.0
76	88	26.0
76	89	36.0
76	90	27.0
76	91	24.0
76	92	32.0
76	93	32.0
76	94	31.0
76	95	23.0
76	96	18.0
76	97	14.0
76	98	19.0
76	99	20.0
76	100	20.0
76	101	19.0
76	102	16.0
76	103	13.0
76	104	15.0
76	105	21.0
76	106	27.0
76	107	19.0
76	108	17.0
76	109	14.0
76	110	22.0
76	111	11.0
76	112	15.0
76	113	20.0
76	114	27.0
76	115	30.0
76	116	30.0
76	117	21.0
76	118	26.0
76	119	22.0
76	120	18.0
76	121	19.0
76	122	23.0
77	78	73.0
77	79	27.0
77	80	53.0
77	81	94.0
77	82	57.0
77	83	44.0
77	84	60.0
77	85	66.0
77	86	35.0
77	87	29.0
77	88	18.0
77	89	25.0
77	90	46.0
77	91	36.0
77	92	25.0
77	93	25.0
77	94	38.0
77	95	26.0
77	96	17.0
77	97	14.0
77	98	25.0
77	99	17.0
77	100	20.0
77	101	18.0
77	102	13.0
77	103	11.0
77	104	19.0
77	105	16.0
77	106	20.0
77	107	32.0
77	108	23.0
77	109	27.0
77	110	20.0
77	111	29.0
77	112	11.0
77	113	21.0
77	114	18.0
77	115	12.0
77	116	25.0
77	117	34.0
77	118	26.0
77	119	23.0
77	120	21.0
77	121	23.0
77	122	21.0
78	79	74.0
78	80	122.0
78	81	117.0
78	82	121.0
78	83	83.0
78	84	121.0
78	85	88.0
78	86	40.0
78	87	39.0
78	88	22.0
78	89	39.0
78	90	34.0
78	91	35.0
78	92	30.0
78	93	35.0
78	94	32.0
78	95	36.0
78	96	20.0
78	97	17.0
78	98	19.0
78	99	23.0
78	100	30.0
78	101	14.0
78	102	23.0
78	103	11.0
78	104	10.0
78	105	20.0
78	106	27.0
78	107	27.0
78	108	29.0
78	109	19.0
78	110	20.0
78	111	15.0
78	112	22.0
78	113	19.0
78	114	12.0
78	115	21.0
78	116	30.0
78	117	34.0
78	118	23.0
78	119	14.0
78	120	25.0
78	121	18.0
78	122	15.0
79	80	134.0
79	81	37.0
79	82	67.0
79	83	64.0
79	84	53.0
79	85	59.0
79	86	46.0
79	87	40.0
79	88	29.0
79	89	46.0
79	90	37.0
79	91	28.0
79	92	33.0
79	93	23.0
79	94	26.0
79	95	27.0
79	96	19.0
79	97	19.0
79	98	17.0
79	99	19.0
79	100	21.0
79	101	17.0
79	102	18.0
79	103	7.0
79	104	18.0
79	105	23.0
79	106	27.0
79	107	14.0
79	108	14.0
79	109	14.0
79	110	15.0
79	111	16.0
79	112	18.0
79	113	16.0
79	114	10.0
79	115	24.0
79	116	18.0
79	117	17.0
79	118	20.0
79	119	23.0
79	120	17.0
79	121	18.0
79	122	18.0
80	81	60.0
80	82	107.0
80	83	80.0
80	84	99.0
80	85	123.0
80	86	54.0
80	87	27.0
80	88	32.0
80	89	40.0
80	90	50.0
80	91	21.0
80	92	23.0
80	93	27.0
80	94	42.0
80	95	38.0
80	96	34.0
80	97	24.0
80	98	18.0
80	99	18.0
80	100	22.0
80	101	27.0
80	102	12.0
80	103	12.0
80	104	15.0
80	105	13.0
80	106	26.0
80	107	14.0
80	108	27.0
80	109	25.0
80	110	22.0
80	111	15.0
80	112	18.0
80	113	17.0
80	114	22.0
80	115	23.0
80	116	27.0
80	117	24.0
80	118	18.0
80	119	17.0
80	120	15.0
80	121	26.0
80	122	17.0
81	82	91.0
81	83	67.0
81	84	117.0
81	85	70.0
81	86	56.0
81	87	30.0
81	88	25.0
81	89	40.0
81	90	60.0
81	91	36.0
81	92	33.0
81	93	32.0
81	94	39.0
81	95	31.0
81	96	29.0
81	97	21.0
81	98	21.0
81	99	23.0
81	100	26.0
81	101	33.0
81	102	16.0
81	103	18.0
81	104	11.0
81	105	20.0
81	106	23.0
81	107	19.0
81	108	20.0
81	109	21.0
81	110	21.0
81	111	19.0
81	112	24.0
81	113	23.0
81	114	25.0
81	115	29.0
81	116	35.0
81	117	29.0
81	118	37.0
81	119	16.0
81	120	24.0
81	121	20.0
81	122	17.0
82	83	195.0
82	84	237.0
82	85	200.0
82	86	80.0
82	87	29.0
82	88	35.0
82	89	52.0
82	90	69.0
82	91	52.0
82	92	48.0
82	93	37.0
82	94	44.0
82	95	45.0
82	96	26.0
82	97	20.0
82	98	35.0
82	99	21.0
82	100	33.0
82	101	18.0
82	102	14.0
82	103	13.0
82	104	12.0
82	105	27.0
82	106	23.0
82	107	24.0
82	108	27.0
82	109	26.0
82	110	17.0
82	111	8.0
82	112	16.0
82	113	15.0
82	114	24.0
82	115	32.0
82	116	20.0
82	117	34.0
82	118	29.0
82	119	15.0
82	120	22.0
82	121	21.0
82	122	16.0
83	84	124.0
83	85	231.0
83	86	135.0
83	87	42.0
83	88	28.0
83	89	79.0
83	90	93.0
83	91	53.0
83	92	31.0
83	93	52.0
83	94	71.0
83	95	44.0
83	96	27.0
83	97	23.0
83	98	27.0
83	99	23.0
83	100	20.0
83	101	14.0
83	102	14.0
83	103	19.0
83	104	16.0
83	105	20.0
83	106	19.0
83	107	18.0
83	108	30.0
83	109	18.0
83	110	20.0
83	111	14.0
83	112	19.0
83	113	21.0
83	114	19.0
83	115	17.0
83	116	29.0
83	117	21.0
83	118	17.0
83	119	17.0
83	120	20.0
83	121	21.0
83	122	15.0
84	85	139.0
84	86	78.0
84	87	32.0
84	88	38.0
84	89	52.0
84	90	77.0
84	91	62.0
84	92	41.0
84	93	40.0
84	94	40.0
84	95	35.0
84	96	23.0
84	97	26.0
84	98	21.0
84	99	22.0
84	100	25.0
84	101	26.0
84	102	16.0
84	103	19.0
84	104	26.0
84	105	33.0
84	106	22.0
84	107	31.0
84	108	34.0
84	109	29.0
84	110	21.0
84	111	12.0
84	112	15.0
84	113	22.0
84	114	17.0
84	115	24.0
84	116	29.0
84	117	31.0
84	118	32.0
84	119	18.0
84	120	24.0
84	121	25.0
84	122	15.0
85	86	104.0
85	87	34.0
85	88	30.0
85	89	62.0
85	90	64.0
85	91	47.0
85	92	44.0
85	93	47.0
85	94	38.0
85	95	37.0
85	96	19.0
85	97	29.0
85	98	14.0
85	99	28.0
85	100	32.0
85	101	22.0
85	102	21.0
85	103	14.0
85	104	19.0
85	105	16.0
85	106	23.0
85	107	22.0
85	108	22.0
85	109	18.0
85	110	17.0
85	111	16.0
85	112	14.0
85	113	18.0
85	114	16.0
85	115	23.0
85	116	22.0
85	117	21.0
85	118	26.0
85	119	15.0
85	120	16.0
85	121	22.0
85	122	16.0
86	87	75.0
86	88	54.0
86	89	151.0
86	90	80.0
86	91	51.0
86	92	44.0
86	93	52.0
86	94	45.0
86	95	46.0
86	96	42.0
86	97	27.0
86	98	22.0
86	99	29.0
86	100	28.0
86	101	17.0
86	102	12.0
86	103	11.0
86	104	21.0
86	105	17.0
86	106	21.0
86	107	18.0
86	108	24.0
86	109	9.0
86	110	11.0
86	111	14.0
86	112	12.0
86	113	12.0
86	114	21.0
86	115	21.0
86	116	27.0
86	117	19.0
86	118	18.0
86	119	15.0
86	120	16.0
86	121	15.0
86	122	10.0
87	88	391.0
87	89	75.0
87	90	31.0
87	91	25.0
87	92	40.0
87	93	38.0
87	94	37.0
87	95	35.0
87	96	37.0
87	97	21.0
87	98	23.0
87	99	17.0
87	100	14.0
87	101	16.0
87	102	15.0
87	103	12.0
87	104	8.0
87	105	11.0
87	106	16.0
87	107	14.0
87	108	13.0
87	109	13.0
87	110	13.0
87	111	8.0
87	112	11.0
87	113	12.0
87	114	12.0
87	115	17.0
87	116	15.0
87	117	11.0
87	118	19.0
87	119	14.0
87	120	19.0
87	121	13.0
87	122	17.0
88	89	62.0
88	90	30.0
88	91	36.0
88	92	40.0
88	93	37.0
88	94	33.0
88	95	32.0
88	96	36.0
88	97	22.0
88	98	17.0
88	99	18.0
88	100	21.0
88	101	15.0
88	102	10.0
88	103	15.0
88	104	13.0
88	105	10.0
88	106	23.0
88	107	18.0
88	108	13.0
88	109	14.0
88	110	15.0
88	111	17.0
88	112	16.0
88	113	12.0
88	114	12.0
88	115	26.0
88	116	13.0
88	117	12.0
88	118	15.0
88	119	8.0
88	120	12.0
88	121	11.0
88	122	9.0
89	90	76.0
89	91	53.0
89	92	44.0
89	93	62.0
89	94	59.0
89	95	61.0
89	96	36.0
89	97	29.0
89	98	32.0
89	99	30.0
89	100	24.0
89	101	21.0
89	102	10.0
89	103	20.0
89	104	19.0
89	105	21.0
89	106	25.0
89	107	19.0
89	108	17.0
89	109	10.0
89	110	22.0
89	111	18.0
89	112	21.0
89	113	19.0
89	114	16.0
89	115	13.0
89	116	23.0
89	117	20.0
89	118	18.0
89	119	16.0
89	120	18.0
89	121	21.0
89	122	12.0
90	91	136.0
90	92	54.0
90	93	74.0
90	94	93.0
90	95	53.0
90	96	44.0
90	97	36.0
90	98	33.0
90	99	39.0
90	100	53.0
90	101	30.0
90	102	24.0
90	103	17.0
90	104	18.0
90	105	30.0
90	106	34.0
90	107	29.0
90	108	33.0
90	109	27.0
90	110	24.0
90	111	22.0
90	112	27.0
90	113	20.0
90	114	26.0
90	115	25.0
90	116	28.0
90	117	26.0
90	118	34.0
90	119	29.0
90	120	22.0
90	121	23.0
90	122	19.0
91	92	55.0
91	93	96.0
91	94	106.0
91	95	64.0
91	96	41.0
91	97	29.0
91	98	48.0
91	99	64.0
91	100	61.0
91	101	42.0
91	102	21.0
91	103	26.0
91	104	32.0
91	105	36.0
91	106	37.0
91	107	28.0
91	108	32.0
91	109	33.0
91	110	25.0
91	111	15.0
91	112	28.0
91	113	18.0
91	114	22.0
91	115	42.0
91	116	40.0
91	117	37.0
91	118	32.0
91	119	16.0
91	120	18.0
91	121	19.0
91	122	20.0
92	93	157.0
92	94	83.0
92	95	111.0
92	96	141.0
92	97	45.0
92	98	59.0
92	99	52.0
92	100	39.0
92	101	28.0
92	102	24.0
92	103	21.0
92	104	23.0
92	105	32.0
92	106	30.0
92	107	35.0
92	108	31.0
92	109	23.0
92	110	25.0
92	111	23.0
92	112	17.0
92	113	18.0
92	114	16.0
92	115	20.0
92	116	17.0
92	117	16.0
92	118	28.0
92	119	16.0
92	120	13.0
92	121	19.0
92	122	16.0
93	94	105.0
93	95	98.0
93	96	83.0
93	97	31.0
93	98	44.0
93	99	51.0
93	100	40.0
93	101	23.0
93	102	22.0
93	103	20.0
93	104	18.0
93	105	32.0
93	106	31.0
93	107	37.0
93	108	20.0
93	109	23.0
93	110	15.0
93	111	17.0
93	112	15.0
93	113	23.0
93	114	19.0
93	115	33.0
93	116	20.0
93	117	28.0
93	118	28.0
93	119	22.0
93	120	13.0
93	121	20.0
93	122	17.0
94	95	170.0
94	96	83.0
94	97	51.0
94	98	59.0
94	99	65.0
94	100	56.0
94	101	35.0
94	102	23.0
94	103	19.0
94	104	30.0
94	105	29.0
94	106	37.0
94	107	27.0
94	108	20.0
94	109	30.0
94	110	21.0
94	111	31.0
94	112	26.0
94	113	24.0
94	114	30.0
94	115	21.0
94	116	28.0
94	117	21.0
94	118	24.0
94	119	23.0
94	120	27.0
94	121	32.0
94	122	16.0
95	96	115.0
95	97	44.0
95	98	57.0
95	99	64.0
95	100	67.0
95	101	40.0
95	102	19.0
95	103	21.0
95	104	24.0
95	105	26.0
95	106	39.0
95	107	24.0
95	108	25.0
95	109	27.0
95	110	19.0
95	111	15.0
95	112	20.0
95	113	18.0
95	114	18.0
95	115	26.0
95	116	30.0
95	117	19.0
95	118	25.0
95	119	23.0
95	120	23.0
95	121	17.0
95	122	18.0
96	97	76.0
96	98	71.0
96	99	66.0
96	100	61.0
96	101	28.0
96	102	21.0
96	103	23.0
96	104	23.0
96	105	26.0
96	106	34.0
96	107	29.0
96	108	22.0
96	109	22.0
96	110	25.0
96	111	22.0
96	112	23.0
96	113	20.0
96	114	26.0
96	115	27.0
96	116	20.0
96	117	21.0
96	118	11.0
96	119	23.0
96	120	12.0
96	121	13.0
96	122	12.0
97	98	60.0
97	99	48.0
97	100	47.0
97	101	32.0
97	102	38.0
97	103	22.0
97	104	30.0
97	105	25.0
97	106	28.0
97	107	25.0
97	108	22.0
97	109	24.0
97	110	14.0
97	111	30.0
97	112	17.0
97	113	24.0
97	114	22.0
97	115	28.0
97	116	19.0
97	117	21.0
97	118	26.0
97	119	30.0
97	120	12.0
97	121	19.0
97	122	12.0
98	99	178.0
98	100	121.0
98	101	35.0
98	102	45.0
98	103	45.0
98	104	44.0
98	105	47.0
98	106	61.0
98	107	43.0
98	108	29.0
98	109	20.0
98	110	27.0
98	111	22.0
98	112	26.0
98	113	18.0
98	114	36.0
98	115	24.0
98	116	22.0
98	117	17.0
98	118	22.0
98	119	17.0
98	120	17.0
98	121	21.0
98	122	11.0
99	100	123.0
99	101	37.0
99	102	29.0
99	103	26.0
99	104	42.0
99	105	33.0
99	106	53.0
99	107	35.0
99	108	35.0
99	109	37.0
99	110	27.0
99	111	23.0
99	112	24.0
99	113	25.0
99	114	25.0
99	115	31.0
99	116	23.0
99	117	25.0
99	118	26.0
99	119	20.0
99	120	24.0
99	121	23.0
99	122	16.0
100	101	57.0
100	102	32.0
100	103	31.0
100	104	56.0
100	105	51.0
100	106	69.0
100	107	55.0
100	108	32.0
100	109	35.0
100	110	43.0
100	111	37.0
100	112	31.0
100	113	27.0
100	114	32.0
100	115	36.0
100	116	33.0
100	117	33.0
100	118	44.0
100	119	37.0
100	120	25.0
100	121	25.0
100	122	20.0
101	102	60.0
101	103	54.0
101	104	61.0
101	105	50.0
101	106	71.0
101	107	83.0
101	108	39.0
101	109	42.0
101	110	38.0
101	111	39.0
101	112	52.0
101	113	34.0
101	114	55.0
101	115	24.0
101	116	27.0
101	117	29.0
101	118	31.0
101	119	36.0
101	120	24.0
101	121	30.0
101	122	36.0
102	103	136.0
102	104	61.0
102	105	34.0
102	106	34.0
102	107	44.0
102	108	23.0
102	109	25.0
102	110	34.0
102	111	27.0
102	112	34.0
102	113	38.0
102	114	33.0
102	115	19.0
102	116	17.0
102	117	23.0
102	118	22.0
102	119	34.0
102	120	33.0
102	121	28.0
102	122	24.0
103	104	72.0
103	105	34.0
103	106	25.0
103	107	27.0
103	108	19.0
103	109	21.0
103	110	27.0
103	111	45.0
103	112	44.0
103	113	28.0
103	114	36.0
103	115	21.0
103	116	20.0
103	117	24.0
103	118	28.0
103	119	28.0
103	120	20.0
103	121	21.0
103	122	33.0
104	105	50.0
104	106	46.0
104	107	81.0
104	108	36.0
104	109	34.0
104	110	47.0
104	111	74.0
104	112	61.0
104	113	59.0
104	114	44.0
104	115	30.0
104	116	25.0
104	117	30.0
104	118	39.0
104	119	31.0
104	120	26.0
104	121	42.0
104	122	29.0
105	106	92.0
105	107	69.0
105	108	87.0
105	109	146.0
105	110	105.0
105	111	75.0
105	112	59.0
105	113	47.0
105	114	75.0
105	115	51.0
105	116	22.0
105	117	63.0
105	118	67.0
105	119	22.0
105	120	20.0
105	121	51.0
105	122	35.0
106	107	157.0
106	108	78.0
106	109	65.0
106	110	54.0
106	111	38.0
106	112	41.0
106	113	50.0
106	114	54.0
106	115	53.0
106	116	34.0
106	117	34.0
106	118	60.0
106	119	37.0
106	120	29.0
106	121	28.0
106	122	29.0
107	108	59.0
107	109	56.0
107	110	41.0
107	111	56.0
107	112	55.0
107	113	58.0
107	114	77.0
107	115	40.0
107	116	31.0
107	117	51.0
107	118	89.0
107	119	53.0
107	120	34.0
107	121	40.0
107	122	41.0
108	109	165.0
108	110	119.0
108	111	55.0
108	112	48.0
108	113	42.0
108	114	93.0
108	115	112.0
108	116	68.0
108	117	85.0
108	118	90.0
108	119	25.0
108	120	38.0
108	121	44.0
108	122	42.0
109	110	202.0
109	111	78.0
109	112	65.0
109	113	44.0
109	114	102.0
109	115	85.0
109	116	52.0
109	117	75.0
109	118	66.0
109	119	25.0
109	120	29.0
109	121	49.0
109	122	32.0
110	111	65.0
110	112	59.0
110	113	40.0
110	114	63.0
110	115	105.0
110	116	56.0
110	117	74.0
110	118	51.0
110	119	25.0
110	120	30.0
110	121	62.0
110	122	22.0
111	112	195.0
111	113	72.0
111	114	64.0
111	115	48.0
111	116	41.0
111	117	34.0
111	118	53.0
111	119	31.0
111	120	29.0
111	121	47.0
111	122	34.0
112	113	110.0
112	114	80.0
112	115	40.0
112	116	29.0
112	117	31.0
112	118	62.0
112	119	46.0
112	120	43.0
112	121	45.0
112	122	46.0
113	114	99.0
113	115	36.0
113	116	30.0
113	117	29.0
113	118	71.0
113	119	66.0
113	120	62.0
113	121	60.0
113	122	62.0
114	115	43.0
114	116	28.0
114	117	54.0
114	118	165.0
114	119	51.0
114	120	47.0
114	121	82.0
114	122	55.0
115	116	93.0
115	117	124.0
115	118	51.0
115	119	32.0
115	120	31.0
115	121	38.0
115	122	30.0
116	117	112.0
116	118	42.0
116	119	29.0
116	120	28.0
116	121	29.0
116	122	29.0
117	118	66.0
117	119	31.0
117	120	44.0
117	121	55.0
117	122	33.0
118	119	77.0
118	120	65.0
118	121	92.0
118	122	61.0
119	120	110.0
119	121	57.0
119	122	77.0
120	121	77.0
120	122	152.0
121	122	84.0
