1	2	20.0
1	3	5.0
1	4	6.0
1	5	3.0
1	6	4.0
1	7	3.0
1	8	5.0
1	9	6.0
1	10	2.0
1	11	5.0
1	12	1.0
1	13	1.0
1	14	1.0
1	15	4.0
1	16	1.0
1	17	6.0
1	18	3.0
1	19	2.0
1	20	2.0
1	22	1.0
1	23	2.0
1	24	5.0
1	25	3.0
1	26	2.0
1	27	3.0
1	29	2.0
1	30	4.0
1	31	1.0
1	32	1.0
1	33	1.0
1	34	3.0
1	37	2.0
1	38	5.0
1	39	3.0
1	40	1.0
1	41	3.0
1	42	2.0
1	44	1.0
1	45	3.0
1	46	1.0
1	47	1.0
1	48	4.0
1	49	2.0
1	50	3.0
1	51	5.0
1	53	5.0
1	54	3.0
1	55	1.0
1	56	1.0
1	57	2.0
1	58	2.0
1	59	4.0
1	60	4.0
1	61	2.0
1	62	2.0
1	63	1.0
1	66	4.0
1	67	2.0
1	71	5.0
1	72	1.0
1	73	2.0
1	74	4.0
1	75	2.0
1	76	2.0
1	77	3.0
1	78	3.0
1	79	4.0
1	80	1.0
1	81	2.0
1	82	2.0
1	83	3.0
1	84	4.0
1	85	4.0
1	86	2.0
1	88	4.0
1	90	5.0
1	91	3.0
1	92	3.0
1	93	2.0
1	94	5.0
1	95	3.0
1	96	3.0
1	97	5.0
1	98	3.0
1	99	1.0
1	100	1.0
1	101	5.0
1	102	1.0
1	103	1.0
1	104	1.0
1	105	5.0
1	106	5.0
1	107	5.0
1	108	2.0
1	109	6.0
1	110	2.0
1	111	1.0
1	112	4.0
1	113	2.0
1	114	2.0
1	115	4.0
1	116	4.0
1	117	10.0
1	118	9.0
1	119	3.0
1	120	2.0
1	121	5.0
1	122	3.0
2	3	18.0
2	4	16.0
2	5	11.0
2	6	12.0
2	7	5.0
2	8	4.0
2	9	8.0
2	10	5.0
2	11	1.0
2	12	5.0
2	13	3.0
2	14	5.0
2	16	1.0
2	17	2.0
2	18	2.0
2	19	2.0
2	20	4.0
2	21	5.0
2	22	4.0
2	23	4.0
2	24	2.0
2	25	3.0
2	26	5.0
2	27	1.0
2	28	1.0
2	29	2.0
2	30	1.0
2	31	3.0
2	33	1.0
2	34	2.0
2	35	1.0
2	36	4.0
2	37	1.0
2	38	2.0
2	40	2.0
2	41	2.0
2	42	3.0
2	43	3.0
2	44	2.0
2	45	2.0
2	46	2.0
2	47	1.0
2	48	6.0
2	49	3.0
2	50	5.0
2	51	3.0
2	52	4.0
2	53	2.0
2	54	5.0
2	55	5.0
2	56	2.0
2	57	2.0
2	58	3.0
2	59	1.0
2	60	3.0
2	61	1.0
2	62	2.0
2	63	1.0
2	64	2.0
2	66	3.0
2	67	2.0
2	68	1.0
2	69	4.0
2	70	4.0
2	71	5.0
2	72	3.0
2	73	4.0
2	74	2.0
2	75	3.0
2	76	1.0
2	77	4.0
2	78	3.0
2	79	4.0
2	80	2.0
2	81	2.0
2	82	4.0
2	83	3.0
2	84	6.0
2	85	1.0
2	86	1.0
2	87	3.0
2	88	2.0
2	89	4.0
2	90	2.0
2	91	3.0
2	92	1.0
2	93	2.0
2	94	1.0
2	95	2.0
2	96	1.0
2	97	1.0
2	98	4.0
2	99	2.0
2	100	6.0
2	101	3.0
2	102	1.0
2	103	5.0
2	104	2.0
2	105	4.0
2	106	2.0
2	107	5.0
2	108	8.0
2	109	6.0
2	110	3.0
2	111	8.0
2	112	3.0
2	113	4.0
2	114	4.0
2	115	7.0
2	116	3.0
2	117	3.0
2	118	6.0
2	119	1.0
2	120	4.0
2	121	12.0
2	122	7.0
3	4	37.0
3	5	22.0
3	6	15.0
3	7	28.0
3	8	14.0
3	9	10.0
3	10	10.0
3	11	13.0
3	12	7.0
3	13	1.0
3	14	5.0
3	15	5.0
3	16	4.0
3	17	5.0
3	18	2.0
3	19	3.0
3	20	1.0
3	21	3.0
3	22	7.0
3	23	4.0
3	24	3.0
3	25	7.0
3	26	1.0
3	27	1.0
3	28	4.0
3	29	3.0
3	30	3.0
3	32	3.0
3	34	3.0
3	35	3.0
3	36	1.0
3	37	1.0
3	38	1.0
3	39	2.0
3	40	2.0
3	42	2.0
3	43	6.0
3	44	2.0
3	45	2.0
3	46	2.0
3	47	3.0
3	48	3.0
3	49	4.0
3	50	5.0
3	51	2.0
3	52	3.0
3	53	4.0
3	54	4.0
3	55	7.0
3	56	2.0
3	57	1.0
3	58	1.0
3	59	2.0
3	60	5.0
3	62	1.0
3	63	8.0
3	66	1.0
3	67	4.0
3	68	1.0
3	69	2.0
3	70	3.0
3	71	4.0
3	72	1.0
3	73	5.0
3	74	6.0
3	75	3.0
3	76	1.0
3	77	4.0
3	78	3.0
3	79	2.0
3	80	3.0
3	81	4.0
3	82	2.0
3	83	1.0
3	84	3.0
3	85	2.0
3	86	4.0
3	87	2.0
3	88	1.0
3	89	4.0
3	91	3.0
3	93	4.0
3	94	1.0
3	95	3.0
3	96	4.0
3	97	2.0
3	98	6.0
3	99	3.0
3	100	5.0
3	101	1.0
3	102	2.0
3	103	1.0
3	104	3.0
3	105	5.0
3	106	3.0
3	107	4.0
3	108	4.0
3	109	2.0
3	110	5.0
3	111	4.0
3	112	4.0
3	113	8.0
3	114	7.0
3	115	3.0
3	116	5.0
3	117	5.0
3	118	4.0
3	119	5.0
3	120	12.0
3	121	4.0
3	122	4.0
4	5	57.0
4	6	34.0
4	7	20.0
4	8	11.0
4	9	4.0
4	10	11.0
4	11	16.0
4	12	4.0
4	13	7.0
4	14	4.0
4	15	2.0
4	16	7.0
4	17	6.0
4	18	8.0
4	19	3.0
4	20	1.0
4	21	3.0
4	22	7.0
4	23	4.0
4	24	3.0
4	25	3.0
4	26	4.0
4	27	2.0
4	28	2.0
4	29	5.0
4	30	1.0
4	31	5.0
4	33	1.0
4	35	2.0
4	37	4.0
4	38	1.0
4	39	7.0
4	40	2.0
4	41	3.0
4	42	3.0
4	43	4.0
4	44	1.0
4	46	3.0
4	47	3.0
4	48	2.0
4	49	4.0
4	50	5.0
4	51	6.0
4	52	6.0
4	53	5.0
4	54	6.0
4	55	2.0
4	57	3.0
4	58	1.0
4	59	1.0
4	60	5.0
4	61	1.0
4	62	3.0
4	63	7.0
4	64	3.0
4	65	4.0
4	66	1.0
4	67	9.0
4	68	3.0
4	69	3.0
4	70	5.0
4	71	5.0
4	72	2.0
4	73	4.0
4	74	5.0
4	75	3.0
4	76	1.0
4	77	4.0
4	78	3.0
4	79	4.0
4	80	5.0
4	81	4.0
4	82	7.0
4	83	6.0
4	84	6.0
4	85	4.0
4	86	2.0
4	87	3.0
4	88	1.0
4	89	3.0
4	90	1.0
4	91	2.0
4	92	1.0
4	93	2.0
4	94	3.0
4	95	2.0
4	96	2.0
4	98	1.0
4	99	4.0
4	100	4.0
4	101	3.0
4	102	4.0
4	103	5.0
4	104	4.0
4	105	8.0
4	106	6.0
4	107	4.0
4	108	5.0
4	109	3.0
4	110	3.0
4	111	2.0
4	112	6.0
4	113	4.0
4	114	6.0
4	115	2.0
4	116	8.0
4	117	6.0
4	118	5.0
4	119	6.0
4	120	4.0
4	121	5.0
4	122	7.0
5	6	40.0
5	7	66.0
5	8	13.0
5	9	11.0
5	10	5.0
5	11	13.0
5	12	4.0
5	13	5.0
5	14	9.0
5	15	4.0
5	16	6.0
5	17	4.0
5	18	3.0
5	19	6.0
5	20	6.0
5	21	2.0
5	22	3.0
5	23	7.0
5	24	3.0
5	25	2.0
5	27	5.0
5	28	4.0
5	29	2.0
5	30	1.0
5	31	3.0
5	32	3.0
5	33	2.0
5	36	1.0
5	37	4.0
5	38	1.0
5	39	1.0
5	40	3.0
5	41	5.0
5	42	5.0
5	43	2.0
5	45	2.0
5	46	3.0
5	47	1.0
5	49	7.0
5	50	3.0
5	51	5.0
5	52	6.0
5	53	3.0
5	54	4.0
5	55	2.0
5	56	1.0
5	57	3.0
5	58	1.0
5	59	7.0
5	60	8.0
5	61	4.0
5	62	2.0
5	63	1.0
5	65	4.0
5	66	3.0
5	67	2.0
5	68	2.0
5	69	1.0
5	70	3.0
5	71	8.0
5	72	3.0
5	73	4.0
5	74	7.0
5	75	11.0
5	76	3.0
5	77	6.0
5	78	4.0
5	79	3.0
5	80	6.0
5	82	3.0
5	83	1.0
5	84	6.0
5	85	6.0
5	86	2.0
5	87	1.0
5	88	4.0
5	89	4.0
5	90	4.0
5	91	6.0
5	92	2.0
5	93	3.0
5	94	1.0
5	95	5.0
5	96	5.0
5	97	2.0
5	98	2.0
5	99	4.0
5	100	3.0
5	101	3.0
5	102	6.0
5	103	2.0
5	104	3.0
5	105	6.0
5	106	3.0
5	107	5.0
5	108	8.0
5	109	6.0
5	110	3.0
5	111	2.0
5	112	4.0
5	113	6.0
5	114	5.0
5	115	4.0
5	116	2.0
5	117	8.0
5	118	4.0
5	119	4.0
5	120	8.0
5	121	7.0
5	122	1.0
6	7	45.0
6	8	15.0
6	9	2.0
6	10	10.0
6	11	8.0
6	12	2.0
6	13	4.0
6	14	7.0
6	15	7.0
6	16	5.0
6	17	5.0
6	18	6.0
6	19	6.0
6	20	4.0
6	21	4.0
6	22	1.0
6	23	8.0
6	24	6.0
6	25	2.0
6	26	4.0
6	27	3.0
6	28	4.0
6	29	3.0
6	30	5.0
6	31	2.0
6	32	2.0
6	33	2.0
6	34	2.0
6	36	2.0
6	37	1.0
6	39	2.0
6	40	2.0
6	41	2.0
6	42	5.0
6	43	1.0
6	44	2.0
6	45	3.0
6	46	2.0
6	47	2.0
6	48	7.0
6	49	7.0
6	50	8.0
6	51	6.0
6	52	6.0
6	53	7.0
6	54	2.0
6	55	5.0
6	56	3.0
6	57	2.0
6	58	5.0
6	59	2.0
6	60	3.0
6	61	7.0
6	62	3.0
6	63	4.0
6	64	5.0
6	65	1.0
6	66	3.0
6	67	4.0
6	68	4.0
6	69	2.0
6	70	6.0
6	71	7.0
6	72	5.0
6	73	5.0
6	74	11.0
6	75	4.0
6	76	3.0
6	77	7.0
6	78	3.0
6	79	2.0
6	80	4.0
6	81	5.0
6	83	2.0
6	84	6.0
6	85	4.0
6	86	6.0
6	87	2.0
6	88	3.0
6	89	2.0
6	90	5.0
6	91	8.0
6	92	3.0
6	93	4.0
6	94	2.0
6	95	2.0
6	96	4.0
6	97	3.0
6	98	3.0
6	99	6.0
6	100	3.0
6	101	2.0
6	102	3.0
6	103	2.0
6	104	2.0
6	105	4.0
6	106	4.0
6	107	6.0
6	108	4.0
6	109	3.0
6	110	5.0
6	111	3.0
6	112	4.0
6	113	5.0
6	114	2.0
6	115	6.0
6	116	4.0
6	117	5.0
6	118	7.0
6	119	4.0
6	120	1.0
6	121	4.0
6	122	5.0
7	8	13.0
7	9	8.0
7	10	17.0
7	11	8.0
7	12	7.0
7	13	5.0
7	14	5.0
7	15	6.0
7	16	4.0
7	17	3.0
7	18	4.0
7	19	7.0
7	20	3.0
7	21	2.0
7	22	6.0
7	23	6.0
7	24	7.0
7	25	2.0
7	26	1.0
7	27	3.0
7	28	5.0
7	29	3.0
7	31	7.0
7	32	3.0
7	33	4.0
7	34	4.0
7	36	1.0
7	37	1.0
7	38	1.0
7	39	2.0
7	40	3.0
7	41	4.0
7	43	2.0
7	44	2.0
7	45	3.0
7	47	4.0
7	48	7.0
7	49	3.0
7	50	4.0
7	51	4.0
7	52	2.0
7	53	2.0
7	54	3.0
7	55	1.0
7	56	4.0
7	57	2.0
7	58	3.0
7	59	9.0
7	60	8.0
7	61	2.0
7	62	6.0
7	63	3.0
7	64	5.0
7	65	5.0
7	66	3.0
7	67	4.0
7	69	6.0
7	70	1.0
7	71	7.0
7	72	8.0
7	73	5.0
7	74	3.0
7	75	5.0
7	76	4.0
7	77	7.0
7	78	3.0
7	79	1.0
7	80	2.0
7	81	3.0
7	82	3.0
7	83	2.0
7	84	3.0
7	85	3.0
7	86	1.0
7	87	6.0
7	88	3.0
7	89	2.0
7	90	5.0
7	92	2.0
7	93	3.0
7	95	4.0
7	96	4.0
7	97	2.0
7	98	5.0
7	99	5.0
7	100	4.0
7	101	2.0
7	102	5.0
7	103	1.0
7	104	1.0
7	105	6.0
7	106	8.0
7	107	3.0
7	108	8.0
7	109	3.0
7	110	11.0
7	111	2.0
7	112	6.0
7	113	3.0
7	114	7.0
7	115	1.0
7	116	3.0
7	117	9.0
7	118	3.0
7	119	5.0
7	120	3.0
7	121	8.0
7	122	5.0
8	9	23.0
8	10	13.0
8	11	26.0
8	12	8.0
8	13	5.0
8	14	6.0
8	15	4.0
8	16	5.0
8	17	5.0
8	18	7.0
8	19	10.0
8	20	4.0
8	21	5.0
8	22	6.0
8	23	5.0
8	24	3.0
8	25	3.0
8	26	1.0
8	27	3.0
8	28	6.0
8	29	4.0
8	30	6.0
8	31	2.0
8	32	2.0
8	33	3.0
8	34	2.0
8	35	1.0
8	36	1.0
8	37	1.0
8	39	3.0
8	41	2.0
8	42	3.0
8	43	5.0
8	44	2.0
8	45	3.0
8	46	4.0
8	47	3.0
8	48	6.0
8	49	3.0
8	50	4.0
8	51	2.0
8	52	2.0
8	53	1.0
8	54	5.0
8	55	9.0
8	56	1.0
8	57	7.0
8	58	2.0
8	59	4.0
8	60	5.0
8	61	4.0
8	62	5.0
8	63	2.0
8	64	4.0
8	65	2.0
8	66	1.0
8	67	3.0
8	68	3.0
8	70	4.0
8	71	10.0
8	72	5.0
8	73	1.0
8	74	4.0
8	75	2.0
8	76	2.0
8	77	6.0
8	78	7.0
8	79	3.0
8	80	2.0
8	81	7.0
8	82	7.0
8	83	2.0
8	84	3.0
8	85	2.0
8	86	1.0
8	87	1.0
8	88	2.0
8	89	2.0
8	90	5.0
8	91	6.0
8	92	4.0
8	93	5.0
8	94	3.0
8	95	4.0
8	96	5.0
8	97	3.0
8	98	4.0
8	99	3.0
8	100	6.0
8	101	4.0
8	102	4.0
8	103	2.0
8	104	5.0
8	105	6.0
8	106	3.0
8	107	4.0
8	108	9.0
8	109	7.0
8	110	5.0
8	111	4.0
8	112	4.0
8	113	3.0
8	114	5.0
8	115	3.0
8	116	8.0
8	117	6.0
8	118	3.0
8	119	2.0
8	120	8.0
8	121	11.0
8	122	7.0
9	10	18.0
9	11	14.0
9	12	15.0
9	13	8.0
9	14	10.0
9	15	10.0
9	16	7.0
9	17	2.0
9	18	3.0
9	19	7.0
9	20	3.0
9	21	5.0
9	23	6.0
9	24	6.0
9	25	3.0
9	26	5.0
9	27	2.0
9	29	4.0
9	31	3.0
9	32	2.0
9	33	2.0
9	35	1.0
9	36	1.0
9	37	4.0
9	38	3.0
9	39	2.0
9	40	1.0
9	41	2.0
9	43	1.0
9	44	1.0
9	46	1.0
9	47	4.0
9	48	2.0
9	49	1.0
9	50	2.0
9	51	4.0
9	52	3.0
9	53	7.0
9	54	2.0
9	55	1.0
9	56	4.0
9	57	6.0
9	58	4.0
9	59	3.0
9	60	4.0
9	61	5.0
9	62	2.0
9	63	2.0
9	64	4.0
9	65	3.0
9	66	2.0
9	67	5.0
9	68	2.0
9	69	2.0
9	70	5.0
9	71	3.0
9	72	4.0
9	73	7.0
9	74	2.0
9	75	5.0
9	76	6.0
9	77	4.0
9	78	7.0
9	79	5.0
9	81	6.0
9	82	4.0
9	83	4.0
9	84	3.0
9	85	6.0
9	86	3.0
9	87	1.0
9	88	3.0
9	89	3.0
9	90	3.0
9	91	4.0
9	92	7.0
9	93	6.0
9	94	3.0
9	95	3.0
9	97	3.0
9	98	1.0
9	99	1.0
9	100	2.0
9	101	5.0
9	102	4.0
9	103	3.0
9	104	5.0
9	105	4.0
9	106	3.0
9	107	3.0
9	108	3.0
9	109	3.0
9	110	3.0
9	111	4.0
9	112	8.0
9	113	5.0
9	114	2.0
9	115	5.0
9	116	7.0
9	117	7.0
9	118	4.0
9	119	10.0
9	120	4.0
9	121	4.0
9	122	16.0
10	11	40.0
10	12	9.0
10	13	10.0
10	14	12.0
10	15	4.0
10	16	12.0
10	17	4.0
10	18	10.0
10	19	6.0
10	20	7.0
10	21	4.0
10	22	3.0
10	23	4.0
10	24	6.0
10	25	8.0
10	26	4.0
10	27	2.0
10	28	2.0
10	30	4.0
10	31	3.0
10	32	3.0
10	34	2.0
10	35	1.0
10	37	1.0
10	38	1.0
10	39	1.0
10	40	2.0
10	41	2.0
10	42	2.0
10	43	3.0
10	44	2.0
10	45	1.0
10	46	3.0
10	47	6.0
10	48	2.0
10	49	5.0
10	50	7.0
10	51	2.0
10	52	3.0
10	53	5.0
10	54	4.0
10	55	4.0
10	56	1.0
10	57	5.0
10	58	3.0
10	59	5.0
10	60	6.0
10	61	2.0
10	62	4.0
10	63	2.0
10	64	3.0
10	65	6.0
10	66	3.0
10	67	5.0
10	69	3.0
10	70	4.0
10	71	5.0
10	72	5.0
10	73	2.0
10	74	2.0
10	75	1.0
10	76	6.0
10	77	1.0
10	78	7.0
10	79	4.0
10	80	6.0
10	81	2.0
10	82	4.0
10	83	1.0
10	84	3.0
10	85	4.0
10	86	3.0
10	87	1.0
10	88	1.0
10	89	2.0
10	90	2.0
10	91	8.0
10	92	4.0
10	93	1.0
10	94	2.0
10	95	1.0
10	96	3.0
10	97	2.0
10	98	3.0
10	99	4.0
10	100	3.0
10	101	2.0
10	102	3.0
10	103	1.0
10	104	6.0
10	105	7.0
10	106	6.0
10	107	2.0
10	108	2.0
10	109	1.0
10	110	8.0
10	111	2.0
10	112	4.0
10	113	9.0
10	114	3.0
10	115	1.0
10	116	7.0
10	117	2.0
10	118	6.0
10	119	6.0
10	120	11.0
10	121	6.0
10	122	7.0
11	12	18.0
11	13	7.0
11	14	9.0
11	15	9.0
11	16	8.0
11	17	14.0
11	18	12.0
11	19	8.0
11	20	8.0
11	21	6.0
11	22	8.0
11	23	5.0
11	24	4.0
11	25	5.0
11	26	2.0
11	27	3.0
11	28	3.0
11	29	5.0
11	30	7.0
11	31	2.0
11	32	5.0
11	33	3.0
11	34	3.0
11	35	1.0
11	36	1.0
11	38	1.0
11	39	2.0
11	40	2.0
11	41	4.0
11	42	3.0
11	43	1.0
11	44	2.0
11	45	2.0
11	47	3.0
11	48	3.0
11	49	3.0
11	50	6.0
11	51	2.0
11	52	4.0
11	53	4.0
11	54	5.0
11	55	1.0
11	56	3.0
11	57	2.0
11	58	4.0
11	59	2.0
11	60	5.0
11	61	4.0
11	62	2.0
11	63	2.0
11	64	3.0
11	65	1.0
11	66	4.0
11	68	1.0
11	69	3.0
11	70	2.0
11	71	11.0
11	72	4.0
11	73	3.0
11	74	7.0
11	75	6.0
11	76	4.0
11	77	4.0
11	78	9.0
11	79	3.0
11	80	4.0
11	81	5.0
11	82	3.0
11	83	3.0
11	84	2.0
11	85	4.0
11	86	1.0
11	87	2.0
11	88	2.0
11	89	3.0
11	90	2.0
11	91	4.0
11	92	2.0
11	93	3.0
11	94	6.0
11	95	7.0
11	96	2.0
11	97	2.0
11	98	4.0
11	99	3.0
11	100	2.0
11	101	5.0
11	102	2.0
11	103	1.0
11	104	2.0
11	105	6.0
11	106	5.0
11	107	3.0
11	108	4.0
11	109	4.0
11	110	4.0
11	111	12.0
11	112	2.0
11	113	6.0
11	114	5.0
11	115	1.0
11	116	5.0
11	117	9.0
11	118	7.0
11	119	4.0
11	120	5.0
11	121	6.0
11	122	4.0
12	13	20.0
12	14	30.0
12	15	12.0
12	16	9.0
12	17	7.0
12	18	11.0
12	19	12.0
12	20	9.0
12	21	6.0
12	22	4.0
12	23	2.0
12	24	4.0
12	25	1.0
12	26	3.0
12	27	3.0
12	29	5.0
12	30	3.0
12	31	2.0
12	32	1.0
12	33	3.0
12	34	3.0
12	37	2.0
12	38	1.0
12	39	3.0
12	40	1.0
12	41	2.0
12	42	3.0
12	43	3.0
12	44	2.0
12	45	1.0
12	46	3.0
12	47	8.0
12	48	2.0
12	49	5.0
12	50	2.0
12	51	2.0
12	52	2.0
12	53	3.0
12	54	1.0
12	55	3.0
12	56	2.0
12	57	4.0
12	58	4.0
12	59	5.0
12	60	3.0
12	61	1.0
12	62	2.0
12	63	2.0
12	64	2.0
12	65	2.0
12	66	1.0
12	67	5.0
12	68	6.0
12	69	5.0
12	70	3.0
12	71	1.0
12	72	4.0
12	73	1.0
12	74	4.0
12	75	5.0
12	76	2.0
12	77	6.0
12	78	2.0
12	79	5.0
12	80	1.0
12	81	5.0
12	82	1.0
12	83	2.0
12	84	8.0
12	85	4.0
12	86	2.0
12	87	5.0
12	88	1.0
12	89	4.0
12	90	2.0
12	92	4.0
12	93	1.0
12	94	5.0
12	95	3.0
12	97	1.0
12	98	2.0
12	99	1.0
12	100	4.0
12	101	2.0
12	102	4.0
12	103	1.0
12	104	2.0
12	105	1.0
12	106	5.0
12	107	1.0
12	109	9.0
12	110	5.0
12	112	4.0
12	113	3.0
12	114	1.0
12	115	1.0
12	116	3.0
12	117	5.0
12	118	3.0
12	119	3.0
12	120	3.0
12	121	6.0
12	122	1.0
13	14	51.0
13	15	15.0
13	16	12.0
13	17	7.0
13	18	8.0
13	19	10.0
13	20	5.0
13	21	5.0
13	22	8.0
13	23	5.0
13	24	9.0
13	25	8.0
13	26	3.0
13	27	4.0
13	28	1.0
13	29	1.0
13	30	3.0
13	31	2.0
13	32	1.0
13	33	1.0
13	34	2.0
13	35	3.0
13	36	1.0
13	37	3.0
13	38	1.0
13	39	2.0
13	41	2.0
13	42	1.0
13	43	2.0
13	44	2.0
13	45	3.0
13	46	4.0
13	47	2.0
13	48	4.0
13	49	6.0
13	50	4.0
13	51	4.0
13	52	5.0
13	53	6.0
13	54	5.0
13	55	1.0
13	56	5.0
13	57	3.0
13	58	3.0
13	59	5.0
13	60	2.0
13	61	4.0
13	62	4.0
13	63	2.0
13	64	1.0
13	65	1.0
13	67	3.0
13	68	3.0
13	69	6.0
13	70	5.0
13	71	5.0
13	72	9.0
13	73	3.0
13	74	1.0
13	75	5.0
13	76	2.0
13	77	5.0
13	78	2.0
13	80	3.0
13	82	4.0
13	83	3.0
13	84	5.0
13	85	2.0
13	86	2.0
13	87	4.0
13	88	3.0
13	89	1.0
13	90	3.0
13	91	6.0
13	92	2.0
13	93	4.0
13	94	5.0
13	95	1.0
13	96	1.0
13	97	1.0
13	98	2.0
13	99	3.0
13	100	1.0
13	101	2.0
13	102	2.0
13	103	3.0
13	104	4.0
13	105	4.0
13	106	3.0
13	107	4.0
13	108	3.0
13	109	9.0
13	110	3.0
13	111	7.0
13	112	5.0
13	113	4.0
13	114	5.0
13	115	2.0
13	116	5.0
13	117	4.0
13	118	3.0
13	119	1.0
13	120	5.0
13	121	4.0
13	122	4.0
14	15	28.0
14	16	16.0
14	17	12.0
14	18	5.0
14	19	12.0
14	20	7.0
14	21	8.0
14	22	7.0
14	23	5.0
14	24	3.0
14	25	4.0
14	26	5.0
14	27	1.0
14	28	5.0
14	29	7.0
14	30	1.0
14	31	3.0
14	32	4.0
14	33	3.0
14	34	2.0
14	35	4.0
14	37	4.0
14	39	1.0
14	40	5.0
14	41	3.0
14	42	1.0
14	43	3.0
14	44	1.0
14	45	2.0
14	46	4.0
14	48	6.0
14	49	4.0
14	50	4.0
14	51	6.0
14	52	1.0
14	53	6.0
14	54	2.0
14	55	2.0
14	56	7.0
14	57	4.0
14	58	3.0
14	60	2.0
14	61	3.0
14	62	3.0
14	63	7.0
14	64	3.0
14	65	4.0
14	66	2.0
14	67	6.0
14	68	3.0
14	69	1.0
14	70	7.0
14	71	3.0
14	72	4.0
14	73	2.0
14	74	4.0
14	75	4.0
14	76	3.0
14	77	4.0
14	78	2.0
14	79	1.0
14	80	6.0
14	81	3.0
14	82	1.0
14	83	2.0
14	84	1.0
14	85	4.0
14	86	6.0
14	87	3.0
14	88	1.0
14	90	2.0
14	91	4.0
14	92	3.0
14	93	3.0
14	94	3.0
14	95	3.0
14	96	2.0
14	97	1.0
14	98	2.0
14	99	1.0
14	100	4.0
14	101	3.0
14	102	3.0
14	103	2.0
14	104	3.0
14	105	5.0
14	106	1.0
14	107	1.0
14	108	4.0
14	109	5.0
14	110	4.0
14	111	3.0
14	112	3.0
14	113	3.0
14	114	2.0
14	115	1.0
14	116	6.0
14	117	5.0
14	118	3.0
14	119	1.0
14	120	3.0
14	121	9.0
14	122	5.0
15	16	17.0
15	17	8.0
15	18	8.0
15	19	12.0
15	20	9.0
15	21	12.0
15	22	3.0
15	23	7.0
15	24	9.0
15	25	3.0
15	26	3.0
15	27	4.0
15	28	3.0
15	29	5.0
15	30	1.0
15	31	3.0
15	32	2.0
15	34	4.0
15	36	2.0
15	37	3.0
15	38	5.0
15	40	3.0
15	41	2.0
15	42	3.0
15	43	1.0
15	44	1.0
15	45	2.0
15	46	2.0
15	47	3.0
15	48	2.0
15	49	9.0
15	50	6.0
15	51	2.0
15	52	1.0
15	53	5.0
15	54	3.0
15	55	4.0
15	56	11.0
15	57	8.0
15	59	3.0
15	60	3.0
15	61	4.0
15	62	3.0
15	63	5.0
15	64	1.0
15	65	5.0
15	66	5.0
15	67	4.0
15	68	5.0
15	69	3.0
15	71	4.0
15	72	2.0
15	73	2.0
15	74	2.0
15	75	2.0
15	76	5.0
15	77	3.0
15	78	4.0
15	79	2.0
15	81	4.0
15	82	6.0
15	83	1.0
15	84	2.0
15	85	5.0
15	86	2.0
15	87	1.0
15	88	2.0
15	89	1.0
15	91	2.0
15	92	3.0
15	93	3.0
15	94	3.0
15	95	2.0
15	96	2.0
15	97	2.0
15	99	1.0
15	100	3.0
15	101	3.0
15	102	2.0
15	103	1.0
15	104	1.0
15	105	2.0
15	106	1.0
15	107	3.0
15	108	2.0
15	109	3.0
15	110	3.0
15	111	1.0
15	112	3.0
15	113	2.0
15	114	7.0
15	115	1.0
15	116	4.0
15	117	2.0
15	118	2.0
15	119	4.0
15	120	4.0
15	121	2.0
15	122	4.0
16	17	70.0
16	18	36.0
16	19	41.0
16	20	17.0
16	21	15.0
16	22	10.0
16	23	12.0
16	24	7.0
16	25	3.0
16	26	3.0
16	27	6.0
16	28	6.0
16	29	3.0
16	30	4.0
16	31	2.0
16	32	6.0
16	34	2.0
16	35	1.0
16	36	2.0
16	37	1.0
16	38	2.0
16	39	2.0
16	40	3.0
16	41	5.0
16	42	2.0
16	43	4.0
16	44	2.0
16	45	2.0
16	46	2.0
16	47	7.0
16	48	3.0
16	49	2.0
16	50	5.0
16	51	7.0
16	52	9.0
16	53	4.0
16	54	2.0
16	55	3.0
16	56	4.0
16	57	4.0
16	58	5.0
16	59	8.0
16	60	4.0
16	61	4.0
16	62	4.0
16	63	4.0
16	64	3.0
16	65	3.0
16	66	5.0
16	67	4.0
16	68	3.0
16	69	3.0
16	70	2.0
16	71	4.0
16	72	5.0
16	73	2.0
16	74	5.0
16	75	3.0
16	76	1.0
16	77	5.0
16	78	1.0
16	79	2.0
16	80	2.0
16	81	6.0
16	82	1.0
16	83	3.0
16	84	6.0
16	85	8.0
16	87	2.0
16	88	3.0
16	89	1.0
16	90	2.0
16	91	2.0
16	93	1.0
16	94	1.0
16	95	4.0
16	97	4.0
16	98	1.0
16	99	1.0
16	100	6.0
16	101	3.0
16	103	3.0
16	105	1.0
16	106	2.0
16	107	2.0
16	108	2.0
16	109	2.0
16	110	1.0
16	111	1.0
16	112	1.0
16	113	3.0
16	114	2.0
16	115	2.0
16	116	6.0
16	117	3.0
16	118	3.0
16	119	3.0
16	120	5.0
16	121	3.0
16	122	3.0
17	18	46.0
17	19	55.0
17	20	15.0
17	21	9.0
17	22	17.0
17	23	15.0
17	24	13.0
17	25	9.0
17	26	5.0
17	27	2.0
17	28	5.0
17	29	5.0
17	30	5.0
17	31	1.0
17	32	3.0
17	34	1.0
17	35	1.0
17	36	1.0
17	38	3.0
17	39	2.0
17	40	3.0
17	41	3.0
17	42	2.0
17	43	2.0
17	44	3.0
17	45	2.0
17	46	1.0
17	47	4.0
17	48	9.0
17	49	10.0
17	50	4.0
17	51	6.0
17	52	3.0
17	53	2.0
17	54	3.0
17	55	4.0
17	56	2.0
17	57	3.0
17	58	6.0
17	59	6.0
17	60	4.0
17	61	4.0
17	62	3.0
17	63	3.0
17	64	6.0
17	65	3.0
17	66	3.0
17	67	4.0
17	68	2.0
17	69	2.0
17	70	7.0
17	71	3.0
17	72	1.0
17	73	5.0
17	74	6.0
17	75	5.0
17	76	7.0
17	77	9.0
17	78	2.0
17	79	2.0
17	80	7.0
17	81	3.0
17	82	4.0
17	83	2.0
17	84	5.0
17	85	3.0
17	86	3.0
17	87	2.0
17	88	1.0
17	90	6.0
17	91	3.0
17	92	2.0
17	93	1.0
17	94	2.0
17	95	1.0
17	96	1.0
17	97	1.0
17	98	1.0
17	99	3.0
17	100	4.0
17	101	2.0
17	102	1.0
17	103	3.0
17	104	3.0
17	105	1.0
17	106	3.0
17	107	3.0
17	108	1.0
17	109	2.0
17	110	7.0
17	111	2.0
17	112	2.0
17	113	1.0
17	115	3.0
17	117	1.0
17	118	2.0
17	119	4.0
17	120	3.0
17	121	3.0
17	122	4.0
18	19	23.0
18	20	16.0
18	21	10.0
18	22	11.0
18	23	11.0
18	24	6.0
18	25	7.0
18	26	6.0
18	28	5.0
18	29	2.0
18	30	2.0
18	31	5.0
18	32	3.0
18	33	1.0
18	34	2.0
18	35	4.0
18	36	3.0
18	37	2.0
18	38	7.0
18	39	3.0
18	40	2.0
18	41	2.0
18	42	4.0
18	43	4.0
18	44	2.0
18	45	3.0
18	46	6.0
18	47	2.0
18	48	3.0
18	49	6.0
18	50	9.0
18	51	9.0
18	52	5.0
18	53	4.0
18	54	4.0
18	55	2.0
18	56	3.0
18	57	3.0
18	58	6.0
18	59	11.0
18	60	5.0
18	61	3.0
18	62	6.0
18	63	3.0
18	64	4.0
18	65	1.0
18	66	5.0
18	67	4.0
18	68	3.0
18	69	8.0
18	70	1.0
18	71	4.0
18	72	4.0
18	74	5.0
18	75	1.0
18	76	3.0
18	77	2.0
18	78	1.0
18	79	3.0
18	80	4.0
18	81	3.0
18	82	1.0
18	83	5.0
18	84	2.0
18	85	4.0
18	86	3.0
18	87	1.0
18	88	4.0
18	89	3.0
18	90	2.0
18	91	3.0
18	93	3.0
18	94	3.0
18	95	1.0
18	97	1.0
18	98	3.0
18	99	2.0
18	100	4.0
18	101	2.0
18	103	3.0
18	104	1.0
18	105	3.0
18	106	1.0
18	107	5.0
18	108	2.0
18	109	6.0
18	110	4.0
18	111	3.0
18	112	3.0
18	113	4.0
18	114	4.0
18	115	3.0
18	116	3.0
18	117	2.0
18	118	4.0
18	119	5.0
18	120	2.0
18	121	2.0
18	122	3.0
19	20	26.0
19	21	17.0
19	22	10.0
19	23	12.0
19	24	6.0
19	25	5.0
19	26	6.0
19	27	5.0
19	28	2.0
19	29	3.0
19	30	5.0
19	31	3.0
19	32	3.0
19	33	5.0
19	34	2.0
19	35	4.0
19	36	1.0
19	37	3.0
19	39	3.0
19	40	5.0
19	41	5.0
19	42	2.0
19	43	2.0
19	44	3.0
19	45	1.0
19	46	1.0
19	47	4.0
19	48	3.0
19	49	4.0
19	50	6.0
19	51	9.0
19	52	7.0
19	53	8.0
19	54	8.0
19	55	6.0
19	56	3.0
19	57	2.0
19	58	8.0
19	59	6.0
19	60	6.0
19	61	6.0
19	62	2.0
19	63	1.0
19	64	2.0
19	65	4.0
19	66	3.0
19	67	3.0
19	68	3.0
19	69	2.0
19	70	8.0
19	71	3.0
19	72	3.0
19	73	4.0
19	74	2.0
19	75	3.0
19	76	5.0
19	77	7.0
19	78	2.0
19	79	3.0
19	80	5.0
19	82	4.0
19	83	5.0
19	84	4.0
19	85	3.0
19	86	4.0
19	87	5.0
19	88	2.0
19	89	3.0
19	90	4.0
19	91	5.0
19	92	3.0
19	93	4.0
19	94	3.0
19	95	1.0
19	96	2.0
19	97	1.0
19	98	3.0
19	99	2.0
19	100	2.0
19	101	4.0
19	102	1.0
19	103	3.0
19	104	4.0
19	105	1.0
19	106	3.0
19	107	1.0
19	108	1.0
19	109	2.0
19	110	2.0
19	111	7.0
19	112	5.0
19	113	6.0
19	114	3.0
19	116	3.0
19	117	4.0
19	118	5.0
19	119	2.0
19	120	3.0
19	121	3.0
19	122	2.0
20	21	24.0
20	22	13.0
20	23	20.0
20	24	7.0
20	25	8.0
20	26	7.0
20	27	3.0
20	28	1.0
20	29	4.0
20	30	5.0
20	31	3.0
20	33	4.0
20	34	2.0
20	36	1.0
20	37	1.0
20	38	1.0
20	39	1.0
20	40	3.0
20	42	2.0
20	45	4.0
20	46	5.0
20	47	3.0
20	48	8.0
20	49	5.0
20	50	1.0
20	51	8.0
20	52	7.0
20	53	6.0
20	54	9.0
20	55	4.0
20	56	2.0
20	57	8.0
20	58	5.0
20	59	4.0
20	60	2.0
20	61	1.0
20	62	5.0
20	63	1.0
20	64	2.0
20	65	2.0
20	66	2.0
20	67	1.0
20	69	4.0
20	70	1.0
20	71	6.0
20	72	3.0
20	73	1.0
20	74	4.0
20	75	5.0
20	76	1.0
20	77	3.0
20	78	1.0
20	79	3.0
20	80	3.0
20	81	3.0
20	82	2.0
20	84	2.0
20	85	1.0
20	86	2.0
20	88	1.0
20	89	3.0
20	90	3.0
20	91	4.0
20	92	3.0
20	93	4.0
20	94	2.0
20	96	3.0
20	97	3.0
20	98	1.0
20	99	3.0
20	100	1.0
20	101	2.0
20	102	3.0
20	103	4.0
20	104	2.0
20	105	1.0
20	106	5.0
20	107	1.0
20	108	1.0
20	109	1.0
20	110	4.0
20	111	2.0
20	112	3.0
20	113	3.0
20	114	3.0
20	115	4.0
20	116	1.0
20	117	2.0
20	118	4.0
20	119	1.0
20	120	2.0
20	121	5.0
20	122	3.0
21	22	24.0
21	23	19.0
21	24	10.0
21	25	7.0
21	26	6.0
21	27	4.0
21	28	4.0
21	29	1.0
21	30	5.0
21	31	6.0
21	32	4.0
21	33	2.0
21	34	1.0
21	35	5.0
21	37	2.0
21	38	3.0
21	39	4.0
21	40	4.0
21	41	4.0
21	42	2.0
21	43	3.0
21	44	1.0
21	45	3.0
21	46	2.0
21	47	6.0
21	48	5.0
21	49	4.0
21	50	6.0
21	51	5.0
21	52	10.0
21	53	9.0
21	54	3.0
21	55	2.0
21	56	3.0
21	57	8.0
21	58	4.0
21	59	3.0
21	60	7.0
21	61	4.0
21	62	4.0
21	63	2.0
21	64	1.0
21	65	4.0
21	66	2.0
21	67	4.0
21	68	3.0
21	69	5.0
21	70	4.0
21	71	1.0
21	72	3.0
21	73	4.0
21	74	5.0
21	75	3.0
21	76	4.0
21	77	2.0
21	78	2.0
21	79	1.0
21	81	5.0
21	82	1.0
21	83	2.0
21	84	5.0
21	85	3.0
21	86	5.0
21	88	3.0
21	89	3.0
21	90	2.0
21	91	2.0
21	93	6.0
21	94	2.0
21	95	1.0
21	96	2.0
21	97	2.0
21	98	1.0
21	100	4.0
21	101	4.0
21	102	3.0
21	103	3.0
21	104	5.0
21	105	5.0
21	106	1.0
21	108	2.0
21	109	3.0
21	110	2.0
21	111	2.0
21	112	6.0
21	115	1.0
21	116	1.0
21	117	3.0
21	118	1.0
21	119	1.0
21	120	2.0
21	121	5.0
21	122	1.0
22	23	40.0
22	24	32.0
22	25	18.0
22	26	10.0
22	27	10.0
22	28	11.0
22	29	3.0
22	30	4.0
22	31	1.0
22	32	1.0
22	33	2.0
22	35	3.0
22	37	1.0
22	38	4.0
22	39	4.0
22	40	1.0
22	41	3.0
22	42	2.0
22	43	3.0
22	44	1.0
22	45	3.0
22	46	2.0
22	47	6.0
22	48	3.0
22	49	5.0
22	50	5.0
22	51	14.0
22	52	13.0
22	53	6.0
22	54	2.0
22	55	4.0
22	56	3.0
22	57	7.0
22	58	4.0
22	59	4.0
22	60	8.0
22	61	3.0
22	62	1.0
22	64	1.0
22	65	4.0
22	66	2.0
22	67	1.0
22	68	2.0
22	69	1.0
22	70	2.0
22	71	2.0
22	72	3.0
22	73	3.0
22	74	3.0
22	75	5.0
22	76	4.0
22	79	6.0
22	80	1.0
22	81	4.0
22	82	5.0
22	83	3.0
22	84	3.0
22	85	1.0
22	87	2.0
22	88	1.0
22	89	3.0
22	90	2.0
22	91	3.0
22	92	3.0
22	94	1.0
22	95	4.0
22	98	2.0
22	99	5.0
22	101	2.0
22	102	1.0
22	103	5.0
22	104	2.0
22	105	5.0
22	106	2.0
22	107	2.0
22	108	2.0
22	109	2.0
22	110	4.0
22	111	1.0
22	112	1.0
22	113	1.0
22	114	4.0
22	115	2.0
22	116	2.0
22	117	5.0
22	118	4.0
22	119	3.0
22	120	4.0
22	121	4.0
22	122	4.0
23	24	18.0
23	25	12.0
23	26	6.0
23	27	8.0
23	28	8.0
23	29	10.0
23	30	5.0
23	31	1.0
23	32	3.0
23	33	2.0
23	34	1.0
23	35	2.0
23	36	2.0
23	37	1.0
23	38	1.0
23	39	6.0
23	40	1.0
23	41	1.0
23	42	3.0
23	43	5.0
23	44	2.0
23	45	1.0
23	47	3.0
23	48	6.0
23	49	6.0
23	50	7.0
23	51	7.0
23	52	9.0
23	53	6.0
23	54	4.0
23	55	1.0
23	56	2.0
23	57	1.0
23	58	2.0
23	59	3.0
23	60	1.0
23	61	5.0
23	62	3.0
23	63	4.0
23	64	5.0
23	65	4.0
23	66	3.0
23	67	7.0
23	68	3.0
23	69	3.0
23	70	4.0
23	71	2.0
23	72	6.0
23	73	2.0
23	74	3.0
23	75	7.0
23	76	1.0
23	77	2.0
23	78	2.0
23	79	1.0
23	80	3.0
23	81	4.0
23	83	3.0
23	84	2.0
23	85	5.0
23	86	1.0
23	87	3.0
23	88	2.0
23	89	1.0
23	90	3.0
23	91	3.0
23	92	1.0
23	93	5.0
23	94	1.0
23	95	1.0
23	96	1.0
23	97	3.0
23	98	3.0
23	99	1.0
23	100	3.0
23	101	3.0
23	102	1.0
23	103	1.0
23	106	2.0
23	107	1.0
23	108	4.0
23	109	3.0
23	110	2.0
23	111	5.0
23	112	2.0
23	113	3.0
23	114	2.0
23	115	1.0
23	116	4.0
23	117	2.0
23	118	1.0
23	119	2.0
23	120	1.0
23	121	4.0
23	122	3.0
24	25	11.0
24	26	7.0
24	27	9.0
24	28	11.0
24	29	2.0
24	30	8.0
24	31	3.0
24	32	4.0
24	33	1.0
24	34	2.0
24	35	2.0
24	38	4.0
24	39	5.0
24	40	2.0
24	41	6.0
24	42	4.0
24	43	4.0
24	44	1.0
24	45	1.0
24	46	3.0
24	47	3.0
24	48	7.0
24	49	6.0
24	50	3.0
24	51	8.0
24	52	10.0
24	53	4.0
24	54	6.0
24	55	4.0
24	56	5.0
24	57	3.0
24	58	6.0
24	59	7.0
24	60	6.0
24	61	4.0
24	62	1.0
24	63	4.0
24	64	3.0
24	65	4.0
24	66	3.0
24	67	2.0
24	68	3.0
24	69	2.0
24	71	1.0
24	72	3.0
24	74	3.0
24	75	1.0
24	76	3.0
24	77	4.0
24	78	3.0
24	79	4.0
24	80	1.0
24	81	2.0
24	82	1.0
24	83	1.0
24	84	4.0
24	85	5.0
24	86	2.0
24	87	3.0
24	88	2.0
24	90	4.0
24	92	4.0
24	93	2.0
24	94	4.0
24	95	1.0
24	96	1.0
24	97	1.0
24	98	1.0
24	99	3.0
24	100	4.0
24	101	2.0
24	102	4.0
24	103	1.0
24	104	3.0
24	105	3.0
24	106	3.0
24	107	2.0
24	108	2.0
24	110	4.0
24	111	2.0
24	112	2.0
24	113	3.0
24	114	1.0
24	115	3.0
24	116	2.0
24	117	3.0
24	118	2.0
24	119	3.0
24	120	1.0
24	121	4.0
24	122	1.0
25	26	12.0
25	27	17.0
25	28	12.0
25	29	7.0
25	30	5.0
25	31	2.0
25	32	3.0
25	34	1.0
25	35	3.0
25	36	4.0
25	37	2.0
25	38	4.0
25	39	5.0
25	40	1.0
25	41	2.0
25	42	6.0
25	43	5.0
25	44	6.0
25	45	4.0
25	46	4.0
25	47	9.0
25	48	8.0
25	49	10.0
25	50	11.0
25	51	11.0
25	52	9.0
25	53	12.0
25	54	7.0
25	55	9.0
25	56	10.0
25	57	6.0
25	58	3.0
25	59	4.0
25	60	3.0
25	61	1.0
25	62	2.0
25	63	6.0
25	64	6.0
25	65	2.0
25	66	3.0
25	67	7.0
25	68	1.0
25	69	2.0
25	70	5.0
25	71	3.0
25	72	3.0
25	73	1.0
25	74	1.0
25	75	1.0
25	76	1.0
25	77	1.0
25	78	1.0
25	80	2.0
25	81	9.0
25	82	6.0
25	83	2.0
25	84	2.0
25	85	7.0
25	86	1.0
25	87	3.0
25	88	3.0
25	89	4.0
25	90	2.0
25	91	1.0
25	92	2.0
25	94	3.0
25	95	2.0
25	96	1.0
25	97	4.0
25	98	2.0
25	99	2.0
25	100	1.0
25	101	3.0
25	103	1.0
25	104	3.0
25	105	2.0
25	107	1.0
25	108	2.0
25	109	3.0
25	110	2.0
25	111	3.0
25	112	2.0
25	113	3.0
25	114	1.0
25	116	3.0
25	117	4.0
25	118	2.0
25	119	2.0
25	120	1.0
25	121	5.0
25	122	1.0
26	27	15.0
26	28	13.0
26	29	8.0
26	30	7.0
26	31	6.0
26	32	2.0
26	33	3.0
26	34	1.0
26	35	1.0
26	36	1.0
26	37	2.0
26	38	4.0
26	39	4.0
26	40	3.0
26	41	6.0
26	42	5.0
26	43	2.0
26	44	5.0
26	45	5.0
26	46	7.0
26	47	8.0
26	48	19.0
26	49	9.0
26	50	6.0
26	51	13.0
26	52	13.0
26	53	7.0
26	54	3.0
26	55	4.0
26	56	7.0
26	57	2.0
26	58	3.0
26	59	1.0
26	60	8.0
26	61	7.0
26	62	2.0
26	63	4.0
26	64	4.0
26	65	2.0
26	66	6.0
26	67	3.0
26	68	6.0
26	69	4.0
26	70	3.0
26	71	2.0
26	72	4.0
26	73	2.0
26	74	2.0
26	75	1.0
26	76	2.0
26	77	3.0
26	78	4.0
26	80	1.0
26	81	2.0
26	82	3.0
26	83	4.0
26	84	2.0
26	86	1.0
26	88	2.0
26	89	2.0
26	91	4.0
26	92	4.0
26	93	2.0
26	94	1.0
26	95	1.0
26	96	1.0
26	97	1.0
26	98	3.0
26	99	1.0
26	101	2.0
26	102	3.0
26	103	1.0
26	104	2.0
26	105	1.0
26	106	1.0
26	107	1.0
26	110	2.0
26	111	2.0
26	114	3.0
26	115	1.0
26	116	2.0
26	117	2.0
26	118	2.0
26	119	4.0
26	120	1.0
26	122	4.0
27	28	20.0
27	29	8.0
27	30	6.0
27	31	3.0
27	32	1.0
27	33	8.0
27	34	1.0
27	35	1.0
27	37	5.0
27	38	4.0
27	39	8.0
27	40	5.0
27	41	9.0
27	42	7.0
27	43	3.0
27	44	4.0
27	45	7.0
27	46	9.0
27	47	10.0
27	48	8.0
27	49	10.0
27	50	8.0
27	51	12.0
27	52	4.0
27	53	7.0
27	54	3.0
27	55	3.0
27	56	3.0
27	57	3.0
27	58	4.0
27	59	2.0
27	60	5.0
27	61	6.0
27	62	2.0
27	63	1.0
27	64	4.0
27	65	2.0
27	66	4.0
27	67	2.0
27	68	3.0
27	69	2.0
27	70	4.0
27	71	4.0
27	72	4.0
27	73	3.0
27	74	1.0
27	75	6.0
27	76	2.0
27	77	1.0
27	78	5.0
27	79	1.0
27	80	2.0
27	81	3.0
27	82	1.0
27	84	1.0
27	85	4.0
27	86	3.0
27	88	1.0
27	89	3.0
27	90	2.0
27	91	2.0
27	93	4.0
27	94	1.0
27	95	2.0
27	96	1.0
27	97	1.0
27	98	1.0
27	99	2.0
27	100	1.0
27	101	3.0
27	102	2.0
27	103	2.0
27	104	2.0
27	105	3.0
27	106	3.0
27	107	1.0
27	108	1.0
27	109	3.0
27	110	2.0
27	111	1.0
27	113	1.0
27	115	1.0
27	116	2.0
27	117	2.0
27	118	2.0
27	119	2.0
27	120	2.0
27	121	3.0
27	122	7.0
28	29	17.0
28	30	11.0
28	31	6.0
28	32	2.0
28	33	3.0
28	34	2.0
28	35	4.0
28	36	2.0
28	38	3.0
28	39	1.0
28	40	5.0
28	41	7.0
28	42	14.0
28	43	9.0
28	44	8.0
28	45	6.0
28	46	3.0
28	47	4.0
28	48	6.0
28	49	8.0
28	50	5.0
28	51	8.0
28	52	6.0
28	53	6.0
28	54	4.0
28	55	6.0
28	56	2.0
28	57	3.0
28	58	4.0
28	59	2.0
28	60	3.0
28	61	3.0
28	62	3.0
28	63	2.0
28	64	1.0
28	65	4.0
28	66	2.0
28	67	3.0
28	68	3.0
28	69	5.0
28	70	2.0
28	71	5.0
28	72	2.0
28	73	3.0
28	74	4.0
28	75	2.0
28	76	4.0
28	77	2.0
28	78	3.0
28	79	1.0
28	80	3.0
28	81	1.0
28	82	1.0
28	83	1.0
28	84	2.0
28	85	2.0
28	86	2.0
28	88	1.0
28	89	2.0
28	90	3.0
28	91	1.0
28	92	1.0
28	93	3.0
28	95	2.0
28	96	1.0
28	97	2.0
28	98	3.0
28	99	1.0
28	101	2.0
28	102	2.0
28	103	3.0
28	104	1.0
28	105	3.0
28	106	2.0
28	107	3.0
28	108	2.0
28	111	1.0
28	112	2.0
28	114	1.0
28	115	4.0
28	116	1.0
28	117	1.0
28	118	3.0
28	119	4.0
28	120	3.0
28	121	3.0
28	122	1.0
29	30	25.0
29	31	8.0
29	32	10.0
29	33	4.0
29	34	1.0
29	35	2.0
29	36	3.0
29	37	2.0
29	38	3.0
29	39	5.0
29	40	4.0
29	41	7.0
29	42	4.0
29	43	3.0
29	44	9.0
29	45	3.0
29	46	8.0
29	47	4.0
29	48	6.0
29	49	5.0
29	50	7.0
29	51	10.0
29	52	4.0
29	53	2.0
29	54	5.0
29	55	4.0
29	56	5.0
29	57	7.0
29	58	4.0
29	59	3.0
29	60	4.0
29	61	3.0
29	62	1.0
29	63	5.0
29	64	5.0
29	65	3.0
29	67	1.0
29	68	5.0
29	69	4.0
29	70	2.0
29	71	1.0
29	72	1.0
29	73	2.0
29	74	1.0
29	75	2.0
29	76	1.0
29	77	4.0
29	78	2.0
29	79	2.0
29	80	2.0
29	81	2.0
29	82	3.0
29	83	7.0
29	84	5.0
29	85	5.0
29	86	3.0
29	87	1.0
29	88	3.0
29	90	1.0
29	91	1.0
29	92	1.0
29	94	2.0
29	95	3.0
29	96	2.0
29	97	2.0
29	98	2.0
29	99	4.0
29	100	2.0
29	101	3.0
29	102	2.0
29	103	2.0
29	104	1.0
29	105	5.0
29	106	2.0
29	108	2.0
29	109	3.0
29	110	3.0
29	111	1.0
29	113	2.0
29	114	2.0
29	115	3.0
29	116	4.0
29	117	2.0
29	118	4.0
29	119	2.0
29	120	5.0
29	122	2.0
30	31	9.0
30	32	11.0
30	33	3.0
30	34	6.0
30	35	2.0
30	36	6.0
30	37	4.0
30	38	2.0
30	39	6.0
30	40	11.0
30	41	12.0
30	42	8.0
30	43	3.0
30	44	3.0
30	45	6.0
30	46	3.0
30	47	6.0
30	48	3.0
30	49	2.0
30	50	4.0
30	51	6.0
30	52	5.0
30	53	5.0
30	54	5.0
30	55	6.0
30	56	5.0
30	57	3.0
30	58	3.0
30	59	4.0
30	60	3.0
30	61	2.0
30	62	1.0
30	63	5.0
30	64	5.0
30	65	1.0
30	66	2.0
30	67	4.0
30	68	2.0
30	69	5.0
30	70	2.0
30	71	1.0
30	73	1.0
30	74	1.0
30	76	6.0
30	77	3.0
30	78	2.0
30	79	5.0
30	80	4.0
30	81	1.0
30	82	2.0
30	83	2.0
30	85	3.0
30	86	3.0
30	88	2.0
30	89	2.0
30	90	2.0
30	91	4.0
30	92	1.0
30	94	2.0
30	95	1.0
30	97	3.0
30	98	4.0
30	99	2.0
30	100	3.0
30	101	3.0
30	103	2.0
30	104	3.0
30	105	1.0
30	107	3.0
30	108	1.0
30	109	2.0
30	110	2.0
30	111	2.0
30	112	4.0
30	113	2.0
30	114	3.0
30	115	1.0
30	116	1.0
30	118	1.0
30	119	2.0
30	121	2.0
31	32	8.0
31	33	6.0
31	34	6.0
31	35	4.0
31	36	4.0
31	37	2.0
31	38	3.0
31	39	10.0
31	40	10.0
31	41	3.0
31	42	5.0
31	45	1.0
31	46	3.0
31	47	4.0
31	48	6.0
31	49	5.0
31	50	6.0
31	51	3.0
31	52	3.0
31	53	1.0
31	54	5.0
31	55	2.0
31	56	3.0
31	58	2.0
31	59	1.0
31	60	5.0
31	61	1.0
31	62	4.0
31	63	3.0
31	64	2.0
31	65	2.0
31	66	4.0
31	67	1.0
31	68	6.0
31	69	2.0
31	70	1.0
31	71	3.0
31	72	4.0
31	74	2.0
31	75	1.0
31	76	1.0
31	77	2.0
31	78	1.0
31	79	3.0
31	80	1.0
31	81	2.0
31	82	2.0
31	83	1.0
31	86	2.0
31	87	3.0
31	88	3.0
31	89	5.0
31	90	1.0
31	91	2.0
31	93	2.0
31	95	2.0
31	96	1.0
31	98	2.0
31	99	1.0
31	100	1.0
31	102	4.0
31	107	2.0
31	108	4.0
31	110	2.0
31	111	2.0
31	113	1.0
31	114	3.0
31	116	7.0
31	117	3.0
31	119	2.0
31	120	2.0
31	121	3.0
32	33	20.0
32	34	4.0
32	35	9.0
32	36	7.0
32	37	7.0
32	38	11.0
32	39	26.0
32	40	19.0
32	41	11.0
32	42	5.0
32	43	6.0
32	44	7.0
32	45	2.0
32	46	4.0
32	47	3.0
32	48	4.0
32	49	2.0
32	50	6.0
32	52	4.0
32	54	3.0
32	55	3.0
32	57	4.0
32	59	2.0
32	60	3.0
32	61	1.0
32	62	1.0
32	63	3.0
32	64	3.0
32	65	2.0
32	66	2.0
32	67	3.0
32	68	2.0
32	69	3.0
32	70	1.0
32	72	2.0
32	73	1.0
32	74	1.0
32	75	1.0
32	76	1.0
32	77	3.0
32	78	1.0
32	79	3.0
32	80	3.0
32	81	4.0
32	82	2.0
32	83	2.0
32	86	4.0
32	87	1.0
32	88	1.0
32	89	2.0
32	91	2.0
32	92	2.0
32	94	2.0
32	95	1.0
32	96	2.0
32	98	6.0
32	99	2.0
32	101	1.0
32	103	2.0
32	105	1.0
32	106	4.0
32	108	1.0
32	109	1.0
32	110	1.0
32	111	2.0
32	112	3.0
32	113	1.0
32	114	1.0
32	116	2.0
32	117	3.0
32	118	1.0
32	119	4.0
32	120	2.0
32	121	3.0
32	122	3.0
33	34	12.0
33	35	10.0
33	36	10.0
33	37	15.0
33	38	59.0
33	39	15.0
33	40	9.0
33	41	6.0
33	42	6.0
33	43	3.0
33	44	2.0
33	45	2.0
33	46	5.0
33	47	2.0
33	48	1.0
33	49	1.0
33	52	3.0
33	54	3.0
33	55	1.0
33	56	2.0
33	57	1.0
33	58	2.0
33	59	2.0
33	60	2.0
33	61	1.0
33	62	2.0
33	63	1.0
33	64	3.0
33	65	1.0
33	66	2.0
33	67	2.0
33	68	1.0
33	69	3.0
33	70	2.0
33	71	1.0
33	72	1.0
33	73	2.0
33	74	5.0
33	75	4.0
33	76	4.0
33	77	1.0
33	79	1.0
33	80	4.0
33	81	3.0
33	82	3.0
33	83	2.0
33	85	2.0
33	86	1.0
33	88	2.0
33	89	1.0
33	90	3.0
33	91	2.0
33	93	1.0
33	94	1.0
33	95	1.0
33	96	1.0
33	97	2.0
33	98	1.0
33	102	1.0
33	103	3.0
33	105	1.0
33	106	2.0
33	107	2.0
33	108	1.0
33	109	2.0
33	111	3.0
33	113	2.0
33	116	1.0
33	117	4.0
33	118	2.0
33	119	2.0
33	120	2.0
33	122	1.0
34	35	14.0
34	36	5.0
34	37	80.0
34	38	16.0
34	39	7.0
34	40	5.0
34	41	6.0
34	42	1.0
34	43	1.0
34	44	3.0
34	45	1.0
34	46	2.0
34	47	1.0
34	48	2.0
34	49	2.0
34	50	2.0
34	51	3.0
34	52	1.0
34	53	2.0
34	55	3.0
34	57	1.0
34	58	1.0
34	59	2.0
34	63	3.0
34	64	2.0
34	66	2.0
34	67	2.0
34	68	2.0
34	69	1.0
34	70	3.0
34	71	1.0
34	72	4.0
34	74	1.0
34	75	1.0
34	78	1.0
34	79	1.0
34	80	2.0
34	81	2.0
34	82	1.0
34	83	2.0
34	86	1.0
34	88	1.0
34	89	1.0
34	90	1.0
34	91	1.0
34	93	3.0
34	94	1.0
34	96	1.0
34	98	4.0
34	99	2.0
34	101	1.0
34	103	1.0
34	104	1.0
34	105	2.0
34	106	1.0
34	107	4.0
34	108	2.0
34	110	1.0
34	111	1.0
34	115	2.0
34	116	1.0
34	117	1.0
34	118	3.0
34	121	3.0
34	122	2.0
35	36	69.0
35	37	13.0
35	38	4.0
35	39	5.0
35	40	3.0
35	41	5.0
35	42	2.0
35	43	5.0
35	44	2.0
35	45	4.0
35	46	2.0
35	47	2.0
35	48	4.0
35	49	2.0
35	50	2.0
35	51	2.0
35	52	4.0
35	53	2.0
35	54	1.0
35	55	1.0
35	56	1.0
35	57	3.0
35	58	2.0
35	59	1.0
35	60	1.0
35	61	2.0
35	63	3.0
35	64	2.0
35	65	1.0
35	67	2.0
35	68	2.0
35	69	3.0
35	70	4.0
35	71	2.0
35	72	2.0
35	73	3.0
35	74	2.0
35	75	3.0
35	76	4.0
35	77	1.0
35	78	1.0
35	80	1.0
35	81	4.0
35	83	3.0
35	84	1.0
35	85	1.0
35	87	1.0
35	89	1.0
35	90	2.0
35	91	1.0
35	94	1.0
35	95	1.0
35	97	1.0
35	98	1.0
35	100	1.0
35	101	3.0
35	102	3.0
35	103	1.0
35	104	2.0
35	105	1.0
35	106	1.0
35	107	1.0
35	108	3.0
35	109	1.0
35	112	2.0
35	113	1.0
35	114	1.0
35	115	3.0
35	116	1.0
35	117	1.0
35	118	1.0
35	120	2.0
35	121	1.0
36	37	17.0
36	38	8.0
36	39	3.0
36	40	8.0
36	41	4.0
36	42	3.0
36	43	1.0
36	44	3.0
36	45	2.0
36	46	4.0
36	49	1.0
36	50	1.0
36	51	3.0
36	53	1.0
36	54	1.0
36	55	1.0
36	58	2.0
36	59	1.0
36	60	1.0
36	61	3.0
36	62	1.0
36	63	1.0
36	64	2.0
36	65	3.0
36	66	1.0
36	67	2.0
36	69	1.0
36	70	3.0
36	71	1.0
36	73	2.0
36	74	1.0
36	76	3.0
36	77	2.0
36	80	1.0
36	81	1.0
36	84	4.0
36	85	1.0
36	87	1.0
36	89	1.0
36	96	1.0
36	97	2.0
36	99	2.0
36	100	1.0
36	102	1.0
36	104	1.0
36	105	2.0
36	106	2.0
36	107	1.0
36	108	1.0
36	109	2.0
36	111	2.0
36	112	1.0
36	117	1.0
36	118	2.0
37	38	13.0
37	39	8.0
37	40	5.0
37	41	9.0
37	42	4.0
37	43	3.0
37	44	1.0
37	45	4.0
37	46	1.0
37	47	6.0
37	48	2.0
37	49	1.0
37	50	4.0
37	51	3.0
37	52	1.0
37	54	2.0
37	55	2.0
37	57	2.0
37	58	1.0
37	59	2.0
37	60	2.0
37	61	1.0
37	63	2.0
37	64	3.0
37	65	2.0
37	66	2.0
37	67	4.0
37	68	2.0
37	70	1.0
37	72	1.0
37	75	2.0
37	76	1.0
37	77	1.0
37	78	1.0
37	79	1.0
37	80	4.0
37	81	2.0
37	82	3.0
37	83	2.0
37	85	2.0
37	86	1.0
37	89	3.0
37	90	2.0
37	91	1.0
37	92	2.0
37	93	2.0
37	94	1.0
37	95	3.0
37	96	1.0
37	97	2.0
37	98	1.0
37	99	2.0
37	101	3.0
37	105	1.0
37	106	1.0
37	107	2.0
37	109	1.0
37	110	3.0
37	112	1.0
37	113	2.0
37	114	1.0
37	115	1.0
37	117	1.0
37	118	1.0
37	119	1.0
37	120	3.0
37	122	1.0
38	39	18.0
38	40	6.0
38	41	9.0
38	42	2.0
38	43	2.0
38	44	3.0
38	46	3.0
38	47	3.0
38	48	2.0
38	49	2.0
38	50	5.0
38	51	2.0
38	52	3.0
38	53	4.0
38	54	3.0
38	55	2.0
38	56	2.0
38	57	1.0
38	58	4.0
38	59	1.0
38	62	2.0
38	63	2.0
38	64	3.0
38	65	3.0
38	66	2.0
38	67	4.0
38	68	2.0
38	69	2.0
38	71	1.0
38	72	2.0
38	75	1.0
38	76	5.0
38	77	1.0
38	78	1.0
38	79	2.0
38	80	1.0
38	81	4.0
38	82	1.0
38	83	2.0
38	84	2.0
38	86	2.0
38	87	3.0
38	88	1.0
38	89	2.0
38	90	2.0
38	91	1.0
38	92	1.0
38	94	1.0
38	95	1.0
38	96	3.0
38	98	2.0
38	99	1.0
38	100	1.0
38	104	1.0
38	109	1.0
38	110	2.0
38	111	2.0
38	112	2.0
38	113	1.0
38	115	3.0
38	116	2.0
38	117	1.0
38	119	1.0
38	120	2.0
38	121	1.0
39	40	19.0
39	41	5.0
39	42	12.0
39	43	3.0
39	44	1.0
39	46	2.0
39	47	5.0
39	48	4.0
39	50	8.0
39	51	2.0
39	53	3.0
39	55	1.0
39	56	3.0
39	57	1.0
39	58	1.0
39	59	2.0
39	60	1.0
39	61	1.0
39	62	2.0
39	63	3.0
39	66	3.0
39	67	3.0
39	68	2.0
39	69	2.0
39	70	1.0
39	71	1.0
39	72	2.0
39	73	5.0
39	74	1.0
39	77	1.0
39	78	2.0
39	79	1.0
39	80	2.0
39	81	5.0
39	82	1.0
39	83	1.0
39	84	2.0
39	85	2.0
39	86	1.0
39	87	1.0
39	88	1.0
39	89	2.0
39	90	1.0
39	92	1.0
39	93	1.0
39	94	2.0
39	95	3.0
39	96	3.0
39	97	2.0
39	98	3.0
39	99	3.0
39	101	1.0
39	102	1.0
39	103	1.0
39	105	1.0
39	106	2.0
39	107	1.0
39	108	3.0
39	109	1.0
39	110	1.0
39	111	1.0
39	113	1.0
39	114	1.0
39	115	3.0
39	116	3.0
39	117	1.0
39	118	1.0
39	119	2.0
39	122	4.0
40	41	14.0
40	42	6.0
40	43	4.0
40	44	4.0
40	45	5.0
40	46	1.0
40	47	5.0
40	48	2.0
40	49	6.0
40	50	4.0
40	51	4.0
40	53	3.0
40	54	4.0
40	55	4.0
40	56	5.0
40	58	3.0
40	59	1.0
40	60	5.0
40	61	3.0
40	62	2.0
40	63	3.0
40	64	2.0
40	65	3.0
40	67	2.0
40	68	3.0
40	69	3.0
40	70	1.0
40	72	2.0
40	73	1.0
40	74	1.0
40	75	1.0
40	77	1.0
40	79	2.0
40	80	2.0
40	82	3.0
40	83	2.0
40	84	2.0
40	85	1.0
40	86	3.0
40	88	1.0
40	89	2.0
40	90	1.0
40	91	1.0
40	92	2.0
40	93	4.0
40	95	1.0
40	96	3.0
40	98	2.0
40	101	1.0
40	103	1.0
40	104	2.0
40	105	4.0
40	106	1.0
40	107	2.0
40	108	1.0
40	110	2.0
40	112	4.0
40	113	3.0
40	114	1.0
40	115	3.0
40	116	2.0
40	117	2.0
40	118	3.0
40	120	4.0
40	122	4.0
41	42	12.0
41	43	6.0
41	44	7.0
41	45	3.0
41	46	2.0
41	47	2.0
41	48	6.0
41	49	3.0
41	50	1.0
41	51	6.0
41	52	4.0
41	53	5.0
41	54	1.0
41	55	4.0
41	56	2.0
41	57	3.0
41	58	4.0
41	59	7.0
41	60	2.0
41	61	5.0
41	62	2.0
41	63	1.0
41	64	3.0
41	65	2.0
41	66	5.0
41	67	1.0
41	68	3.0
41	69	2.0
41	70	2.0
41	71	2.0
41	72	1.0
41	73	3.0
41	74	5.0
41	75	3.0
41	76	3.0
41	77	2.0
41	79	5.0
41	80	2.0
41	81	2.0
41	82	1.0
41	83	1.0
41	84	3.0
41	85	1.0
41	86	3.0
41	89	1.0
41	93	4.0
41	94	2.0
41	95	3.0
41	96	1.0
41	97	1.0
41	98	4.0
41	99	1.0
41	100	2.0
41	101	1.0
41	102	1.0
41	103	1.0
41	104	1.0
41	105	3.0
41	106	3.0
41	107	1.0
41	111	3.0
41	112	2.0
41	113	1.0
41	114	2.0
41	115	4.0
41	116	2.0
41	117	1.0
41	118	1.0
41	119	1.0
41	120	4.0
41	122	2.0
42	43	9.0
42	44	8.0
42	45	2.0
42	46	3.0
42	47	2.0
42	48	5.0
42	49	7.0
42	50	5.0
42	51	4.0
42	52	2.0
42	53	1.0
42	56	1.0
42	57	6.0
42	58	2.0
42	59	4.0
42	61	5.0
42	62	4.0
42	63	1.0
42	64	1.0
42	65	1.0
42	68	4.0
42	69	1.0
42	70	2.0
42	71	2.0
42	72	1.0
42	73	3.0
42	74	3.0
42	75	3.0
42	77	3.0
42	78	2.0
42	79	1.0
42	80	2.0
42	81	1.0
42	82	1.0
42	83	4.0
42	84	1.0
42	85	4.0
42	86	2.0
42	87	2.0
42	88	3.0
42	89	1.0
42	90	1.0
42	91	1.0
42	92	2.0
42	93	2.0
42	94	1.0
42	96	1.0
42	97	3.0
42	98	2.0
42	99	2.0
42	100	3.0
42	102	1.0
42	103	2.0
42	104	1.0
42	105	1.0
42	106	1.0
42	107	1.0
42	108	1.0
42	109	3.0
42	110	1.0
42	111	3.0
42	112	2.0
42	113	1.0
42	114	3.0
42	115	3.0
42	116	2.0
42	117	4.0
42	118	3.0
42	119	1.0
42	120	1.0
42	121	4.0
42	122	1.0
43	44	12.0
43	45	4.0
43	46	6.0
43	47	3.0
43	48	2.0
43	49	3.0
43	50	1.0
43	51	4.0
43	52	6.0
43	53	1.0
43	54	3.0
43	55	4.0
43	56	3.0
43	57	3.0
43	58	3.0
43	59	2.0
43	60	1.0
43	61	3.0
43	62	2.0
43	63	2.0
43	64	6.0
43	65	1.0
43	66	1.0
43	67	4.0
43	68	1.0
43	69	2.0
43	70	2.0
43	71	6.0
43	72	2.0
43	73	1.0
43	74	4.0
43	76	3.0
43	78	4.0
43	79	1.0
43	80	1.0
43	81	2.0
43	82	3.0
43	83	2.0
43	86	1.0
43	88	3.0
43	89	3.0
43	90	1.0
43	91	3.0
43	92	2.0
43	95	1.0
43	96	2.0
43	97	1.0
43	99	2.0
43	100	1.0
43	101	1.0
43	102	4.0
43	103	4.0
43	107	2.0
43	108	1.0
43	109	4.0
43	110	3.0
43	112	1.0
43	113	1.0
43	114	1.0
43	115	1.0
43	116	1.0
43	117	4.0
43	118	6.0
43	119	1.0
43	120	1.0
43	121	1.0
43	122	2.0
44	45	11.0
44	46	9.0
44	47	10.0
44	48	6.0
44	49	5.0
44	50	3.0
44	51	3.0
44	52	4.0
44	53	1.0
44	54	3.0
44	55	5.0
44	56	4.0
44	57	2.0
44	58	2.0
44	59	1.0
44	60	3.0
44	61	2.0
44	62	4.0
44	63	4.0
44	64	4.0
44	65	3.0
44	67	1.0
44	68	1.0
44	69	3.0
44	70	4.0
44	71	3.0
44	72	5.0
44	74	2.0
44	75	2.0
44	76	6.0
44	77	1.0
44	79	2.0
44	80	1.0
44	81	2.0
44	82	2.0
44	83	2.0
44	84	2.0
44	85	3.0
44	86	2.0
44	87	5.0
44	88	2.0
44	90	2.0
44	91	2.0
44	92	1.0
44	94	2.0
44	95	2.0
44	96	2.0
44	97	1.0
44	98	3.0
44	100	1.0
44	103	3.0
44	104	1.0
44	105	2.0
44	106	3.0
44	107	2.0
44	108	3.0
44	109	2.0
44	110	4.0
44	111	1.0
44	112	1.0
44	113	1.0
44	114	3.0
44	115	2.0
44	116	2.0
44	117	1.0
44	118	1.0
44	120	1.0
44	121	1.0
44	122	1.0
45	46	15.0
45	47	4.0
45	48	10.0
45	49	4.0
45	50	2.0
45	51	1.0
45	52	2.0
45	53	7.0
45	54	2.0
45	55	7.0
45	56	3.0
45	57	5.0
45	58	2.0
45	59	1.0
45	60	3.0
45	61	7.0
45	62	6.0
45	63	3.0
45	64	4.0
45	65	3.0
45	67	1.0
45	68	2.0
45	69	5.0
45	70	6.0
45	71	1.0
45	72	3.0
45	73	2.0
45	74	6.0
45	75	2.0
45	76	3.0
45	77	1.0
45	78	3.0
45	79	1.0
45	80	2.0
45	81	3.0
45	82	2.0
45	83	1.0
45	85	1.0
45	86	2.0
45	87	2.0
45	88	1.0
45	89	3.0
45	91	1.0
45	92	1.0
45	93	1.0
45	94	1.0
45	95	2.0
45	96	1.0
45	97	1.0
45	98	2.0
45	100	1.0
45	101	1.0
45	102	1.0
45	103	4.0
45	106	3.0
45	107	1.0
45	108	1.0
45	109	2.0
45	110	6.0
45	111	2.0
45	113	4.0
45	114	1.0
45	116	3.0
45	117	3.0
45	118	3.0
45	119	3.0
45	120	3.0
45	121	3.0
45	122	1.0
46	47	13.0
46	48	11.0
46	49	5.0
46	50	1.0
46	51	5.0
46	52	10.0
46	53	3.0
46	54	5.0
46	55	7.0
46	56	7.0
46	57	4.0
46	58	5.0
46	59	3.0
46	60	8.0
46	61	3.0
46	62	4.0
46	63	4.0
46	64	3.0
46	65	2.0
46	66	4.0
46	67	4.0
46	68	4.0
46	69	2.0
46	70	4.0
46	71	4.0
46	72	2.0
46	73	1.0
46	74	1.0
46	75	2.0
46	76	3.0
46	77	2.0
46	78	3.0
46	79	4.0
46	80	2.0
46	81	4.0
46	82	3.0
46	83	3.0
46	84	2.0
46	85	2.0
46	86	5.0
46	87	3.0
46	88	1.0
46	89	5.0
46	90	3.0
46	91	2.0
46	93	1.0
46	94	3.0
46	95	2.0
46	96	2.0
46	97	5.0
46	98	1.0
46	99	2.0
46	100	2.0
46	101	1.0
46	102	2.0
46	103	3.0
46	104	1.0
46	106	3.0
46	107	1.0
46	108	2.0
46	109	2.0
46	112	1.0
46	114	2.0
46	115	3.0
46	116	4.0
46	117	2.0
46	118	4.0
46	119	3.0
46	121	1.0
47	48	17.0
47	49	7.0
47	50	2.0
47	51	11.0
47	52	11.0
47	53	2.0
47	54	9.0
47	55	8.0
47	56	5.0
47	57	8.0
47	58	5.0
47	59	2.0
47	60	1.0
47	61	7.0
47	62	8.0
47	63	4.0
47	64	4.0
47	65	2.0
47	66	6.0
47	67	5.0
47	68	5.0
47	69	2.0
47	70	7.0
47	71	4.0
47	72	4.0
47	73	4.0
47	74	3.0
47	75	1.0
47	76	5.0
47	78	2.0
47	79	2.0
47	80	2.0
47	81	5.0
47	82	6.0
47	83	3.0
47	84	4.0
47	85	4.0
47	86	2.0
47	87	2.0
47	88	3.0
47	89	3.0
47	90	3.0
47	91	1.0
47	92	3.0
47	93	2.0
47	94	1.0
47	96	2.0
47	97	2.0
47	98	1.0
47	99	2.0
47	100	2.0
47	101	3.0
47	102	3.0
47	104	2.0
47	105	2.0
47	106	1.0
47	107	1.0
47	108	2.0
47	109	2.0
47	110	2.0
47	111	3.0
47	112	1.0
47	114	1.0
47	115	4.0
47	116	1.0
47	117	1.0
47	119	1.0
47	120	1.0
47	121	4.0
48	49	8.0
48	50	10.0
48	51	20.0
48	52	8.0
48	53	2.0
48	54	9.0
48	55	3.0
48	56	8.0
48	57	6.0
48	58	4.0
48	59	5.0
48	60	5.0
48	61	3.0
48	62	3.0
48	63	8.0
48	64	6.0
48	65	3.0
48	66	3.0
48	67	2.0
48	68	4.0
48	69	7.0
48	70	4.0
48	71	4.0
48	72	2.0
48	73	4.0
48	74	6.0
48	76	4.0
48	77	3.0
48	78	3.0
48	80	2.0
48	81	5.0
48	82	2.0
48	84	3.0
48	85	2.0
48	86	2.0
48	87	6.0
48	88	2.0
48	89	2.0
48	90	1.0
48	91	1.0
48	92	1.0
48	93	4.0
48	94	4.0
48	95	1.0
48	96	2.0
48	97	1.0
48	98	1.0
48	99	2.0
48	100	3.0
48	101	2.0
48	102	3.0
48	104	2.0
48	105	2.0
48	106	2.0
48	107	3.0
48	108	4.0
48	109	2.0
48	110	1.0
48	111	2.0
48	112	3.0
48	113	2.0
48	114	3.0
48	116	2.0
48	118	2.0
48	119	2.0
48	120	3.0
48	121	4.0
49	50	22.0
49	51	39.0
49	52	13.0
49	53	14.0
49	54	9.0
49	55	8.0
49	56	7.0
49	57	10.0
49	58	7.0
49	59	8.0
49	60	5.0
49	61	2.0
49	62	2.0
49	63	6.0
49	64	5.0
49	65	1.0
49	67	3.0
49	68	4.0
49	69	3.0
49	70	3.0
49	71	1.0
49	72	5.0
49	73	3.0
49	74	2.0
49	75	3.0
49	76	2.0
49	77	4.0
49	78	4.0
49	79	1.0
49	80	2.0
49	81	3.0
49	82	2.0
49	83	1.0
49	84	1.0
49	85	3.0
49	86	7.0
49	87	3.0
49	88	5.0
49	89	1.0
49	90	2.0
49	91	1.0
49	92	4.0
49	93	3.0
49	94	5.0
49	95	2.0
49	96	3.0
49	97	2.0
49	98	3.0
49	101	1.0
49	102	1.0
49	103	1.0
49	104	3.0
49	106	2.0
49	107	2.0
49	108	3.0
49	109	2.0
49	111	4.0
49	112	3.0
49	113	6.0
49	114	4.0
49	115	3.0
49	116	4.0
49	117	6.0
49	118	5.0
49	119	4.0
49	120	2.0
49	121	2.0
49	122	2.0
50	51	11.0
50	52	4.0
50	53	6.0
50	54	11.0
50	55	4.0
50	56	8.0
50	57	6.0
50	58	5.0
50	59	6.0
50	60	8.0
50	61	3.0
50	62	5.0
50	63	4.0
50	64	7.0
50	65	1.0
50	67	5.0
50	68	3.0
50	69	4.0
50	70	6.0
50	71	3.0
50	72	6.0
50	73	1.0
50	74	1.0
50	75	5.0
50	76	2.0
50	77	2.0
50	78	4.0
50	79	4.0
50	80	2.0
50	81	4.0
50	83	5.0
50	84	3.0
50	85	3.0
50	86	5.0
50	87	4.0
50	88	3.0
50	89	3.0
50	90	4.0
50	91	3.0
50	92	5.0
50	93	2.0
50	94	2.0
50	95	6.0
50	96	1.0
50	97	6.0
50	98	2.0
50	99	2.0
50	100	2.0
50	101	2.0
50	102	1.0
50	103	3.0
50	104	5.0
50	105	1.0
50	106	1.0
50	108	2.0
50	109	1.0
50	110	1.0
50	111	3.0
50	112	3.0
50	113	5.0
50	115	4.0
50	116	3.0
50	117	2.0
50	118	2.0
50	119	3.0
50	120	2.0
50	121	6.0
50	122	3.0
51	52	18.0
51	53	10.0
51	54	8.0
51	55	8.0
51	56	12.0
51	57	6.0
51	58	7.0
51	59	8.0
51	60	6.0
51	61	2.0
51	62	6.0
51	63	5.0
51	64	4.0
51	65	2.0
51	66	3.0
51	67	4.0
51	68	4.0
51	69	2.0
51	70	3.0
51	71	4.0
51	72	5.0
51	73	5.0
51	74	3.0
51	75	2.0
51	76	3.0
51	77	4.0
51	78	3.0
51	79	1.0
51	80	5.0
51	81	5.0
51	82	3.0
51	83	2.0
51	84	5.0
51	85	3.0
51	86	2.0
51	87	1.0
51	88	4.0
51	89	3.0
51	90	2.0
51	91	3.0
51	92	3.0
51	93	4.0
51	94	3.0
51	95	2.0
51	96	6.0
51	97	2.0
51	99	1.0
51	100	2.0
51	101	2.0
51	102	2.0
51	103	4.0
51	105	8.0
51	106	4.0
51	107	4.0
51	108	1.0
51	110	1.0
51	111	2.0
51	112	1.0
51	113	6.0
51	114	3.0
51	115	2.0
51	116	2.0
51	117	5.0
51	118	2.0
51	119	1.0
51	120	3.0
51	121	3.0
51	122	1.0
52	53	27.0
52	54	17.0
52	55	9.0
52	56	9.0
52	57	19.0
52	58	11.0
52	59	8.0
52	60	5.0
52	61	5.0
52	62	7.0
52	63	9.0
52	64	2.0
52	65	3.0
52	66	2.0
52	67	8.0
52	68	8.0
52	69	6.0
52	70	2.0
52	71	3.0
52	72	11.0
52	73	5.0
52	74	3.0
52	75	4.0
52	76	5.0
52	77	5.0
52	78	5.0
52	79	2.0
52	80	3.0
52	81	3.0
52	82	3.0
52	83	4.0
52	84	1.0
52	85	5.0
52	86	5.0
52	87	2.0
52	88	2.0
52	89	4.0
52	90	1.0
52	91	1.0
52	92	5.0
52	93	4.0
52	95	3.0
52	96	2.0
52	97	1.0
52	98	4.0
52	99	2.0
52	101	1.0
52	102	3.0
52	103	1.0
52	104	2.0
52	105	8.0
52	106	1.0
52	107	3.0
52	108	5.0
52	109	2.0
52	110	2.0
52	111	1.0
52	112	4.0
52	113	2.0
52	114	2.0
52	115	3.0
52	116	3.0
52	117	5.0
52	118	2.0
52	119	4.0
52	121	4.0
52	122	2.0
53	54	18.0
53	55	9.0
53	56	10.0
53	57	8.0
53	58	12.0
53	59	9.0
53	60	11.0
53	61	8.0
53	62	5.0
53	63	6.0
53	64	1.0
53	65	2.0
53	66	3.0
53	67	4.0
53	68	9.0
53	69	8.0
53	70	3.0
53	71	3.0
53	72	5.0
53	73	3.0
53	74	2.0
53	75	4.0
53	76	6.0
53	77	5.0
53	78	1.0
53	79	6.0
53	80	3.0
53	81	1.0
53	82	1.0
53	83	9.0
53	84	5.0
53	85	2.0
53	86	3.0
53	87	5.0
53	88	5.0
53	89	5.0
53	90	2.0
53	91	2.0
53	93	2.0
53	94	5.0
53	95	1.0
53	96	2.0
53	97	2.0
53	98	3.0
53	99	3.0
53	100	1.0
53	101	3.0
53	102	1.0
53	103	1.0
53	104	2.0
53	105	2.0
53	106	2.0
53	107	4.0
53	108	1.0
53	109	1.0
53	110	6.0
53	112	3.0
53	114	5.0
53	115	4.0
53	118	3.0
53	119	2.0
53	120	3.0
53	121	3.0
53	122	2.0
54	55	17.0
54	56	17.0
54	57	22.0
54	58	11.0
54	59	4.0
54	60	8.0
54	61	18.0
54	62	5.0
54	63	5.0
54	64	9.0
54	65	4.0
54	66	7.0
54	67	2.0
54	68	7.0
54	69	9.0
54	70	4.0
54	71	7.0
54	72	3.0
54	73	5.0
54	74	9.0
54	75	8.0
54	76	4.0
54	77	10.0
54	78	7.0
54	79	4.0
54	80	7.0
54	81	4.0
54	82	3.0
54	83	3.0
54	84	2.0
54	85	3.0
54	86	2.0
54	87	1.0
54	88	2.0
54	89	2.0
54	91	4.0
54	92	3.0
54	93	4.0
54	94	2.0
54	95	1.0
54	96	2.0
54	97	2.0
54	98	4.0
54	99	3.0
54	100	4.0
54	103	4.0
54	105	1.0
54	106	3.0
54	107	2.0
54	108	3.0
54	110	5.0
54	111	3.0
54	112	4.0
54	113	3.0
54	114	3.0
54	116	1.0
54	117	2.0
54	118	1.0
54	119	3.0
54	120	4.0
54	121	3.0
54	122	2.0
55	56	66.0
55	57	16.0
55	58	11.0
55	59	7.0
55	60	5.0
55	61	4.0
55	62	8.0
55	63	9.0
55	64	5.0
55	65	9.0
55	66	8.0
55	67	4.0
55	68	5.0
55	69	8.0
55	70	3.0
55	71	4.0
55	72	2.0
55	73	2.0
55	74	1.0
55	75	6.0
55	76	2.0
55	77	4.0
55	78	3.0
55	80	1.0
55	81	3.0
55	82	4.0
55	84	8.0
55	85	6.0
55	86	5.0
55	88	3.0
55	91	2.0
55	92	3.0
55	93	7.0
55	94	3.0
55	95	5.0
55	96	4.0
55	97	3.0
55	98	1.0
55	100	4.0
55	101	2.0
55	102	2.0
55	103	5.0
55	104	4.0
55	106	2.0
55	107	1.0
55	108	2.0
55	109	3.0
55	110	1.0
55	111	3.0
55	112	4.0
55	113	2.0
55	114	1.0
55	115	2.0
55	116	5.0
55	117	2.0
55	118	3.0
55	119	4.0
55	120	1.0
55	122	5.0
56	57	11.0
56	58	6.0
56	59	2.0
56	60	8.0
56	61	5.0
56	62	17.0
56	63	11.0
56	64	8.0
56	65	12.0
56	66	4.0
56	67	11.0
56	68	5.0
56	69	4.0
56	71	6.0
56	72	9.0
56	73	7.0
56	74	5.0
56	76	4.0
56	77	7.0
56	78	5.0
56	79	1.0
56	80	5.0
56	81	4.0
56	82	3.0
56	83	2.0
56	84	2.0
56	85	3.0
56	86	1.0
56	87	3.0
56	88	1.0
56	89	2.0
56	90	2.0
56	91	2.0
56	92	3.0
56	93	2.0
56	94	3.0
56	95	2.0
56	96	3.0
56	97	1.0
56	98	2.0
56	100	4.0
56	101	1.0
56	104	4.0
56	105	3.0
56	106	1.0
56	107	1.0
56	108	2.0
56	109	3.0
56	110	1.0
56	111	3.0
56	112	3.0
56	113	3.0
56	114	2.0
56	115	3.0
56	116	4.0
56	117	1.0
56	118	4.0
56	119	2.0
56	120	4.0
56	121	2.0
56	122	2.0
57	58	28.0
57	59	14.0
57	60	10.0
57	61	20.0
57	62	14.0
57	63	7.0
57	64	7.0
57	65	6.0
57	66	7.0
57	67	8.0
57	68	9.0
57	69	6.0
57	70	7.0
57	71	7.0
57	72	5.0
57	73	3.0
57	74	6.0
57	75	6.0
57	76	5.0
57	77	2.0
57	78	3.0
57	79	4.0
57	80	1.0
57	81	3.0
57	82	6.0
57	83	2.0
57	84	2.0
57	85	2.0
57	86	3.0
57	87	3.0
57	88	6.0
57	89	5.0
57	90	3.0
57	91	2.0
57	92	2.0
57	93	3.0
57	95	7.0
57	97	1.0
57	98	2.0
57	99	3.0
57	101	3.0
57	102	1.0
57	103	2.0
57	104	2.0
57	105	2.0
57	106	3.0
57	107	3.0
57	108	5.0
57	111	1.0
57	113	2.0
57	114	2.0
57	115	1.0
57	116	2.0
57	117	3.0
57	118	4.0
57	119	2.0
57	120	2.0
57	121	3.0
57	122	7.0
58	59	15.0
58	60	12.0
58	61	68.0
58	62	15.0
58	63	5.0
58	64	14.0
58	65	6.0
58	66	4.0
58	67	8.0
58	68	10.0
58	69	6.0
58	70	8.0
58	71	5.0
58	72	7.0
58	73	5.0
58	74	8.0
58	75	4.0
58	76	4.0
58	77	3.0
58	78	6.0
58	79	2.0
58	80	1.0
58	81	4.0
58	82	3.0
58	83	4.0
58	84	5.0
58	85	2.0
58	86	3.0
58	87	4.0
58	88	2.0
58	89	8.0
58	90	4.0
58	91	1.0
58	92	5.0
58	93	3.0
58	94	5.0
58	95	1.0
58	96	3.0
58	97	2.0
58	98	3.0
58	99	3.0
58	100	8.0
58	101	2.0
58	103	2.0
58	104	2.0
58	105	7.0
58	106	1.0
58	107	6.0
58	108	6.0
58	109	1.0
58	110	4.0
58	111	2.0
58	112	2.0
58	113	3.0
58	118	1.0
58	119	2.0
58	120	3.0
58	121	4.0
58	122	6.0
59	60	56.0
59	61	14.0
59	62	5.0
59	63	9.0
59	64	8.0
59	65	6.0
59	66	5.0
59	67	9.0
59	68	8.0
59	69	12.0
59	70	11.0
59	71	10.0
59	72	13.0
59	73	6.0
59	74	5.0
59	75	2.0
59	76	14.0
59	77	7.0
59	78	6.0
59	79	4.0
59	80	3.0
59	81	5.0
59	82	6.0
59	83	5.0
59	84	4.0
59	85	8.0
59	86	5.0
59	87	3.0
59	88	6.0
59	89	2.0
59	90	5.0
59	91	2.0
59	92	1.0
59	93	2.0
59	94	4.0
59	95	4.0
59	96	4.0
59	97	2.0
59	98	4.0
59	99	4.0
59	100	3.0
59	102	1.0
59	103	1.0
59	104	4.0
59	105	4.0
59	106	2.0
59	107	4.0
59	108	4.0
59	109	5.0
59	110	4.0
59	111	1.0
59	112	2.0
59	113	2.0
59	114	2.0
59	115	2.0
59	116	2.0
59	117	5.0
59	118	7.0
59	119	5.0
59	120	5.0
59	121	2.0
59	122	4.0
60	61	12.0
60	62	5.0
60	63	5.0
60	64	6.0
60	65	5.0
60	66	3.0
60	67	13.0
60	68	13.0
60	69	10.0
60	70	12.0
60	71	12.0
60	72	10.0
60	73	5.0
60	74	8.0
60	75	10.0
60	76	9.0
60	77	4.0
60	78	4.0
60	79	2.0
60	80	3.0
60	81	4.0
60	82	4.0
60	83	8.0
60	84	9.0
60	85	8.0
60	86	1.0
60	87	2.0
60	88	8.0
60	89	6.0
60	90	8.0
60	91	4.0
60	92	5.0
60	93	3.0
60	94	5.0
60	95	1.0
60	96	1.0
60	97	3.0
60	98	1.0
60	99	1.0
60	101	4.0
60	102	3.0
60	103	2.0
60	104	2.0
60	105	2.0
60	106	2.0
60	107	8.0
60	108	3.0
60	109	3.0
60	110	1.0
60	111	2.0
60	112	5.0
60	113	6.0
60	114	4.0
60	115	5.0
60	116	7.0
60	117	4.0
60	118	3.0
60	119	2.0
60	120	3.0
60	121	5.0
60	122	3.0
61	62	21.0
61	63	16.0
61	64	16.0
61	65	13.0
61	66	6.0
61	67	20.0
61	68	16.0
61	69	6.0
61	70	12.0
61	71	8.0
61	72	8.0
61	73	9.0
61	74	5.0
61	75	10.0
61	76	11.0
61	77	6.0
61	78	2.0
61	79	5.0
61	80	12.0
61	81	1.0
61	82	5.0
61	83	5.0
61	84	7.0
61	85	5.0
61	86	3.0
61	88	7.0
61	89	1.0
61	90	8.0
61	91	5.0
61	92	3.0
61	93	5.0
61	94	2.0
61	95	6.0
61	96	2.0
61	97	3.0
61	98	1.0
61	99	2.0
61	100	4.0
61	101	2.0
61	102	2.0
61	103	3.0
61	104	1.0
61	105	4.0
61	106	7.0
61	107	3.0
61	108	3.0
61	109	4.0
61	110	1.0
61	111	4.0
61	112	1.0
61	113	2.0
61	114	1.0
61	115	4.0
61	116	3.0
61	117	4.0
61	118	3.0
61	119	2.0
61	120	5.0
61	121	2.0
61	122	9.0
62	63	24.0
62	64	26.0
62	65	16.0
62	66	16.0
62	67	18.0
62	68	14.0
62	69	14.0
62	70	8.0
62	71	7.0
62	72	6.0
62	73	3.0
62	74	5.0
62	75	6.0
62	76	8.0
62	77	11.0
62	78	4.0
62	79	4.0
62	80	8.0
62	81	6.0
62	82	5.0
62	83	3.0
62	84	5.0
62	85	4.0
62	86	6.0
62	87	2.0
62	88	1.0
62	89	4.0
62	91	5.0
62	92	1.0
62	93	2.0
62	94	3.0
62	95	4.0
62	96	5.0
62	97	1.0
62	98	3.0
62	99	3.0
62	101	3.0
62	102	1.0
62	103	3.0
62	104	3.0
62	105	2.0
62	106	1.0
62	107	3.0
62	108	1.0
62	109	7.0
62	110	5.0
62	111	2.0
62	112	4.0
62	113	3.0
62	114	1.0
62	115	6.0
62	116	2.0
62	117	4.0
62	118	3.0
62	119	2.0
62	120	3.0
62	121	4.0
62	122	7.0
63	64	44.0
63	65	60.0
63	66	14.0
63	67	16.0
63	68	14.0
63	69	10.0
63	70	9.0
63	71	8.0
63	72	7.0
63	73	6.0
63	74	3.0
63	75	3.0
63	76	5.0
63	77	8.0
63	78	4.0
63	79	8.0
63	80	10.0
63	81	3.0
63	82	7.0
63	83	3.0
63	84	4.0
63	85	5.0
63	86	6.0
63	87	6.0
63	88	5.0
63	89	2.0
63	91	7.0
63	92	2.0
63	93	4.0
63	94	6.0
63	95	4.0
63	97	4.0
63	98	4.0
63	99	2.0
63	100	5.0
63	101	6.0
63	102	1.0
63	103	2.0
63	104	1.0
63	105	3.0
63	106	6.0
63	107	3.0
63	108	4.0
63	109	1.0
63	110	2.0
63	111	2.0
63	113	4.0
63	114	4.0
63	115	7.0
63	116	8.0
63	117	3.0
63	118	2.0
63	119	2.0
63	120	2.0
63	121	1.0
63	122	3.0
64	65	25.0
64	66	13.0
64	67	14.0
64	68	18.0
64	69	5.0
64	70	6.0
64	71	4.0
64	72	3.0
64	73	6.0
64	74	7.0
64	75	4.0
64	76	3.0
64	77	6.0
64	78	2.0
64	79	9.0
64	80	3.0
64	81	4.0
64	82	7.0
64	83	3.0
64	84	7.0
64	85	4.0
64	86	4.0
64	87	1.0
64	88	5.0
64	89	4.0
64	90	5.0
64	92	6.0
64	93	6.0
64	94	5.0
64	95	5.0
64	96	1.0
64	97	2.0
64	98	1.0
64	99	2.0
64	100	2.0
64	101	1.0
64	102	3.0
64	103	3.0
64	105	3.0
64	106	3.0
64	108	6.0
64	109	3.0
64	110	4.0
64	111	2.0
64	112	2.0
64	114	3.0
64	115	6.0
64	116	2.0
64	117	3.0
64	119	2.0
64	120	4.0
64	121	6.0
64	122	2.0
65	66	25.0
65	67	12.0
65	68	11.0
65	69	9.0
65	70	10.0
65	71	9.0
65	72	3.0
65	73	8.0
65	74	6.0
65	75	3.0
65	76	4.0
65	77	1.0
65	78	4.0
65	79	3.0
65	80	3.0
65	81	1.0
65	82	6.0
65	83	6.0
65	84	7.0
65	85	4.0
65	87	4.0
65	88	4.0
65	89	5.0
65	90	2.0
65	91	1.0
65	92	3.0
65	93	5.0
65	94	6.0
65	95	1.0
65	96	3.0
65	97	3.0
65	98	1.0
65	99	4.0
65	100	1.0
65	101	2.0
65	102	2.0
65	104	5.0
65	105	4.0
65	106	5.0
65	107	1.0
65	108	1.0
65	109	3.0
65	110	4.0
65	111	1.0
65	112	2.0
65	113	2.0
65	114	2.0
65	115	1.0
65	116	2.0
65	117	5.0
65	118	1.0
65	119	2.0
65	120	4.0
65	121	3.0
65	122	4.0
66	67	13.0
66	68	9.0
66	69	10.0
66	70	12.0
66	71	6.0
66	72	11.0
66	73	4.0
66	74	4.0
66	75	8.0
66	76	6.0
66	77	8.0
66	78	4.0
66	79	6.0
66	80	6.0
66	81	2.0
66	82	4.0
66	83	12.0
66	84	9.0
66	85	3.0
66	86	4.0
66	87	2.0
66	88	3.0
66	89	6.0
66	90	6.0
66	91	6.0
66	92	4.0
66	93	1.0
66	94	3.0
66	95	4.0
66	97	1.0
66	98	5.0
66	99	2.0
66	100	2.0
66	101	2.0
66	102	4.0
66	103	2.0
66	104	1.0
66	105	2.0
66	106	2.0
66	107	6.0
66	109	4.0
66	110	3.0
66	111	2.0
66	112	2.0
66	113	2.0
66	114	3.0
66	115	1.0
66	116	2.0
66	117	4.0
66	118	3.0
66	119	1.0
66	120	3.0
66	121	1.0
66	122	6.0
67	68	45.0
67	69	14.0
67	70	13.0
67	71	13.0
67	72	4.0
67	73	5.0
67	74	6.0
67	75	10.0
67	76	11.0
67	77	9.0
67	78	10.0
67	79	6.0
67	80	11.0
67	81	7.0
67	82	6.0
67	83	8.0
67	84	6.0
67	85	9.0
67	86	6.0
67	87	2.0
67	88	5.0
67	89	4.0
67	90	8.0
67	91	8.0
67	92	10.0
67	93	4.0
67	94	3.0
67	95	3.0
67	96	7.0
67	97	4.0
67	98	5.0
67	99	3.0
67	100	3.0
67	101	5.0
67	102	1.0
67	103	4.0
67	104	2.0
67	105	1.0
67	106	2.0
67	107	3.0
67	108	7.0
67	109	2.0
67	110	2.0
67	111	2.0
67	112	4.0
67	113	3.0
67	114	2.0
67	115	3.0
67	116	4.0
67	117	3.0
67	118	3.0
67	119	2.0
67	120	3.0
67	121	4.0
67	122	5.0
68	69	22.0
68	70	22.0
68	71	2.0
68	72	5.0
68	73	10.0
68	74	9.0
68	75	10.0
68	76	5.0
68	77	10.0
68	78	5.0
68	79	9.0
68	80	8.0
68	81	8.0
68	82	4.0
68	83	9.0
68	84	7.0
68	85	7.0
68	86	5.0
68	87	5.0
68	88	7.0
68	89	5.0
68	90	9.0
68	91	7.0
68	92	5.0
68	93	7.0
68	94	5.0
68	95	3.0
68	96	5.0
68	97	2.0
68	98	2.0
68	99	3.0
68	100	3.0
68	101	5.0
68	102	1.0
68	103	2.0
68	104	3.0
68	105	3.0
68	106	1.0
68	107	2.0
68	108	5.0
68	109	3.0
68	110	2.0
68	111	5.0
68	112	2.0
68	113	1.0
68	114	1.0
68	115	2.0
68	116	2.0
68	117	5.0
68	118	6.0
68	119	6.0
68	120	2.0
68	121	5.0
68	122	2.0
69	70	16.0
69	71	4.0
69	72	5.0
69	73	9.0
69	74	6.0
69	75	9.0
69	76	15.0
69	77	6.0
69	78	10.0
69	79	8.0
69	80	6.0
69	81	12.0
69	82	12.0
69	83	9.0
69	84	6.0
69	85	7.0
69	86	11.0
69	87	4.0
69	88	2.0
69	89	5.0
69	90	3.0
69	91	6.0
69	92	5.0
69	93	6.0
69	94	4.0
69	95	2.0
69	96	4.0
69	97	2.0
69	98	1.0
69	99	3.0
69	100	7.0
69	101	5.0
69	102	7.0
69	103	3.0
69	104	4.0
69	105	6.0
69	106	3.0
69	107	2.0
69	108	2.0
69	109	2.0
69	110	3.0
69	111	3.0
69	112	4.0
69	114	6.0
69	115	3.0
69	116	4.0
69	117	1.0
69	118	5.0
69	119	6.0
69	120	2.0
69	121	2.0
69	122	2.0
70	71	12.0
70	72	14.0
70	73	29.0
70	74	21.0
70	75	13.0
70	76	32.0
70	77	9.0
70	78	10.0
70	79	5.0
70	80	13.0
70	81	12.0
70	82	14.0
70	83	9.0
70	84	13.0
70	85	9.0
70	86	7.0
70	87	9.0
70	88	11.0
70	89	9.0
70	90	7.0
70	91	5.0
70	92	3.0
70	93	2.0
70	94	6.0
70	95	5.0
70	96	2.0
70	97	3.0
70	98	3.0
70	99	5.0
70	100	6.0
70	101	7.0
70	102	6.0
70	103	3.0
70	104	3.0
70	105	3.0
70	106	3.0
70	107	5.0
70	108	6.0
70	109	1.0
70	110	3.0
70	111	3.0
70	112	2.0
70	113	6.0
70	114	4.0
70	115	2.0
70	116	4.0
70	117	8.0
70	118	5.0
70	119	5.0
70	120	4.0
70	121	6.0
70	122	3.0
71	72	70.0
71	73	17.0
71	74	18.0
71	75	8.0
71	76	16.0
71	77	24.0
71	78	6.0
71	79	6.0
71	80	1.0
71	81	11.0
71	82	6.0
71	83	9.0
71	84	7.0
71	85	9.0
71	86	6.0
71	87	3.0
71	88	2.0
71	89	7.0
71	90	4.0
71	91	6.0
71	92	4.0
71	93	4.0
71	94	4.0
71	95	4.0
71	96	1.0
71	97	4.0
71	98	8.0
71	99	7.0
71	100	4.0
71	101	4.0
71	102	4.0
71	103	2.0
71	104	5.0
71	105	6.0
71	106	3.0
71	107	1.0
71	108	3.0
71	109	3.0
71	110	3.0
71	112	6.0
71	113	3.0
71	114	3.0
71	115	5.0
71	116	6.0
71	117	8.0
71	118	7.0
71	119	6.0
71	120	5.0
71	121	6.0
71	122	5.0
72	73	21.0
72	74	20.0
72	75	15.0
72	76	15.0
72	77	32.0
72	78	15.0
72	79	6.0
72	80	16.0
72	81	11.0
72	82	11.0
72	83	7.0
72	84	12.0
72	85	14.0
72	86	7.0
72	87	5.0
72	88	2.0
72	89	2.0
72	90	9.0
72	91	5.0
72	92	7.0
72	93	6.0
72	94	1.0
72	95	2.0
72	96	3.0
72	97	2.0
72	98	6.0
72	99	8.0
72	100	2.0
72	101	6.0
72	102	4.0
72	103	3.0
72	104	7.0
72	105	3.0
72	106	5.0
72	107	3.0
72	108	2.0
72	109	6.0
72	110	4.0
72	111	9.0
72	112	4.0
72	113	6.0
72	114	9.0
72	115	6.0
72	116	7.0
72	117	5.0
72	118	8.0
72	119	7.0
72	120	3.0
72	121	6.0
72	122	1.0
73	74	28.0
73	75	25.0
73	76	42.0
73	77	32.0
73	78	24.0
73	79	11.0
73	80	18.0
73	81	25.0
73	82	15.0
73	83	9.0
73	84	16.0
73	85	12.0
73	86	15.0
73	87	9.0
73	88	3.0
73	89	9.0
73	90	8.0
73	91	8.0
73	92	6.0
73	93	5.0
73	94	4.0
73	95	6.0
73	96	6.0
73	97	2.0
73	98	6.0
73	99	2.0
73	100	2.0
73	101	1.0
73	102	1.0
73	103	3.0
73	104	3.0
73	105	1.0
73	106	3.0
73	107	10.0
73	108	8.0
73	109	6.0
73	110	10.0
73	111	8.0
73	112	3.0
73	113	2.0
73	114	4.0
73	115	3.0
73	116	6.0
73	117	3.0
73	118	8.0
73	119	6.0
73	120	8.0
73	121	2.0
73	122	1.0
74	75	22.0
74	76	25.0
74	77	44.0
74	78	12.0
74	79	16.0
74	80	10.0
74	81	38.0
74	82	10.0
74	83	12.0
74	84	17.0
74	85	9.0
74	86	4.0
74	87	3.0
74	88	5.0
74	89	5.0
74	90	12.0
74	91	6.0
74	92	4.0
74	93	9.0
74	94	6.0
74	95	2.0
74	96	3.0
74	98	3.0
74	99	6.0
74	100	8.0
74	101	5.0
74	102	3.0
74	103	5.0
74	104	4.0
74	105	7.0
74	106	4.0
74	107	9.0
74	108	6.0
74	109	8.0
74	110	12.0
74	111	5.0
74	112	9.0
74	113	1.0
74	114	5.0
74	115	5.0
74	116	4.0
74	117	10.0
74	118	5.0
74	119	3.0
74	120	3.0
74	121	5.0
74	122	6.0
75	76	49.0
75	77	7.0
75	78	39.0
75	79	15.0
75	80	17.0
75	81	26.0
75	82	17.0
75	83	12.0
75	84	12.0
75	85	6.0
75	86	6.0
75	87	5.0
75	88	5.0
75	89	7.0
75	90	2.0
75	91	12.0
75	92	3.0
75	93	4.0
75	94	10.0
75	95	6.0
75	96	6.0
75	97	3.0
75	98	3.0
75	99	4.0
75	100	2.0
75	102	5.0
75	103	3.0
75	104	5.0
75	105	6.0
75	106	7.0
75	107	5.0
75	108	5.0
75	109	6.0
75	110	2.0
75	111	3.0
75	112	1.0
75	113	6.0
75	114	3.0
75	115	7.0
75	116	10.0
75	117	10.0
75	118	5.0
75	119	5.0
75	120	5.0
75	121	5.0
75	122	6.0
76	77	17.0
76	78	55.0
76	79	15.0
76	80	16.0
76	81	23.0
76	82	13.0
76	83	12.0
76	84	28.0
76	85	14.0
76	86	4.0
76	87	8.0
76	88	8.0
76	89	8.0
76	90	9.0
76	91	9.0
76	92	6.0
76	93	9.0
76	94	5.0
76	95	9.0
76	96	6.0
76	97	7.0
76	98	5.0
76	99	5.0
76	100	6.0
76	101	6.0
76	102	5.0
76	103	5.0
76	104	4.0
76	105	4.0
76	106	3.0
76	107	5.0
76	108	8.0
76	109	6.0
76	110	4.0
76	111	5.0
76	112	6.0
76	113	4.0
76	114	5.0
76	115	3.0
76	116	8.0
76	117	6.0
76	118	3.0
76	119	5.0
76	120	2.0
76	121	3.0
76	122	3.0
77	78	19.0
77	79	6.0
77	80	13.0
77	81	34.0
77	82	26.0
77	83	11.0
77	84	13.0
77	85	14.0
77	86	8.0
77	87	2.0
77	88	5.0
77	89	5.0
77	90	11.0
77	91	7.0
77	92	5.0
77	93	4.0
77	94	5.0
77	95	1.0
77	96	4.0
77	97	3.0
77	98	2.0
77	99	2.0
77	100	5.0
77	101	4.0
77	102	4.0
77	103	1.0
77	104	5.0
77	105	1.0
77	106	5.0
77	107	5.0
77	108	5.0
77	109	4.0
77	110	8.0
77	111	3.0
77	112	3.0
77	113	7.0
77	114	3.0
77	115	6.0
77	116	5.0
77	117	7.0
77	118	9.0
77	119	2.0
77	120	4.0
77	121	4.0
77	122	7.0
78	79	14.0
78	80	37.0
78	81	34.0
78	82	31.0
78	83	20.0
78	84	36.0
78	85	26.0
78	86	10.0
78	87	5.0
78	88	10.0
78	89	11.0
78	90	12.0
78	91	14.0
78	92	4.0
78	93	3.0
78	94	6.0
78	95	15.0
78	96	14.0
78	97	11.0
78	98	4.0
78	99	6.0
78	100	7.0
78	101	7.0
78	102	8.0
78	103	2.0
78	104	3.0
78	105	6.0
78	106	3.0
78	107	5.0
78	108	6.0
78	109	6.0
78	110	3.0
78	111	4.0
78	112	2.0
78	113	4.0
78	115	8.0
78	116	5.0
78	117	6.0
78	118	7.0
78	119	3.0
78	120	12.0
78	121	8.0
78	122	7.0
79	80	46.0
79	81	8.0
79	82	17.0
79	83	18.0
79	84	23.0
79	85	19.0
79	86	9.0
79	87	10.0
79	88	6.0
79	89	10.0
79	90	11.0
79	91	11.0
79	92	12.0
79	93	5.0
79	94	6.0
79	95	10.0
79	96	5.0
79	97	6.0
79	98	8.0
79	99	6.0
79	100	8.0
79	101	8.0
79	102	3.0
79	103	1.0
79	104	1.0
79	105	3.0
79	106	4.0
79	107	3.0
79	108	4.0
79	109	3.0
79	110	1.0
79	111	4.0
79	113	7.0
79	114	1.0
79	115	4.0
79	116	5.0
79	117	6.0
79	118	5.0
79	119	7.0
79	120	5.0
79	121	4.0
79	122	3.0
80	81	12.0
80	82	29.0
80	83	20.0
80	84	24.0
80	85	37.0
80	86	13.0
80	87	6.0
80	88	5.0
80	89	9.0
80	90	16.0
80	91	12.0
80	92	4.0
80	93	13.0
80	94	6.0
80	95	6.0
80	96	6.0
80	97	5.0
80	98	7.0
80	99	7.0
80	100	5.0
80	101	6.0
80	102	3.0
80	103	3.0
80	104	7.0
80	105	2.0
80	106	4.0
80	107	7.0
80	108	6.0
80	109	2.0
80	110	5.0
80	111	6.0
80	112	2.0
80	113	7.0
80	114	7.0
80	115	7.0
80	116	4.0
80	117	4.0
80	118	3.0
80	119	4.0
80	120	6.0
80	121	4.0
80	122	5.0
81	82	25.0
81	83	21.0
81	84	28.0
81	85	20.0
81	86	15.0
81	87	6.0
81	88	4.0
81	89	9.0
81	90	21.0
81	91	11.0
81	92	9.0
81	93	6.0
81	94	10.0
81	95	10.0
81	96	6.0
81	97	4.0
81	98	7.0
81	99	6.0
81	100	10.0
81	101	8.0
81	102	6.0
81	103	3.0
81	104	7.0
81	105	5.0
81	106	6.0
81	107	8.0
81	108	8.0
81	109	9.0
81	110	10.0
81	111	4.0
81	112	7.0
81	113	6.0
81	114	4.0
81	115	6.0
81	116	6.0
81	117	12.0
81	118	2.0
81	119	4.0
81	120	6.0
81	121	7.0
81	122	9.0
82	83	38.0
82	84	73.0
82	85	47.0
82	86	18.0
82	87	5.0
82	88	7.0
82	89	15.0
82	90	18.0
82	91	11.0
82	92	9.0
82	93	10.0
82	94	10.0
82	95	8.0
82	96	12.0
82	97	6.0
82	98	4.0
82	99	9.0
82	100	9.0
82	101	6.0
82	102	6.0
82	103	3.0
82	104	4.0
82	105	8.0
82	106	14.0
82	107	9.0
82	108	10.0
82	109	5.0
82	110	3.0
82	111	3.0
82	112	6.0
82	113	7.0
82	114	6.0
82	115	4.0
82	116	7.0
82	117	5.0
82	118	7.0
82	119	6.0
82	120	3.0
82	121	2.0
82	122	5.0
83	84	38.0
83	85	61.0
83	86	34.0
83	87	9.0
83	88	5.0
83	89	24.0
83	90	21.0
83	91	14.0
83	92	11.0
83	93	11.0
83	94	10.0
83	95	15.0
83	96	10.0
83	97	6.0
83	98	6.0
83	99	7.0
83	100	7.0
83	101	3.0
83	102	4.0
83	104	3.0
83	105	3.0
83	106	3.0
83	107	6.0
83	108	6.0
83	109	5.0
83	110	6.0
83	111	5.0
83	112	4.0
83	113	3.0
83	114	9.0
83	115	4.0
83	117	4.0
83	118	6.0
83	119	7.0
83	120	6.0
83	121	6.0
83	122	3.0
84	85	38.0
84	86	23.0
84	87	6.0
84	88	9.0
84	89	10.0
84	90	14.0
84	91	11.0
84	92	13.0
84	93	12.0
84	94	6.0
84	95	6.0
84	96	5.0
84	97	4.0
84	98	10.0
84	99	11.0
84	100	9.0
84	101	8.0
84	102	7.0
84	103	3.0
84	104	6.0
84	105	9.0
84	106	4.0
84	107	10.0
84	108	9.0
84	109	6.0
84	110	8.0
84	111	3.0
84	112	6.0
84	113	4.0
84	114	8.0
84	115	7.0
84	116	5.0
84	117	5.0
84	118	5.0
84	119	4.0
84	120	3.0
84	121	3.0
84	122	4.0
85	86	20.0
85	87	10.0
85	88	11.0
85	89	18.0
85	90	18.0
85	91	15.0
85	92	6.0
85	93	9.0
85	94	10.0
85	95	11.0
85	96	10.0
85	97	4.0
85	98	7.0
85	99	5.0
85	100	6.0
85	101	5.0
85	102	7.0
85	103	4.0
85	104	9.0
85	105	5.0
85	106	7.0
85	107	6.0
85	108	7.0
85	109	6.0
85	110	2.0
85	111	7.0
85	112	2.0
85	113	4.0
85	114	3.0
85	115	7.0
85	116	5.0
85	117	6.0
85	118	8.0
85	119	2.0
85	120	4.0
85	121	2.0
85	122	3.0
86	87	12.0
86	88	22.0
86	89	33.0
86	90	17.0
86	91	11.0
86	92	7.0
86	93	19.0
86	94	5.0
86	95	8.0
86	96	11.0
86	97	8.0
86	98	7.0
86	99	5.0
86	100	9.0
86	101	7.0
86	102	4.0
86	103	2.0
86	104	8.0
86	105	5.0
86	106	5.0
86	107	8.0
86	108	3.0
86	109	6.0
86	110	5.0
86	111	2.0
86	112	7.0
86	113	2.0
86	114	8.0
86	115	8.0
86	116	1.0
86	117	2.0
86	118	4.0
86	119	2.0
86	120	3.0
86	121	5.0
86	122	2.0
87	88	107.0
87	89	13.0
87	90	8.0
87	91	6.0
87	92	7.0
87	93	15.0
87	94	4.0
87	95	6.0
87	96	9.0
87	97	9.0
87	98	6.0
87	99	11.0
87	100	3.0
87	101	11.0
87	102	3.0
87	104	6.0
87	105	5.0
87	106	4.0
87	107	1.0
87	108	7.0
87	110	3.0
87	111	4.0
87	112	4.0
87	113	1.0
87	114	4.0
87	115	4.0
87	116	5.0
87	118	3.0
87	119	3.0
87	120	2.0
87	121	6.0
87	122	4.0
88	89	14.0
88	90	5.0
88	91	11.0
88	92	8.0
88	93	7.0
88	94	9.0
88	95	7.0
88	96	9.0
88	97	5.0
88	98	8.0
88	99	5.0
88	100	4.0
88	101	6.0
88	102	4.0
88	103	3.0
88	104	4.0
88	105	5.0
88	106	3.0
88	107	2.0
88	108	4.0
88	109	2.0
88	110	3.0
88	111	2.0
88	112	3.0
88	113	3.0
88	115	2.0
88	116	3.0
88	117	5.0
88	118	5.0
88	120	3.0
88	121	2.0
88	122	4.0
89	90	14.0
89	91	15.0
89	92	9.0
89	93	17.0
89	94	9.0
89	95	12.0
89	96	7.0
89	97	4.0
89	98	11.0
89	99	6.0
89	100	7.0
89	101	1.0
89	102	5.0
89	103	4.0
89	104	4.0
89	105	4.0
89	106	6.0
89	107	8.0
89	108	5.0
89	109	11.0
89	110	2.0
89	111	2.0
89	112	6.0
89	113	2.0
89	114	3.0
89	115	4.0
89	116	6.0
89	117	11.0
89	118	3.0
89	119	6.0
89	120	1.0
89	121	5.0
89	122	4.0
90	91	38.0
90	92	10.0
90	93	17.0
90	94	22.0
90	95	25.0
90	96	17.0
90	97	7.0
90	98	12.0
90	99	11.0
90	100	7.0
90	101	6.0
90	102	3.0
90	103	1.0
90	104	9.0
90	105	7.0
90	106	5.0
90	107	7.0
90	108	12.0
90	109	5.0
90	110	4.0
90	111	6.0
90	112	3.0
90	113	4.0
90	114	7.0
90	115	9.0
90	116	7.0
90	117	7.0
90	118	10.0
90	119	7.0
90	120	4.0
90	121	7.0
90	122	5.0
91	92	7.0
91	93	27.0
91	94	23.0
91	95	14.0
91	96	6.0
91	97	8.0
91	98	11.0
91	99	17.0
91	100	16.0
91	101	7.0
91	102	9.0
91	103	5.0
91	104	3.0
91	105	5.0
91	106	12.0
91	107	8.0
91	108	12.0
91	109	4.0
91	110	10.0
91	111	6.0
91	112	6.0
91	113	1.0
91	114	9.0
91	115	5.0
91	116	4.0
91	117	12.0
91	118	7.0
91	119	5.0
91	120	7.0
91	121	7.0
91	122	6.0
92	93	37.0
92	94	19.0
92	95	27.0
92	96	36.0
92	97	21.0
92	98	22.0
92	99	21.0
92	100	8.0
92	101	3.0
92	102	6.0
92	103	6.0
92	104	7.0
92	105	6.0
92	106	2.0
92	107	1.0
92	108	5.0
92	109	7.0
92	110	5.0
92	111	1.0
92	112	8.0
92	113	4.0
92	114	2.0
92	115	6.0
92	116	9.0
92	117	5.0
92	118	5.0
92	119	6.0
92	120	5.0
92	121	7.0
92	122	3.0
93	94	26.0
93	95	24.0
93	96	18.0
93	97	14.0
93	98	10.0
93	99	13.0
93	100	5.0
93	101	8.0
93	102	2.0
93	103	3.0
93	104	11.0
93	105	5.0
93	106	2.0
93	107	2.0
93	108	10.0
93	109	5.0
93	110	4.0
93	111	3.0
93	112	3.0
93	113	6.0
93	114	7.0
93	115	7.0
93	116	4.0
93	117	7.0
93	118	5.0
93	119	5.0
93	120	1.0
93	121	6.0
93	122	5.0
94	95	48.0
94	96	25.0
94	97	12.0
94	98	11.0
94	99	12.0
94	100	14.0
94	101	11.0
94	102	6.0
94	103	4.0
94	104	5.0
94	105	8.0
94	106	10.0
94	107	4.0
94	108	6.0
94	109	12.0
94	110	8.0
94	111	2.0
94	112	7.0
94	113	3.0
94	114	5.0
94	115	14.0
94	116	6.0
94	117	6.0
94	118	6.0
94	119	5.0
94	120	7.0
94	121	6.0
94	122	3.0
95	96	22.0
95	97	14.0
95	98	16.0
95	99	17.0
95	100	15.0
95	101	9.0
95	102	7.0
95	103	3.0
95	104	6.0
95	105	11.0
95	106	8.0
95	107	7.0
95	108	6.0
95	109	13.0
95	110	7.0
95	111	6.0
95	112	2.0
95	113	5.0
95	114	8.0
95	115	7.0
95	116	7.0
95	117	6.0
95	118	6.0
95	119	4.0
95	120	4.0
95	121	5.0
95	122	5.0
96	97	17.0
96	98	18.0
96	99	8.0
96	100	10.0
96	101	11.0
96	102	6.0
96	103	4.0
96	104	4.0
96	105	11.0
96	106	9.0
96	107	6.0
96	108	10.0
96	109	7.0
96	110	4.0
96	111	6.0
96	112	4.0
96	113	5.0
96	114	6.0
96	115	6.0
96	116	5.0
96	117	6.0
96	118	6.0
96	119	6.0
96	120	5.0
96	121	4.0
96	122	3.0
97	98	12.0
97	99	13.0
97	100	10.0
97	101	10.0
97	102	10.0
97	103	8.0
97	104	8.0
97	105	3.0
97	106	10.0
97	107	6.0
97	108	6.0
97	109	4.0
97	110	2.0
97	111	4.0
97	112	9.0
97	113	7.0
97	114	4.0
97	115	3.0
97	116	8.0
97	117	5.0
97	118	8.0
97	119	8.0
97	120	2.0
97	121	3.0
97	122	4.0
98	99	40.0
98	100	29.0
98	101	9.0
98	102	12.0
98	103	9.0
98	104	5.0
98	105	18.0
98	106	11.0
98	107	7.0
98	108	8.0
98	109	7.0
98	110	11.0
98	111	6.0
98	112	5.0
98	113	7.0
98	114	5.0
98	115	8.0
98	116	7.0
98	117	5.0
98	118	5.0
98	119	4.0
98	120	3.0
98	121	3.0
98	122	7.0
99	100	29.0
99	101	8.0
99	102	12.0
99	103	4.0
99	104	11.0
99	105	10.0
99	106	17.0
99	107	12.0
99	108	8.0
99	109	4.0
99	110	5.0
99	111	7.0
99	112	2.0
99	113	2.0
99	114	8.0
99	115	11.0
99	116	8.0
99	117	11.0
99	118	6.0
99	119	9.0
99	120	2.0
99	121	3.0
99	122	3.0
100	101	23.0
100	102	4.0
100	103	6.0
100	104	16.0
100	105	15.0
100	106	26.0
100	107	12.0
100	108	9.0
100	109	8.0
100	110	5.0
100	111	8.0
100	112	10.0
100	113	5.0
100	114	12.0
100	115	8.0
100	116	6.0
100	117	2.0
100	118	7.0
100	119	8.0
100	120	7.0
100	121	5.0
100	122	7.0
101	102	18.0
101	103	7.0
101	104	22.0
101	105	8.0
101	106	18.0
101	107	17.0
101	108	10.0
101	109	10.0
101	110	7.0
101	111	7.0
101	112	12.0
101	113	16.0
101	114	8.0
101	115	7.0
101	116	6.0
101	117	9.0
101	118	10.0
101	119	14.0
101	120	9.0
101	121	7.0
101	122	4.0
102	103	37.0
102	104	17.0
102	105	3.0
102	106	13.0
102	107	13.0
102	108	4.0
102	109	8.0
102	110	7.0
102	111	11.0
102	112	11.0
102	113	16.0
102	114	5.0
102	115	5.0
102	116	9.0
102	117	2.0
102	118	4.0
102	119	6.0
102	120	3.0
102	121	9.0
102	122	6.0
103	104	23.0
103	105	7.0
103	106	7.0
103	107	13.0
103	108	4.0
103	109	11.0
103	110	4.0
103	111	9.0
103	112	20.0
103	113	8.0
103	114	10.0
103	115	10.0
103	116	4.0
103	117	5.0
103	118	4.0
103	119	8.0
103	120	3.0
103	121	8.0
103	122	6.0
104	105	13.0
104	106	15.0
104	107	20.0
104	108	9.0
104	109	12.0
104	110	12.0
104	111	15.0
104	112	13.0
104	113	12.0
104	114	10.0
104	115	8.0
104	116	5.0
104	117	8.0
104	118	8.0
104	119	8.0
104	120	7.0
104	121	8.0
104	122	10.0
105	106	22.0
105	107	21.0
105	108	14.0
105	109	35.0
105	110	12.0
105	111	22.0
105	112	17.0
105	113	10.0
105	114	18.0
105	115	13.0
105	116	10.0
105	117	7.0
105	118	12.0
105	119	15.0
105	120	7.0
105	121	10.0
105	122	9.0
106	107	38.0
106	108	21.0
106	109	27.0
106	110	14.0
106	111	20.0
106	112	18.0
106	113	13.0
106	114	11.0
106	115	15.0
106	116	8.0
106	117	12.0
106	118	17.0
106	119	9.0
106	120	10.0
106	121	11.0
106	122	8.0
107	108	12.0
107	109	13.0
107	110	12.0
107	111	14.0
107	112	16.0
107	113	19.0
107	114	21.0
107	115	9.0
107	116	7.0
107	117	14.0
107	118	23.0
107	119	7.0
107	120	10.0
107	121	12.0
107	122	10.0
108	109	34.0
108	110	21.0
108	111	14.0
108	112	15.0
108	113	14.0
108	114	32.0
108	115	27.0
108	116	11.0
108	117	21.0
108	118	19.0
108	119	11.0
108	120	8.0
108	121	11.0
108	122	8.0
109	110	46.0
109	111	14.0
109	112	13.0
109	113	13.0
109	114	26.0
109	115	23.0
109	116	9.0
109	117	21.0
109	118	14.0
109	119	7.0
109	120	8.0
109	121	10.0
109	122	8.0
110	111	10.0
110	112	10.0
110	113	11.0
110	114	20.0
110	115	23.0
110	116	14.0
110	117	19.0
110	118	16.0
110	119	9.0
110	120	10.0
110	121	23.0
110	122	10.0
111	112	49.0
111	113	21.0
111	114	16.0
111	115	9.0
111	116	6.0
111	117	10.0
111	118	15.0
111	119	6.0
111	120	6.0
111	121	11.0
111	122	10.0
112	113	31.0
112	114	17.0
112	115	15.0
112	116	10.0
112	117	8.0
112	118	19.0
112	119	10.0
112	120	17.0
112	121	17.0
112	122	7.0
113	114	21.0
113	115	8.0
113	116	11.0
113	117	16.0
113	118	25.0
113	119	17.0
113	120	9.0
113	121	16.0
113	122	21.0
114	115	10.0
114	116	10.0
114	117	18.0
114	118	47.0
114	119	10.0
114	120	14.0
114	121	28.0
114	122	24.0
115	116	27.0
115	117	29.0
115	118	5.0
115	119	6.0
115	120	6.0
115	121	10.0
115	122	6.0
116	117	22.0
116	118	13.0
116	119	9.0
116	120	10.0
116	121	4.0
116	122	5.0
117	118	18.0
117	119	9.0
117	120	8.0
117	121	16.0
117	122	8.0
118	119	16.0
118	120	12.0
118	121	19.0
118	122	12.0
119	120	28.0
119	121	14.0
119	122	18.0
120	121	24.0
120	122	53.0
121	122	22.0
