1	2	34.0
1	3	16.0
1	4	9.0
1	5	11.0
1	6	8.0
1	7	13.0
1	8	6.0
1	9	12.0
1	10	17.0
1	11	9.0
1	12	8.0
1	13	6.0
1	14	8.0
1	15	7.0
1	16	7.0
1	17	5.0
1	18	9.0
1	19	7.0
1	20	3.0
1	21	4.0
1	22	3.0
1	23	7.0
1	24	7.0
1	25	9.0
1	26	8.0
1	27	5.0
1	28	8.0
1	29	4.0
1	30	8.0
1	31	3.0
1	32	5.0
1	33	3.0
1	34	3.0
1	35	3.0
1	36	3.0
1	37	4.0
1	38	3.0
1	39	3.0
1	40	2.0
1	41	7.0
1	42	3.0
1	43	4.0
1	44	4.0
1	45	3.0
1	46	3.0
1	47	2.0
1	48	2.0
1	49	6.0
1	50	6.0
1	51	5.0
1	52	5.0
1	54	4.0
1	55	2.0
1	56	1.0
1	57	6.0
1	58	6.0
1	59	7.0
1	60	7.0
1	61	5.0
1	62	4.0
1	63	3.0
1	64	4.0
1	65	3.0
1	66	3.0
1	67	3.0
1	68	6.0
1	69	5.0
1	70	9.0
1	71	11.0
1	72	1.0
1	73	3.0
1	74	5.0
1	75	7.0
1	76	3.0
1	77	4.0
1	78	10.0
1	79	8.0
1	80	7.0
1	81	8.0
1	82	6.0
1	83	3.0
1	84	6.0
1	85	4.0
1	86	8.0
1	87	8.0
1	88	3.0
1	89	9.0
1	90	10.0
1	91	3.0
1	92	4.0
1	93	7.0
1	94	7.0
1	95	5.0
1	96	7.0
1	97	4.0
1	98	4.0
1	100	3.0
1	101	6.0
1	102	9.0
1	103	7.0
1	104	2.0
1	105	4.0
1	106	5.0
1	107	7.0
1	108	8.0
1	109	4.0
1	110	6.0
1	111	9.0
1	112	7.0
1	113	7.0
1	114	7.0
1	115	6.0
1	116	8.0
1	117	4.0
1	118	9.0
1	119	10.0
1	120	8.0
1	121	8.0
1	122	8.0
2	3	22.0
2	4	22.0
2	5	19.0
2	6	20.0
2	7	14.0
2	8	16.0
2	9	8.0
2	10	19.0
2	11	10.0
2	12	9.0
2	13	5.0
2	14	8.0
2	15	6.0
2	16	15.0
2	17	8.0
2	18	11.0
2	19	14.0
2	20	7.0
2	21	3.0
2	22	4.0
2	23	9.0
2	24	3.0
2	25	7.0
2	26	3.0
2	27	6.0
2	28	6.0
2	29	9.0
2	30	6.0
2	31	7.0
2	32	4.0
2	33	1.0
2	34	1.0
2	35	5.0
2	36	3.0
2	37	5.0
2	38	3.0
2	39	3.0
2	40	4.0
2	41	2.0
2	42	4.0
2	43	5.0
2	44	1.0
2	45	1.0
2	46	5.0
2	47	5.0
2	48	4.0
2	49	10.0
2	50	10.0
2	51	3.0
2	52	2.0
2	54	8.0
2	55	5.0
2	56	5.0
2	57	7.0
2	58	8.0
2	59	9.0
2	60	6.0
2	61	5.0
2	62	6.0
2	63	7.0
2	64	4.0
2	65	5.0
2	66	5.0
2	67	2.0
2	68	2.0
2	69	5.0
2	70	3.0
2	71	5.0
2	72	6.0
2	73	4.0
2	74	1.0
2	75	7.0
2	76	6.0
2	77	6.0
2	78	7.0
2	79	6.0
2	80	4.0
2	81	6.0
2	82	5.0
2	83	1.0
2	84	7.0
2	85	8.0
2	86	5.0
2	87	2.0
2	88	5.0
2	89	3.0
2	90	7.0
2	91	5.0
2	92	6.0
2	93	6.0
2	94	6.0
2	95	9.0
2	96	6.0
2	97	6.0
2	98	7.0
2	99	6.0
2	100	8.0
2	101	6.0
2	102	4.0
2	103	8.0
2	104	2.0
2	105	5.0
2	106	9.0
2	107	5.0
2	108	6.0
2	109	9.0
2	110	6.0
2	111	7.0
2	112	4.0
2	113	7.0
2	114	12.0
2	115	10.0
2	116	5.0
2	117	8.0
2	118	9.0
2	119	6.0
2	120	9.0
2	121	10.0
2	122	8.0
3	4	59.0
3	5	43.0
3	6	36.0
3	7	41.0
3	8	23.0
3	9	9.0
3	10	17.0
3	11	16.0
3	12	12.0
3	13	11.0
3	14	9.0
3	15	8.0
3	16	6.0
3	17	13.0
3	18	12.0
3	19	8.0
3	20	11.0
3	21	7.0
3	22	14.0
3	23	20.0
3	24	8.0
3	25	10.0
3	26	9.0
3	27	7.0
3	28	7.0
3	29	7.0
3	30	8.0
3	31	4.0
3	32	4.0
3	33	3.0
3	34	2.0
3	35	8.0
3	36	6.0
3	37	4.0
3	38	6.0
3	39	6.0
3	40	9.0
3	41	10.0
3	42	6.0
3	43	8.0
3	44	4.0
3	45	4.0
3	46	6.0
3	47	9.0
3	48	5.0
3	49	8.0
3	50	10.0
3	51	7.0
3	52	8.0
3	53	1.0
3	54	2.0
3	55	5.0
3	56	7.0
3	57	6.0
3	58	5.0
3	59	5.0
3	60	14.0
3	61	11.0
3	62	5.0
3	63	6.0
3	64	6.0
3	65	5.0
3	66	6.0
3	67	4.0
3	68	3.0
3	69	7.0
3	70	4.0
3	71	10.0
3	72	9.0
3	73	4.0
3	74	8.0
3	75	8.0
3	76	7.0
3	77	7.0
3	78	4.0
3	79	4.0
3	80	5.0
3	81	8.0
3	82	5.0
3	83	7.0
3	84	15.0
3	85	2.0
3	86	6.0
3	87	5.0
3	88	5.0
3	89	4.0
3	90	8.0
3	91	5.0
3	92	6.0
3	93	8.0
3	94	4.0
3	95	6.0
3	96	6.0
3	97	4.0
3	98	3.0
3	99	3.0
3	100	5.0
3	101	7.0
3	102	5.0
3	103	4.0
3	104	5.0
3	105	6.0
3	106	9.0
3	107	5.0
3	108	9.0
3	109	8.0
3	110	10.0
3	111	9.0
3	112	9.0
3	113	6.0
3	114	9.0
3	115	7.0
3	116	13.0
3	117	12.0
3	118	5.0
3	119	11.0
3	120	8.0
3	121	15.0
3	122	11.0
4	5	95.0
4	6	48.0
4	7	52.0
4	8	15.0
4	9	15.0
4	10	23.0
4	11	22.0
4	12	11.0
4	13	7.0
4	14	12.0
4	15	8.0
4	16	10.0
4	17	16.0
4	18	8.0
4	19	10.0
4	20	11.0
4	21	5.0
4	22	8.0
4	23	11.0
4	24	7.0
4	25	6.0
4	26	6.0
4	27	5.0
4	28	3.0
4	29	2.0
4	30	11.0
4	31	6.0
4	32	5.0
4	33	5.0
4	34	4.0
4	35	3.0
4	36	3.0
4	37	1.0
4	38	4.0
4	39	8.0
4	40	3.0
4	41	2.0
4	42	6.0
4	43	1.0
4	44	4.0
4	45	4.0
4	46	2.0
4	47	5.0
4	48	6.0
4	49	8.0
4	50	9.0
4	51	9.0
4	52	6.0
4	53	7.0
4	54	11.0
4	55	6.0
4	56	5.0
4	57	11.0
4	58	6.0
4	59	4.0
4	60	11.0
4	61	3.0
4	62	5.0
4	63	7.0
4	64	4.0
4	65	7.0
4	66	10.0
4	67	4.0
4	68	5.0
4	69	6.0
4	70	9.0
4	71	12.0
4	72	16.0
4	73	12.0
4	74	10.0
4	75	13.0
4	76	10.0
4	77	8.0
4	78	6.0
4	79	8.0
4	80	9.0
4	81	7.0
4	82	9.0
4	83	4.0
4	84	8.0
4	85	1.0
4	86	4.0
4	87	5.0
4	88	6.0
4	89	7.0
4	90	4.0
4	91	7.0
4	92	7.0
4	93	5.0
4	94	9.0
4	95	7.0
4	96	4.0
4	97	8.0
4	98	6.0
4	99	5.0
4	100	11.0
4	101	7.0
4	102	11.0
4	103	2.0
4	104	8.0
4	105	6.0
4	106	2.0
4	107	10.0
4	108	7.0
4	109	11.0
4	110	13.0
4	111	11.0
4	112	11.0
4	113	8.0
4	114	12.0
4	115	19.0
4	116	16.0
4	117	10.0
4	118	8.0
4	119	9.0
4	120	12.0
4	121	15.0
4	122	6.0
5	6	86.0
5	7	114.0
5	8	31.0
5	9	13.0
5	10	18.0
5	11	20.0
5	12	12.0
5	13	12.0
5	14	10.0
5	15	8.0
5	16	6.0
5	17	8.0
5	18	13.0
5	19	14.0
5	20	8.0
5	21	8.0
5	22	8.0
5	23	6.0
5	24	10.0
5	25	7.0
5	26	7.0
5	27	7.0
5	28	10.0
5	29	5.0
5	30	3.0
5	31	4.0
5	32	3.0
5	33	2.0
5	34	4.0
5	35	1.0
5	36	2.0
5	37	2.0
5	38	3.0
5	39	6.0
5	40	6.0
5	41	6.0
5	42	1.0
5	43	4.0
5	44	4.0
5	45	6.0
5	46	3.0
5	47	7.0
5	48	5.0
5	49	13.0
5	50	10.0
5	51	9.0
5	52	6.0
5	53	8.0
5	54	12.0
5	55	9.0
5	56	13.0
5	57	7.0
5	58	6.0
5	59	8.0
5	60	14.0
5	61	11.0
5	62	7.0
5	63	6.0
5	64	12.0
5	65	11.0
5	66	8.0
5	67	13.0
5	68	7.0
5	69	13.0
5	70	9.0
5	71	8.0
5	72	12.0
5	73	5.0
5	74	11.0
5	75	11.0
5	76	5.0
5	77	5.0
5	78	4.0
5	79	5.0
5	80	8.0
5	81	9.0
5	82	5.0
5	83	5.0
5	84	3.0
5	85	6.0
5	86	7.0
5	87	8.0
5	88	2.0
5	89	8.0
5	90	10.0
5	91	9.0
5	92	9.0
5	93	5.0
5	94	9.0
5	95	7.0
5	96	11.0
5	97	8.0
5	98	6.0
5	99	6.0
5	100	5.0
5	101	6.0
5	102	12.0
5	103	7.0
5	104	8.0
5	105	6.0
5	106	7.0
5	107	12.0
5	108	7.0
5	109	11.0
5	110	9.0
5	111	7.0
5	112	11.0
5	113	10.0
5	114	7.0
5	115	14.0
5	116	14.0
5	117	18.0
5	118	13.0
5	119	11.0
5	120	9.0
5	121	12.0
5	122	10.0
6	7	89.0
6	8	25.0
6	9	7.0
6	10	18.0
6	11	32.0
6	12	12.0
6	13	7.0
6	14	13.0
6	15	12.0
6	16	13.0
6	17	17.0
6	18	14.0
6	19	17.0
6	20	6.0
6	21	10.0
6	22	8.0
6	23	13.0
6	24	10.0
6	25	10.0
6	26	7.0
6	27	10.0
6	28	9.0
6	29	7.0
6	30	9.0
6	31	4.0
6	32	2.0
6	33	2.0
6	34	5.0
6	35	4.0
6	36	6.0
6	37	2.0
6	38	4.0
6	39	7.0
6	40	5.0
6	41	8.0
6	42	4.0
6	43	4.0
6	44	2.0
6	45	6.0
6	46	3.0
6	47	15.0
6	48	7.0
6	49	9.0
6	50	8.0
6	51	10.0
6	52	10.0
6	53	5.0
6	54	9.0
6	55	9.0
6	56	3.0
6	57	9.0
6	58	5.0
6	59	9.0
6	60	11.0
6	61	5.0
6	62	9.0
6	63	4.0
6	64	3.0
6	65	7.0
6	66	2.0
6	67	5.0
6	68	8.0
6	69	10.0
6	70	7.0
6	71	12.0
6	72	11.0
6	73	7.0
6	74	10.0
6	75	6.0
6	76	11.0
6	77	9.0
6	78	9.0
6	79	7.0
6	80	13.0
6	81	6.0
6	82	10.0
6	83	9.0
6	84	8.0
6	85	8.0
6	86	6.0
6	87	3.0
6	88	8.0
6	89	8.0
6	90	6.0
6	91	7.0
6	92	6.0
6	93	2.0
6	94	8.0
6	95	5.0
6	96	5.0
6	97	9.0
6	98	10.0
6	99	6.0
6	100	6.0
6	101	7.0
6	102	4.0
6	103	3.0
6	104	5.0
6	105	3.0
6	106	10.0
6	107	8.0
6	108	1.0
6	109	9.0
6	110	11.0
6	111	7.0
6	112	6.0
6	113	6.0
6	114	9.0
6	115	10.0
6	116	9.0
6	117	13.0
6	118	11.0
6	119	12.0
6	120	12.0
6	121	9.0
6	122	11.0
7	8	21.0
7	9	9.0
7	10	18.0
7	11	22.0
7	12	7.0
7	13	6.0
7	14	11.0
7	15	8.0
7	16	8.0
7	17	10.0
7	18	12.0
7	19	10.0
7	20	17.0
7	21	5.0
7	22	13.0
7	23	9.0
7	24	8.0
7	25	9.0
7	26	3.0
7	27	6.0
7	28	11.0
7	29	8.0
7	30	6.0
7	31	9.0
7	32	3.0
7	33	5.0
7	34	5.0
7	35	2.0
7	36	6.0
7	37	6.0
7	38	2.0
7	39	7.0
7	40	1.0
7	41	9.0
7	42	5.0
7	43	5.0
7	44	2.0
7	45	6.0
7	46	4.0
7	47	3.0
7	48	6.0
7	49	17.0
7	50	15.0
7	51	11.0
7	52	11.0
7	53	5.0
7	54	5.0
7	55	3.0
7	56	8.0
7	57	7.0
7	58	5.0
7	59	11.0
7	60	20.0
7	61	12.0
7	62	4.0
7	63	9.0
7	64	4.0
7	65	4.0
7	66	3.0
7	67	6.0
7	68	4.0
7	69	7.0
7	70	9.0
7	71	15.0
7	72	12.0
7	73	8.0
7	74	13.0
7	75	6.0
7	76	6.0
7	77	11.0
7	78	8.0
7	79	9.0
7	80	7.0
7	81	6.0
7	82	8.0
7	83	7.0
7	84	10.0
7	85	7.0
7	86	10.0
7	87	9.0
7	88	7.0
7	89	4.0
7	90	13.0
7	91	8.0
7	92	3.0
7	93	4.0
7	94	7.0
7	95	2.0
7	96	10.0
7	97	3.0
7	98	7.0
7	99	5.0
7	100	8.0
7	101	4.0
7	102	9.0
7	103	4.0
7	104	10.0
7	105	8.0
7	106	8.0
7	107	8.0
7	108	14.0
7	109	8.0
7	110	7.0
7	111	12.0
7	112	6.0
7	113	9.0
7	114	9.0
7	115	10.0
7	116	12.0
7	117	20.0
7	118	5.0
7	119	10.0
7	120	11.0
7	121	5.0
7	122	10.0
8	9	27.0
8	10	47.0
8	11	33.0
8	12	24.0
8	13	6.0
8	14	11.0
8	15	14.0
8	16	15.0
8	17	11.0
8	18	16.0
8	19	13.0
8	20	8.0
8	21	8.0
8	22	11.0
8	23	6.0
8	24	8.0
8	25	3.0
8	26	3.0
8	27	8.0
8	28	1.0
8	29	7.0
8	30	6.0
8	31	4.0
8	32	5.0
8	33	9.0
8	34	3.0
8	35	4.0
8	36	4.0
8	37	1.0
8	38	1.0
8	39	3.0
8	40	8.0
8	41	5.0
8	42	3.0
8	43	4.0
8	44	4.0
8	45	3.0
8	46	4.0
8	47	4.0
8	48	9.0
8	49	13.0
8	50	10.0
8	51	6.0
8	52	9.0
8	53	8.0
8	54	7.0
8	55	7.0
8	56	7.0
8	57	4.0
8	58	12.0
8	59	7.0
8	60	7.0
8	61	9.0
8	62	5.0
8	63	1.0
8	64	13.0
8	65	8.0
8	66	11.0
8	67	7.0
8	68	5.0
8	69	5.0
8	70	12.0
8	71	11.0
8	72	10.0
8	73	11.0
8	74	10.0
8	75	8.0
8	76	12.0
8	77	12.0
8	78	6.0
8	79	10.0
8	80	5.0
8	81	14.0
8	82	9.0
8	83	8.0
8	84	8.0
8	85	9.0
8	86	6.0
8	87	6.0
8	88	7.0
8	89	9.0
8	90	9.0
8	91	3.0
8	92	5.0
8	93	12.0
8	94	11.0
8	95	6.0
8	96	5.0
8	97	12.0
8	98	6.0
8	99	6.0
8	100	6.0
8	101	3.0
8	102	2.0
8	103	8.0
8	104	3.0
8	105	4.0
8	106	11.0
8	107	10.0
8	108	10.0
8	109	13.0
8	110	6.0
8	111	11.0
8	112	13.0
8	113	10.0
8	114	13.0
8	115	6.0
8	116	19.0
8	117	12.0
8	118	7.0
8	119	12.0
8	120	13.0
8	121	13.0
8	122	22.0
9	10	40.0
9	11	25.0
9	12	18.0
9	13	15.0
9	14	21.0
9	15	10.0
9	16	11.0
9	17	11.0
9	18	14.0
9	19	10.0
9	20	12.0
9	21	6.0
9	22	6.0
9	23	10.0
9	24	9.0
9	25	7.0
9	26	9.0
9	27	7.0
9	28	4.0
9	29	5.0
9	30	1.0
9	31	4.0
9	32	1.0
9	33	3.0
9	34	4.0
9	35	4.0
9	36	2.0
9	37	2.0
9	38	5.0
9	39	5.0
9	40	5.0
9	41	4.0
9	42	1.0
9	43	5.0
9	44	5.0
9	45	2.0
9	46	7.0
9	47	3.0
9	48	2.0
9	49	4.0
9	50	7.0
9	51	6.0
9	52	10.0
9	53	9.0
9	54	10.0
9	55	2.0
9	56	7.0
9	57	7.0
9	58	10.0
9	59	12.0
9	60	5.0
9	61	1.0
9	62	8.0
9	63	6.0
9	64	3.0
9	65	5.0
9	66	3.0
9	67	3.0
9	68	6.0
9	69	7.0
9	70	9.0
9	71	14.0
9	72	1.0
9	73	11.0
9	74	12.0
9	75	7.0
9	76	7.0
9	77	9.0
9	78	7.0
9	79	10.0
9	80	7.0
9	81	12.0
9	82	9.0
9	83	6.0
9	84	6.0
9	85	10.0
9	86	8.0
9	87	6.0
9	88	6.0
9	89	6.0
9	90	8.0
9	91	5.0
9	92	9.0
9	93	4.0
9	94	10.0
9	95	6.0
9	96	4.0
9	97	3.0
9	98	12.0
9	99	7.0
9	100	5.0
9	101	9.0
9	102	6.0
9	103	8.0
9	104	7.0
9	105	8.0
9	106	8.0
9	107	4.0
9	108	7.0
9	109	6.0
9	110	3.0
9	111	11.0
9	112	5.0
9	113	19.0
9	114	16.0
9	115	11.0
9	116	10.0
9	117	8.0
9	118	14.0
9	119	22.0
9	120	20.0
9	121	15.0
9	122	15.0
10	11	83.0
10	12	25.0
10	13	24.0
10	14	15.0
10	15	12.0
10	16	19.0
10	17	18.0
10	18	10.0
10	19	12.0
10	20	17.0
10	21	6.0
10	22	10.0
10	23	7.0
10	24	7.0
10	25	8.0
10	26	8.0
10	27	4.0
10	28	7.0
10	29	12.0
10	30	6.0
10	31	3.0
10	32	10.0
10	33	4.0
10	34	4.0
10	35	5.0
10	36	6.0
10	37	4.0
10	38	3.0
10	39	9.0
10	40	9.0
10	41	5.0
10	42	8.0
10	43	3.0
10	44	5.0
10	45	2.0
10	46	6.0
10	47	3.0
10	48	6.0
10	49	7.0
10	50	10.0
10	51	6.0
10	52	14.0
10	53	6.0
10	54	4.0
10	55	8.0
10	56	5.0
10	57	18.0
10	58	8.0
10	59	11.0
10	60	9.0
10	61	4.0
10	62	5.0
10	63	2.0
10	64	7.0
10	65	6.0
10	66	6.0
10	67	6.0
10	68	5.0
10	69	9.0
10	70	11.0
10	71	6.0
10	72	15.0
10	73	4.0
10	74	14.0
10	75	6.0
10	76	5.0
10	77	3.0
10	78	11.0
10	79	5.0
10	80	13.0
10	81	7.0
10	82	2.0
10	83	11.0
10	84	6.0
10	85	5.0
10	86	4.0
10	87	6.0
10	88	5.0
10	89	5.0
10	90	6.0
10	91	7.0
10	92	9.0
10	93	6.0
10	94	6.0
10	95	8.0
10	96	6.0
10	97	5.0
10	98	7.0
10	99	11.0
10	100	12.0
10	101	10.0
10	102	5.0
10	103	10.0
10	104	5.0
10	105	11.0
10	106	10.0
10	107	9.0
10	108	9.0
10	109	8.0
10	110	4.0
10	111	7.0
10	112	6.0
10	113	10.0
10	114	10.0
10	115	6.0
10	116	9.0
10	117	17.0
10	118	9.0
10	119	11.0
10	120	12.0
10	121	14.0
10	122	12.0
11	12	25.0
11	13	14.0
11	14	26.0
11	15	17.0
11	16	27.0
11	17	19.0
11	18	21.0
11	19	21.0
11	20	5.0
11	21	10.0
11	22	13.0
11	23	12.0
11	24	7.0
11	25	8.0
11	26	6.0
11	27	6.0
11	28	5.0
11	29	7.0
11	30	8.0
11	31	8.0
11	32	2.0
11	33	3.0
11	34	1.0
11	35	2.0
11	36	4.0
11	37	3.0
11	38	2.0
11	39	5.0
11	40	2.0
11	41	3.0
11	42	7.0
11	43	2.0
11	44	4.0
11	45	2.0
11	46	6.0
11	47	6.0
11	48	9.0
11	49	7.0
11	50	7.0
11	51	7.0
11	52	7.0
11	53	8.0
11	54	9.0
11	55	16.0
11	56	5.0
11	57	14.0
11	58	7.0
11	59	10.0
11	60	11.0
11	61	12.0
11	62	5.0
11	63	6.0
11	64	12.0
11	65	8.0
11	66	5.0
11	67	11.0
11	68	8.0
11	69	8.0
11	70	11.0
11	71	15.0
11	72	9.0
11	73	7.0
11	74	17.0
11	75	11.0
11	76	10.0
11	77	9.0
11	78	10.0
11	79	4.0
11	80	3.0
11	81	14.0
11	82	5.0
11	83	7.0
11	84	3.0
11	85	5.0
11	86	3.0
11	87	3.0
11	89	8.0
11	90	8.0
11	91	5.0
11	92	5.0
11	93	6.0
11	94	9.0
11	95	3.0
11	96	3.0
11	97	5.0
11	98	10.0
11	99	10.0
11	100	7.0
11	101	7.0
11	102	13.0
11	103	2.0
11	104	3.0
11	105	9.0
11	106	8.0
11	107	5.0
11	108	6.0
11	109	8.0
11	110	6.0
11	111	7.0
11	112	6.0
11	113	11.0
11	114	8.0
11	115	6.0
11	116	4.0
11	117	12.0
11	118	11.0
11	119	11.0
11	120	15.0
11	121	10.0
11	122	12.0
12	13	39.0
12	14	30.0
12	15	24.0
12	16	23.0
12	17	17.0
12	18	24.0
12	19	21.0
12	20	11.0
12	21	7.0
12	22	16.0
12	23	25.0
12	24	5.0
12	25	9.0
12	26	9.0
12	27	8.0
12	28	8.0
12	29	6.0
12	30	8.0
12	31	4.0
12	32	2.0
12	33	4.0
12	34	2.0
12	35	5.0
12	36	3.0
12	37	4.0
12	38	1.0
12	39	4.0
12	40	5.0
12	41	5.0
12	42	2.0
12	43	3.0
12	44	4.0
12	45	4.0
12	46	5.0
12	47	6.0
12	48	4.0
12	49	15.0
12	50	2.0
12	51	4.0
12	52	8.0
12	53	9.0
12	54	6.0
12	55	10.0
12	56	7.0
12	57	9.0
12	58	8.0
12	59	7.0
12	60	13.0
12	61	5.0
12	62	8.0
12	63	7.0
12	64	3.0
12	65	8.0
12	66	5.0
12	67	7.0
12	68	13.0
12	69	13.0
12	70	5.0
12	71	6.0
12	72	3.0
12	73	5.0
12	74	7.0
12	75	7.0
12	76	3.0
12	77	5.0
12	78	7.0
12	79	12.0
12	80	7.0
12	81	6.0
12	82	5.0
12	83	5.0
12	84	5.0
12	85	14.0
12	86	7.0
12	87	3.0
12	88	3.0
12	89	6.0
12	90	8.0
12	91	5.0
12	92	6.0
12	93	4.0
12	94	7.0
12	95	8.0
12	96	3.0
12	97	3.0
12	98	9.0
12	99	1.0
12	100	5.0
12	101	4.0
12	102	3.0
12	103	9.0
12	104	5.0
12	105	6.0
12	106	10.0
12	107	6.0
12	108	3.0
12	109	9.0
12	110	7.0
12	111	3.0
12	112	7.0
12	113	5.0
12	114	18.0
12	115	5.0
12	116	9.0
12	117	12.0
12	118	8.0
12	119	10.0
12	120	5.0
12	121	6.0
12	122	7.0
13	14	94.0
13	15	47.0
13	16	18.0
13	17	21.0
13	18	15.0
13	19	16.0
13	20	9.0
13	21	6.0
13	22	9.0
13	23	11.0
13	24	11.0
13	25	12.0
13	26	8.0
13	27	4.0
13	28	7.0
13	29	7.0
13	31	4.0
13	32	6.0
13	33	5.0
13	34	2.0
13	35	1.0
13	36	3.0
13	37	5.0
13	38	4.0
13	39	2.0
13	40	1.0
13	41	4.0
13	42	2.0
13	43	6.0
13	44	4.0
13	45	3.0
13	46	6.0
13	47	4.0
13	48	6.0
13	49	8.0
13	50	5.0
13	51	7.0
13	52	8.0
13	53	10.0
13	54	5.0
13	55	6.0
13	56	6.0
13	57	8.0
13	58	9.0
13	59	4.0
13	60	7.0
13	61	7.0
13	62	7.0
13	63	7.0
13	64	3.0
13	65	8.0
13	66	6.0
13	67	5.0
13	68	6.0
13	69	8.0
13	70	4.0
13	71	4.0
13	72	6.0
13	73	5.0
13	74	7.0
13	75	10.0
13	76	2.0
13	77	5.0
13	78	6.0
13	79	4.0
13	80	4.0
13	81	9.0
13	82	5.0
13	83	5.0
13	84	11.0
13	85	4.0
13	86	6.0
13	87	4.0
13	88	5.0
13	89	3.0
13	90	3.0
13	91	7.0
13	92	1.0
13	93	1.0
13	94	6.0
13	95	7.0
13	96	6.0
13	97	6.0
13	98	2.0
13	99	4.0
13	100	5.0
13	101	7.0
13	102	3.0
13	103	3.0
13	104	7.0
13	105	6.0
13	106	10.0
13	107	5.0
13	108	9.0
13	109	4.0
13	110	8.0
13	111	1.0
13	112	6.0
13	113	9.0
13	114	11.0
13	115	9.0
13	116	6.0
13	117	11.0
13	118	11.0
13	119	11.0
13	120	6.0
13	121	8.0
13	122	12.0
14	15	63.0
14	16	21.0
14	17	16.0
14	18	27.0
14	19	28.0
14	20	9.0
14	21	16.0
14	22	13.0
14	23	16.0
14	24	15.0
14	25	7.0
14	26	7.0
14	27	5.0
14	28	5.0
14	29	6.0
14	30	1.0
14	31	4.0
14	32	5.0
14	33	4.0
14	34	2.0
14	35	3.0
14	36	3.0
14	37	8.0
14	38	3.0
14	39	5.0
14	40	3.0
14	41	5.0
14	42	2.0
14	43	1.0
14	44	3.0
14	45	3.0
14	46	4.0
14	47	4.0
14	48	4.0
14	49	7.0
14	50	5.0
14	51	11.0
14	52	3.0
14	53	10.0
14	54	8.0
14	55	9.0
14	56	2.0
14	57	7.0
14	58	9.0
14	59	11.0
14	60	6.0
14	61	6.0
14	62	3.0
14	63	4.0
14	64	4.0
14	65	7.0
14	66	2.0
14	67	7.0
14	68	9.0
14	69	4.0
14	70	5.0
14	71	5.0
14	72	10.0
14	73	10.0
14	74	5.0
14	75	9.0
14	76	10.0
14	77	9.0
14	78	9.0
14	79	7.0
14	80	5.0
14	81	4.0
14	82	6.0
14	83	7.0
14	84	9.0
14	85	11.0
14	86	3.0
14	87	9.0
14	88	1.0
14	89	5.0
14	90	3.0
14	91	6.0
14	92	4.0
14	93	3.0
14	94	5.0
14	95	4.0
14	98	8.0
14	99	4.0
14	100	7.0
14	101	7.0
14	102	10.0
14	103	7.0
14	104	7.0
14	105	5.0
14	106	8.0
14	107	5.0
14	108	5.0
14	109	5.0
14	110	4.0
14	111	8.0
14	112	6.0
14	113	7.0
14	114	7.0
14	115	5.0
14	116	4.0
14	117	6.0
14	118	3.0
14	119	7.0
14	120	15.0
14	121	9.0
14	122	6.0
15	16	31.0
15	17	18.0
15	18	20.0
15	19	28.0
15	20	22.0
15	21	17.0
15	22	13.0
15	23	21.0
15	24	9.0
15	25	9.0
15	26	5.0
15	27	5.0
15	28	7.0
15	29	4.0
15	30	5.0
15	31	4.0
15	32	4.0
15	33	7.0
15	34	2.0
15	35	4.0
15	36	1.0
15	37	3.0
15	38	2.0
15	39	4.0
15	40	6.0
15	41	5.0
15	42	10.0
15	43	11.0
15	44	5.0
15	45	5.0
15	46	3.0
15	47	3.0
15	48	2.0
15	49	6.0
15	50	4.0
15	51	8.0
15	52	9.0
15	53	10.0
15	54	6.0
15	55	8.0
15	56	6.0
15	57	7.0
15	58	6.0
15	59	6.0
15	60	8.0
15	61	9.0
15	62	5.0
15	63	7.0
15	64	2.0
15	65	3.0
15	66	2.0
15	67	2.0
15	68	5.0
15	69	10.0
15	70	2.0
15	71	11.0
15	72	9.0
15	73	5.0
15	74	9.0
15	75	7.0
15	76	10.0
15	77	5.0
15	78	8.0
15	79	6.0
15	80	4.0
15	81	6.0
15	82	5.0
15	83	8.0
15	84	4.0
15	85	2.0
15	86	4.0
15	87	3.0
15	88	2.0
15	89	5.0
15	90	2.0
15	91	5.0
15	92	4.0
15	93	3.0
15	94	12.0
15	95	5.0
15	96	7.0
15	97	2.0
15	98	5.0
15	99	4.0
15	100	2.0
15	101	3.0
15	102	6.0
15	103	3.0
15	104	2.0
15	105	6.0
15	106	2.0
15	107	3.0
15	108	6.0
15	109	2.0
15	110	8.0
15	111	8.0
15	112	5.0
15	113	6.0
15	114	9.0
15	115	1.0
15	116	6.0
15	117	8.0
15	118	10.0
15	119	8.0
15	120	8.0
15	121	11.0
15	122	8.0
16	17	139.0
16	18	71.0
16	19	110.0
16	20	36.0
16	21	19.0
16	22	21.0
16	23	14.0
16	24	15.0
16	25	11.0
16	26	12.0
16	27	7.0
16	28	7.0
16	29	10.0
16	30	7.0
16	31	6.0
16	32	5.0
16	33	7.0
16	35	2.0
16	36	6.0
16	37	2.0
16	38	5.0
16	39	3.0
16	40	5.0
16	41	5.0
16	42	10.0
16	43	7.0
16	44	5.0
16	45	7.0
16	46	3.0
16	47	13.0
16	48	9.0
16	49	18.0
16	50	7.0
16	51	13.0
16	52	11.0
16	53	7.0
16	54	6.0
16	55	7.0
16	56	6.0
16	57	5.0
16	58	5.0
16	59	14.0
16	60	12.0
16	61	14.0
16	62	6.0
16	63	11.0
16	64	5.0
16	65	6.0
16	66	10.0
16	67	3.0
16	68	6.0
16	69	1.0
16	70	9.0
16	71	11.0
16	72	4.0
16	73	8.0
16	74	10.0
16	75	5.0
16	76	7.0
16	77	4.0
16	78	6.0
16	79	7.0
16	80	12.0
16	81	5.0
16	82	3.0
16	83	4.0
16	84	9.0
16	85	8.0
16	86	6.0
16	87	4.0
16	88	8.0
16	89	5.0
16	90	7.0
16	91	2.0
16	92	6.0
16	93	2.0
16	94	4.0
16	95	5.0
16	96	4.0
16	97	1.0
16	98	3.0
16	99	3.0
16	100	6.0
16	101	5.0
16	102	6.0
16	103	5.0
16	104	4.0
16	105	5.0
16	106	6.0
16	107	8.0
16	108	11.0
16	109	7.0
16	110	7.0
16	111	3.0
16	112	6.0
16	113	8.0
16	114	4.0
16	115	5.0
16	116	6.0
16	117	8.0
16	118	5.0
16	119	4.0
16	120	8.0
16	121	7.0
16	122	5.0
17	18	110.0
17	19	102.0
17	20	44.0
17	21	29.0
17	22	25.0
17	23	25.0
17	24	17.0
17	25	10.0
17	26	6.0
17	27	7.0
17	28	9.0
17	29	16.0
17	30	9.0
17	31	6.0
17	32	5.0
17	33	2.0
17	34	3.0
17	35	2.0
17	36	6.0
17	37	4.0
17	38	6.0
17	39	5.0
17	40	3.0
17	41	8.0
17	42	2.0
17	43	4.0
17	44	8.0
17	45	4.0
17	46	8.0
17	47	7.0
17	48	7.0
17	49	13.0
17	50	6.0
17	51	9.0
17	52	17.0
17	53	9.0
17	54	10.0
17	55	4.0
17	56	9.0
17	57	8.0
17	58	12.0
17	59	12.0
17	60	10.0
17	61	4.0
17	62	8.0
17	63	8.0
17	64	6.0
17	65	12.0
17	66	4.0
17	67	8.0
17	68	4.0
17	69	6.0
17	70	11.0
17	71	11.0
17	72	3.0
17	73	8.0
17	74	9.0
17	75	5.0
17	76	8.0
17	77	10.0
17	78	6.0
17	79	9.0
17	80	7.0
17	81	6.0
17	82	6.0
17	83	1.0
17	84	6.0
17	85	8.0
17	86	1.0
17	87	1.0
17	88	2.0
17	89	6.0
17	90	3.0
17	91	4.0
17	92	3.0
17	93	7.0
17	94	6.0
17	95	5.0
17	96	2.0
17	97	7.0
17	98	3.0
17	99	6.0
17	100	2.0
17	101	2.0
17	102	7.0
17	103	6.0
17	104	5.0
17	105	4.0
17	106	9.0
17	107	5.0
17	108	8.0
17	109	5.0
17	110	8.0
17	111	7.0
17	112	6.0
17	113	3.0
17	114	6.0
17	115	5.0
17	116	10.0
17	117	3.0
17	118	5.0
17	119	8.0
17	120	8.0
17	121	4.0
17	122	4.0
18	19	49.0
18	20	28.0
18	21	25.0
18	22	14.0
18	23	22.0
18	24	17.0
18	25	14.0
18	26	5.0
18	27	11.0
18	28	11.0
18	29	8.0
18	30	5.0
18	31	6.0
18	32	4.0
18	33	1.0
18	34	5.0
18	35	7.0
18	36	6.0
18	37	2.0
18	38	2.0
18	39	8.0
18	40	5.0
18	41	6.0
18	42	3.0
18	43	5.0
18	44	8.0
18	45	4.0
18	46	7.0
18	47	7.0
18	48	13.0
18	49	9.0
18	50	12.0
18	51	17.0
18	52	10.0
18	53	14.0
18	54	9.0
18	55	7.0
18	56	11.0
18	57	10.0
18	58	6.0
18	59	9.0
18	60	11.0
18	61	12.0
18	62	6.0
18	63	9.0
18	64	8.0
18	65	6.0
18	66	7.0
18	67	7.0
18	68	7.0
18	69	5.0
18	70	5.0
18	71	4.0
18	72	5.0
18	73	11.0
18	74	15.0
18	75	6.0
18	76	6.0
18	77	9.0
18	78	8.0
18	79	7.0
18	80	3.0
18	81	2.0
18	82	7.0
18	83	4.0
18	84	5.0
18	85	5.0
18	86	3.0
18	87	2.0
18	88	3.0
18	89	4.0
18	90	6.0
18	91	5.0
18	92	6.0
18	93	8.0
18	94	7.0
18	95	6.0
18	96	2.0
18	97	7.0
18	98	4.0
18	99	3.0
18	100	2.0
18	101	4.0
18	102	6.0
18	103	3.0
18	104	6.0
18	105	8.0
18	106	4.0
18	107	4.0
18	108	8.0
18	109	3.0
18	110	6.0
18	111	2.0
18	112	2.0
18	113	6.0
18	114	3.0
18	115	11.0
18	116	7.0
18	117	6.0
18	118	7.0
18	119	4.0
18	120	10.0
18	121	4.0
18	122	11.0
19	20	62.0
19	21	20.0
19	22	16.0
19	23	12.0
19	24	14.0
19	25	11.0
19	26	11.0
19	27	8.0
19	28	11.0
19	29	6.0
19	30	12.0
19	31	10.0
19	32	7.0
19	33	1.0
19	34	5.0
19	35	5.0
19	36	3.0
19	37	1.0
19	38	2.0
19	39	5.0
19	40	4.0
19	41	7.0
19	42	8.0
19	43	5.0
19	44	4.0
19	45	4.0
19	46	7.0
19	47	8.0
19	48	11.0
19	49	6.0
19	50	14.0
19	51	11.0
19	52	14.0
19	53	16.0
19	54	7.0
19	55	8.0
19	56	5.0
19	57	14.0
19	58	8.0
19	59	8.0
19	60	4.0
19	61	11.0
19	62	9.0
19	63	4.0
19	64	7.0
19	65	11.0
19	66	5.0
19	67	5.0
19	68	10.0
19	69	5.0
19	70	11.0
19	71	8.0
19	72	6.0
19	73	4.0
19	74	5.0
19	75	4.0
19	76	9.0
19	77	9.0
19	78	10.0
19	79	6.0
19	80	5.0
19	81	11.0
19	82	3.0
19	83	4.0
19	84	9.0
19	85	5.0
19	86	3.0
19	87	6.0
19	88	6.0
19	89	7.0
19	90	2.0
19	91	4.0
19	92	3.0
19	93	3.0
19	94	6.0
19	95	6.0
19	96	3.0
19	97	6.0
19	98	5.0
19	99	2.0
19	100	7.0
19	101	3.0
19	102	2.0
19	103	4.0
19	104	2.0
19	105	8.0
19	106	4.0
19	107	9.0
19	108	6.0
19	109	5.0
19	110	2.0
19	111	2.0
19	112	6.0
19	113	4.0
19	114	8.0
19	115	4.0
19	116	3.0
19	117	6.0
19	118	6.0
19	119	7.0
19	120	4.0
19	121	2.0
19	122	4.0
20	21	58.0
20	22	28.0
20	23	26.0
20	24	18.0
20	25	15.0
20	26	7.0
20	27	9.0
20	28	8.0
20	29	11.0
20	30	6.0
20	31	8.0
20	32	4.0
20	33	4.0
20	34	5.0
20	35	3.0
20	36	5.0
20	37	3.0
20	38	2.0
20	39	5.0
20	40	7.0
20	41	10.0
20	42	6.0
20	43	4.0
20	44	6.0
20	45	7.0
20	46	7.0
20	47	9.0
20	48	10.0
20	49	7.0
20	50	9.0
20	51	17.0
20	52	12.0
20	53	13.0
20	54	11.0
20	55	10.0
20	56	5.0
20	57	3.0
20	58	8.0
20	59	11.0
20	60	7.0
20	61	13.0
20	62	9.0
20	63	8.0
20	64	4.0
20	65	3.0
20	66	4.0
20	67	11.0
20	68	12.0
20	69	12.0
20	70	3.0
20	71	10.0
20	72	6.0
20	73	9.0
20	74	5.0
20	75	5.0
20	76	8.0
20	77	10.0
20	78	4.0
20	79	4.0
20	80	3.0
20	81	10.0
20	82	6.0
20	83	7.0
20	84	9.0
20	85	3.0
20	86	4.0
20	87	4.0
20	88	6.0
20	89	4.0
20	90	7.0
20	91	6.0
20	92	7.0
20	93	4.0
20	94	6.0
20	95	6.0
20	96	4.0
20	97	6.0
20	98	5.0
20	99	1.0
20	100	8.0
20	101	7.0
20	102	4.0
20	103	3.0
20	104	4.0
20	105	4.0
20	106	2.0
20	107	7.0
20	108	4.0
20	109	6.0
20	110	3.0
20	111	5.0
20	112	2.0
20	113	7.0
20	114	7.0
20	115	2.0
20	116	4.0
20	117	10.0
20	118	4.0
20	119	6.0
20	120	3.0
20	121	8.0
20	122	9.0
21	22	47.0
21	23	29.0
21	24	34.0
21	25	21.0
21	26	15.0
21	27	13.0
21	28	8.0
21	29	8.0
21	30	12.0
21	31	7.0
21	32	3.0
21	33	2.0
21	34	3.0
21	35	5.0
21	37	4.0
21	38	6.0
21	39	6.0
21	40	8.0
21	41	10.0
21	42	6.0
21	43	3.0
21	44	5.0
21	45	6.0
21	46	6.0
21	47	14.0
21	48	11.0
21	49	13.0
21	50	14.0
21	51	8.0
21	52	20.0
21	53	13.0
21	54	13.0
21	55	12.0
21	56	5.0
21	57	8.0
21	58	6.0
21	59	12.0
21	60	10.0
21	61	4.0
21	62	8.0
21	63	8.0
21	64	7.0
21	65	4.0
21	66	8.0
21	67	4.0
21	68	5.0
21	69	10.0
21	70	8.0
21	71	3.0
21	72	4.0
21	73	6.0
21	74	6.0
21	75	10.0
21	76	8.0
21	77	5.0
21	78	10.0
21	79	6.0
21	80	4.0
21	81	10.0
21	82	4.0
21	83	7.0
21	84	4.0
21	85	10.0
21	86	2.0
21	87	9.0
21	88	5.0
21	89	3.0
21	90	5.0
21	91	10.0
21	92	5.0
21	93	5.0
21	94	7.0
21	95	2.0
21	96	4.0
21	97	2.0
21	98	3.0
21	99	7.0
21	100	6.0
21	101	3.0
21	102	6.0
21	103	1.0
21	104	4.0
21	105	1.0
21	106	7.0
21	107	5.0
21	109	3.0
21	110	3.0
21	111	2.0
21	112	4.0
21	113	5.0
21	114	8.0
21	115	4.0
21	116	7.0
21	117	8.0
21	118	4.0
21	119	12.0
21	120	5.0
21	121	7.0
21	122	5.0
22	23	75.0
22	24	51.0
22	25	28.0
22	26	19.0
22	27	13.0
22	28	16.0
22	29	17.0
22	30	17.0
22	31	9.0
22	32	7.0
22	33	3.0
22	34	4.0
22	35	3.0
22	36	2.0
22	37	1.0
22	38	3.0
22	39	7.0
22	40	9.0
22	41	13.0
22	42	5.0
22	43	12.0
22	44	11.0
22	45	4.0
22	46	13.0
22	47	9.0
22	48	16.0
22	49	14.0
22	50	16.0
22	51	14.0
22	52	14.0
22	53	16.0
22	54	12.0
22	55	14.0
22	56	14.0
22	57	9.0
22	58	9.0
22	59	9.0
22	60	10.0
22	61	5.0
22	62	6.0
22	63	5.0
22	64	15.0
22	65	5.0
22	66	5.0
22	67	6.0
22	68	7.0
22	69	7.0
22	70	9.0
22	71	3.0
22	72	6.0
22	73	11.0
22	74	8.0
22	75	10.0
22	76	6.0
22	77	10.0
22	78	5.0
22	79	6.0
22	80	8.0
22	81	4.0
22	82	4.0
22	83	7.0
22	84	2.0
22	85	5.0
22	86	4.0
22	87	6.0
22	88	4.0
22	89	3.0
22	90	5.0
22	91	6.0
22	92	7.0
22	93	1.0
22	94	2.0
22	95	3.0
22	96	4.0
22	97	1.0
22	98	2.0
22	99	3.0
22	100	1.0
22	101	9.0
22	102	5.0
22	103	6.0
22	105	1.0
22	106	2.0
22	107	8.0
22	108	10.0
22	109	3.0
22	110	2.0
22	111	6.0
22	112	3.0
22	113	2.0
22	114	8.0
22	115	4.0
22	116	7.0
22	117	6.0
22	118	2.0
22	119	3.0
22	120	7.0
22	121	5.0
23	24	68.0
23	25	21.0
23	26	17.0
23	27	19.0
23	28	16.0
23	29	10.0
23	30	11.0
23	31	8.0
23	32	6.0
23	33	8.0
23	34	5.0
23	35	5.0
23	36	1.0
23	37	3.0
23	38	10.0
23	39	8.0
23	40	8.0
23	41	10.0
23	42	10.0
23	43	4.0
23	44	4.0
23	45	3.0
23	46	2.0
23	47	7.0
23	48	11.0
23	49	12.0
23	50	9.0
23	51	12.0
23	52	11.0
23	53	8.0
23	54	8.0
23	55	13.0
23	56	15.0
23	57	10.0
23	58	8.0
23	59	13.0
23	60	7.0
23	61	7.0
23	62	6.0
23	63	9.0
23	64	8.0
23	65	4.0
23	66	5.0
23	67	8.0
23	68	4.0
23	69	7.0
23	70	4.0
23	71	6.0
23	72	5.0
23	73	3.0
23	74	7.0
23	75	8.0
23	76	6.0
23	77	10.0
23	78	7.0
23	79	5.0
23	80	6.0
23	81	4.0
23	82	4.0
23	83	4.0
23	84	8.0
23	85	7.0
23	86	4.0
23	87	4.0
23	88	3.0
23	89	5.0
23	90	3.0
23	91	2.0
23	92	2.0
23	93	5.0
23	94	2.0
23	95	6.0
23	96	3.0
23	97	3.0
23	98	2.0
23	99	5.0
23	100	3.0
23	101	6.0
23	102	4.0
23	103	1.0
23	104	4.0
23	105	3.0
23	107	5.0
23	108	2.0
23	109	3.0
23	110	5.0
23	111	8.0
23	112	3.0
23	113	6.0
23	114	3.0
23	115	8.0
23	116	8.0
23	117	4.0
23	118	5.0
23	119	11.0
23	120	5.0
23	121	6.0
23	122	7.0
24	25	39.0
24	26	16.0
24	27	16.0
24	28	13.0
24	29	21.0
24	30	10.0
24	31	9.0
24	32	5.0
24	33	3.0
24	34	2.0
24	35	4.0
24	36	3.0
24	37	6.0
24	38	4.0
24	39	4.0
24	40	5.0
24	41	10.0
24	42	9.0
24	43	7.0
24	44	5.0
24	45	9.0
24	46	8.0
24	47	11.0
24	48	11.0
24	49	12.0
24	50	16.0
24	51	11.0
24	52	16.0
24	53	11.0
24	54	6.0
24	55	9.0
24	56	9.0
24	57	9.0
24	58	8.0
24	59	5.0
24	60	7.0
24	61	11.0
24	62	9.0
24	63	4.0
24	64	7.0
24	65	5.0
24	66	6.0
24	67	7.0
24	68	9.0
24	69	7.0
24	70	9.0
24	71	5.0
24	72	7.0
24	73	5.0
24	74	7.0
24	75	3.0
24	76	5.0
24	77	10.0
24	78	8.0
24	79	3.0
24	80	4.0
24	81	4.0
24	82	4.0
24	83	2.0
24	84	3.0
24	85	5.0
24	86	5.0
24	87	5.0
24	88	2.0
24	89	4.0
24	90	1.0
24	91	6.0
24	92	2.0
24	93	1.0
24	94	3.0
24	95	3.0
24	96	3.0
24	97	5.0
24	98	4.0
24	99	2.0
24	100	6.0
24	101	3.0
24	102	2.0
24	103	5.0
24	104	4.0
24	105	3.0
24	106	4.0
24	107	3.0
24	108	5.0
24	109	5.0
24	110	3.0
24	111	9.0
24	112	3.0
24	113	3.0
24	114	3.0
24	115	4.0
24	116	10.0
24	117	6.0
24	118	3.0
24	119	5.0
24	120	6.0
24	121	5.0
24	122	6.0
25	26	37.0
25	27	23.0
25	28	27.0
25	29	30.0
25	30	24.0
25	31	6.0
25	32	11.0
25	33	6.0
25	34	7.0
25	35	4.0
25	36	2.0
25	37	3.0
25	38	7.0
25	39	9.0
25	40	6.0
25	41	9.0
25	42	7.0
25	43	15.0
25	44	8.0
25	45	8.0
25	46	8.0
25	47	8.0
25	48	15.0
25	49	15.0
25	50	19.0
25	51	18.0
25	52	11.0
25	53	12.0
25	54	12.0
25	55	14.0
25	56	11.0
25	57	8.0
25	58	9.0
25	59	5.0
25	60	11.0
25	61	4.0
25	62	3.0
25	63	9.0
25	64	6.0
25	65	6.0
25	66	6.0
25	67	8.0
25	68	7.0
25	69	7.0
25	70	5.0
25	71	8.0
25	72	6.0
25	73	6.0
25	74	4.0
25	75	6.0
25	76	6.0
25	77	5.0
25	78	8.0
25	79	5.0
25	80	4.0
25	81	5.0
25	82	4.0
25	83	1.0
25	84	6.0
25	85	3.0
25	86	2.0
25	87	5.0
25	88	5.0
25	89	4.0
25	90	5.0
25	91	6.0
25	92	2.0
25	93	1.0
25	94	2.0
25	95	4.0
25	96	5.0
25	97	4.0
25	98	5.0
25	99	2.0
25	100	6.0
25	101	6.0
25	102	1.0
25	103	7.0
25	104	1.0
25	105	9.0
25	106	5.0
25	107	4.0
25	108	6.0
25	109	5.0
25	110	6.0
25	111	2.0
25	112	2.0
25	113	6.0
25	114	5.0
25	115	3.0
25	116	1.0
25	117	8.0
25	118	6.0
25	119	6.0
25	120	6.0
25	121	2.0
25	122	5.0
26	27	37.0
26	28	24.0
26	29	26.0
26	30	17.0
26	31	7.0
26	32	7.0
26	33	7.0
26	34	6.0
26	35	3.0
26	37	3.0
26	38	6.0
26	39	5.0
26	40	4.0
26	41	13.0
26	42	4.0
26	43	7.0
26	44	13.0
26	45	12.0
26	46	16.0
26	47	19.0
26	48	23.0
26	49	14.0
26	50	19.0
26	51	22.0
26	52	19.0
26	53	15.0
26	54	9.0
26	55	14.0
26	56	8.0
26	57	13.0
26	58	5.0
26	59	11.0
26	60	7.0
26	61	7.0
26	62	2.0
26	63	7.0
26	64	15.0
26	65	3.0
26	66	10.0
26	67	5.0
26	68	4.0
26	69	5.0
26	70	5.0
26	71	6.0
26	72	4.0
26	73	3.0
26	75	4.0
26	76	4.0
26	77	5.0
26	78	3.0
26	79	6.0
26	80	3.0
26	81	8.0
26	82	3.0
26	83	3.0
26	84	8.0
26	85	8.0
26	86	3.0
26	87	4.0
26	88	4.0
26	89	1.0
26	90	8.0
26	91	2.0
26	93	4.0
26	94	4.0
26	95	4.0
26	96	2.0
26	97	7.0
26	98	4.0
26	99	7.0
26	100	6.0
26	101	5.0
26	102	2.0
26	103	3.0
26	104	5.0
26	105	6.0
26	106	3.0
26	107	4.0
26	108	4.0
26	109	2.0
26	110	8.0
26	111	6.0
26	112	4.0
26	113	6.0
26	114	4.0
26	115	2.0
26	116	3.0
26	117	6.0
26	118	4.0
26	119	4.0
26	120	8.0
26	121	6.0
26	122	5.0
27	28	38.0
27	29	23.0
27	30	11.0
27	31	6.0
27	32	8.0
27	33	5.0
27	34	3.0
27	35	6.0
27	36	2.0
27	37	3.0
27	38	6.0
27	39	5.0
27	40	12.0
27	41	8.0
27	42	11.0
27	43	12.0
27	44	13.0
27	45	7.0
27	46	16.0
27	47	24.0
27	48	21.0
27	49	23.0
27	50	16.0
27	51	22.0
27	52	9.0
27	53	15.0
27	54	9.0
27	55	8.0
27	56	15.0
27	57	15.0
27	58	8.0
27	59	8.0
27	60	7.0
27	61	4.0
27	62	5.0
27	63	6.0
27	64	10.0
27	65	6.0
27	66	4.0
27	67	4.0
27	68	7.0
27	69	2.0
27	70	4.0
27	71	11.0
27	72	5.0
27	73	5.0
27	74	5.0
27	76	4.0
27	77	5.0
27	78	7.0
27	79	5.0
27	80	6.0
27	81	3.0
27	82	5.0
27	83	7.0
27	84	6.0
27	85	4.0
27	86	6.0
27	87	4.0
27	88	3.0
27	89	3.0
27	90	1.0
27	91	4.0
27	92	1.0
27	93	3.0
27	94	6.0
27	95	7.0
27	96	3.0
27	97	1.0
27	98	5.0
27	99	4.0
27	100	4.0
27	101	5.0
27	102	2.0
27	103	4.0
27	104	5.0
27	105	4.0
27	106	7.0
27	107	5.0
27	108	7.0
27	109	2.0
27	110	5.0
27	111	6.0
27	112	8.0
27	113	4.0
27	114	6.0
27	115	4.0
27	116	4.0
27	117	9.0
27	118	4.0
27	119	6.0
27	120	3.0
27	121	3.0
27	122	6.0
28	29	55.0
28	30	23.0
28	31	12.0
28	32	10.0
28	33	8.0
28	34	3.0
28	35	10.0
28	36	7.0
28	37	4.0
28	38	7.0
28	39	8.0
28	40	13.0
28	41	16.0
28	42	16.0
28	43	9.0
28	44	10.0
28	45	11.0
28	46	8.0
28	47	9.0
28	48	16.0
28	49	12.0
28	50	10.0
28	51	13.0
28	52	10.0
28	53	11.0
28	54	8.0
28	55	4.0
28	56	9.0
28	57	7.0
28	58	16.0
28	59	10.0
28	60	10.0
28	61	9.0
28	62	3.0
28	63	7.0
28	64	5.0
28	65	7.0
28	66	2.0
28	67	4.0
28	68	1.0
28	69	7.0
28	70	4.0
28	71	6.0
28	72	5.0
28	73	6.0
28	74	5.0
28	75	5.0
28	76	5.0
28	77	4.0
28	78	1.0
28	79	6.0
28	80	4.0
28	81	3.0
28	82	7.0
28	83	4.0
28	84	5.0
28	85	2.0
28	86	1.0
28	87	5.0
28	88	4.0
28	89	2.0
28	90	4.0
28	91	7.0
28	92	2.0
28	93	7.0
28	94	7.0
28	95	2.0
28	96	7.0
28	97	2.0
28	98	2.0
28	99	4.0
28	100	5.0
28	101	6.0
28	102	3.0
28	103	2.0
28	104	4.0
28	105	5.0
28	106	2.0
28	107	6.0
28	108	1.0
28	109	4.0
28	110	2.0
28	111	3.0
28	112	9.0
28	113	4.0
28	114	5.0
28	115	8.0
28	116	4.0
28	118	7.0
28	119	3.0
28	120	4.0
28	121	6.0
28	122	6.0
29	30	62.0
29	31	12.0
29	32	10.0
29	33	4.0
29	34	4.0
29	35	3.0
29	36	7.0
29	37	5.0
29	38	8.0
29	39	4.0
29	40	11.0
29	41	8.0
29	42	10.0
29	43	10.0
29	44	10.0
29	45	8.0
29	46	10.0
29	47	4.0
29	48	6.0
29	49	11.0
29	50	8.0
29	51	18.0
29	52	11.0
29	53	5.0
29	54	6.0
29	55	8.0
29	56	5.0
29	57	3.0
29	58	14.0
29	59	5.0
29	60	5.0
29	61	2.0
29	62	10.0
29	63	4.0
29	64	3.0
29	65	11.0
29	66	6.0
29	67	2.0
29	68	8.0
29	69	6.0
29	70	3.0
29	71	5.0
29	72	7.0
29	73	5.0
29	74	5.0
29	75	3.0
29	76	7.0
29	77	3.0
29	78	3.0
29	79	3.0
29	80	4.0
29	81	5.0
29	82	2.0
29	83	9.0
29	84	6.0
29	85	2.0
29	86	4.0
29	87	4.0
29	88	3.0
29	89	3.0
29	90	5.0
29	91	6.0
29	92	1.0
29	93	3.0
29	94	4.0
29	95	4.0
29	96	2.0
29	97	6.0
29	98	8.0
29	99	6.0
29	100	4.0
29	101	3.0
29	102	5.0
29	103	5.0
29	104	4.0
29	105	5.0
29	106	5.0
29	107	10.0
29	108	4.0
29	109	4.0
29	110	4.0
29	111	6.0
29	112	5.0
29	113	5.0
29	114	2.0
29	115	5.0
29	116	3.0
29	117	8.0
29	118	2.0
29	119	1.0
29	120	4.0
29	121	8.0
29	122	2.0
30	31	22.0
30	32	13.0
30	33	12.0
30	34	9.0
30	35	2.0
30	36	7.0
30	37	10.0
30	38	6.0
30	39	8.0
30	40	11.0
30	41	12.0
30	42	12.0
30	43	7.0
30	44	7.0
30	45	7.0
30	46	4.0
30	47	3.0
30	48	9.0
30	49	7.0
30	50	9.0
30	51	8.0
30	52	11.0
30	53	8.0
30	54	5.0
30	55	5.0
30	56	10.0
30	57	9.0
30	58	8.0
30	59	3.0
30	60	7.0
30	61	3.0
30	62	4.0
30	63	4.0
30	64	5.0
30	65	1.0
30	66	5.0
30	67	4.0
30	68	3.0
30	69	6.0
30	70	2.0
30	71	7.0
30	72	6.0
30	73	2.0
30	74	1.0
30	75	3.0
30	76	2.0
30	77	1.0
30	78	4.0
30	79	3.0
30	80	5.0
30	81	8.0
30	82	2.0
30	83	5.0
30	84	5.0
30	85	5.0
30	86	6.0
30	87	2.0
30	88	2.0
30	90	3.0
30	91	7.0
30	92	4.0
30	93	2.0
30	94	2.0
30	96	3.0
30	97	1.0
30	98	4.0
30	99	6.0
30	100	3.0
30	101	5.0
30	102	1.0
30	103	3.0
30	104	2.0
30	105	3.0
30	106	3.0
30	107	5.0
30	108	3.0
30	109	3.0
30	110	3.0
30	111	3.0
30	112	2.0
30	113	3.0
30	114	7.0
30	115	3.0
30	116	2.0
30	117	4.0
30	118	4.0
30	119	3.0
30	120	1.0
30	121	12.0
30	122	6.0
31	32	24.0
31	33	12.0
31	34	11.0
31	35	7.0
31	36	9.0
31	37	11.0
31	38	10.0
31	39	19.0
31	40	30.0
31	41	28.0
31	42	11.0
31	43	11.0
31	44	4.0
31	45	1.0
31	46	6.0
31	47	6.0
31	48	6.0
31	49	10.0
31	50	6.0
31	51	8.0
31	52	8.0
31	53	3.0
31	54	4.0
31	55	5.0
31	56	11.0
31	57	4.0
31	58	4.0
31	59	6.0
31	60	5.0
31	61	4.0
31	62	8.0
31	63	2.0
31	64	7.0
31	65	2.0
31	66	4.0
31	67	3.0
31	68	2.0
31	69	8.0
31	70	2.0
31	71	2.0
31	72	5.0
31	73	4.0
31	74	3.0
31	75	7.0
31	76	6.0
31	77	3.0
31	78	4.0
31	79	1.0
31	80	8.0
31	81	3.0
31	82	2.0
31	83	3.0
31	84	4.0
31	85	1.0
31	86	4.0
31	87	1.0
31	88	2.0
31	89	4.0
31	90	5.0
31	91	1.0
31	92	3.0
31	93	1.0
31	94	2.0
31	96	2.0
31	97	2.0
31	98	3.0
31	99	6.0
31	101	2.0
31	102	2.0
31	103	2.0
31	104	2.0
31	105	4.0
31	106	4.0
31	107	5.0
31	108	5.0
31	109	2.0
31	110	4.0
31	111	2.0
31	112	1.0
31	113	2.0
31	114	3.0
31	115	3.0
31	116	6.0
31	117	6.0
31	118	1.0
31	119	2.0
31	120	6.0
31	121	3.0
31	122	6.0
32	33	29.0
32	34	11.0
32	35	8.0
32	36	11.0
32	37	9.0
32	38	24.0
32	39	37.0
32	40	30.0
32	41	8.0
32	42	8.0
32	43	9.0
32	44	5.0
32	45	2.0
32	46	3.0
32	47	3.0
32	48	7.0
32	49	6.0
32	50	13.0
32	51	6.0
32	52	5.0
32	53	8.0
32	54	5.0
32	55	4.0
32	56	8.0
32	57	6.0
32	58	7.0
32	59	3.0
32	60	1.0
32	61	4.0
32	62	6.0
32	63	6.0
32	64	5.0
32	65	5.0
32	66	7.0
32	67	5.0
32	68	2.0
32	69	1.0
32	70	6.0
32	71	2.0
32	72	5.0
32	73	1.0
32	74	3.0
32	75	6.0
32	76	5.0
32	77	3.0
32	78	2.0
32	79	1.0
32	80	1.0
32	81	3.0
32	83	3.0
32	85	4.0
32	86	2.0
32	87	4.0
32	88	3.0
32	90	2.0
32	91	3.0
32	92	4.0
32	93	3.0
32	94	2.0
32	95	3.0
32	96	5.0
32	98	2.0
32	99	4.0
32	100	6.0
32	101	1.0
32	102	4.0
32	103	3.0
32	104	1.0
32	105	1.0
32	106	3.0
32	107	1.0
32	108	1.0
32	109	6.0
32	110	4.0
32	111	4.0
32	113	3.0
32	115	3.0
32	116	5.0
32	117	2.0
32	118	2.0
32	119	2.0
32	120	3.0
32	121	4.0
32	122	2.0
33	34	26.0
33	35	18.0
33	36	11.0
33	37	26.0
33	38	112.0
33	39	28.0
33	40	16.0
33	41	9.0
33	42	9.0
33	43	6.0
33	44	11.0
33	45	3.0
33	46	8.0
33	47	2.0
33	48	6.0
33	49	4.0
33	50	8.0
33	51	7.0
33	52	6.0
33	53	4.0
33	54	4.0
33	55	2.0
33	56	2.0
33	57	5.0
33	58	6.0
33	59	6.0
33	60	5.0
33	61	1.0
33	62	2.0
33	63	3.0
33	64	4.0
33	65	2.0
33	66	4.0
33	67	3.0
33	68	2.0
33	69	4.0
33	70	1.0
33	71	4.0
33	72	3.0
33	73	1.0
33	74	1.0
33	75	2.0
33	76	3.0
33	77	3.0
33	78	1.0
33	79	3.0
33	80	5.0
33	81	1.0
33	82	1.0
33	83	2.0
33	84	2.0
33	85	4.0
33	86	3.0
33	87	2.0
33	88	4.0
33	89	3.0
33	90	3.0
33	91	4.0
33	92	3.0
33	94	4.0
33	95	2.0
33	96	2.0
33	97	1.0
33	98	4.0
33	100	4.0
33	101	3.0
33	102	2.0
33	103	2.0
33	104	1.0
33	105	3.0
33	106	3.0
33	107	4.0
33	108	4.0
33	109	3.0
33	110	1.0
33	111	1.0
33	112	2.0
33	113	1.0
33	114	5.0
33	115	2.0
33	116	4.0
33	117	1.0
33	118	5.0
33	119	3.0
33	120	1.0
33	121	7.0
33	122	1.0
34	35	26.0
34	36	27.0
34	37	169.0
34	38	34.0
34	39	15.0
34	40	2.0
34	41	10.0
34	42	10.0
34	43	9.0
34	44	7.0
34	45	2.0
34	46	6.0
34	47	8.0
34	48	3.0
34	49	6.0
34	50	2.0
34	52	1.0
34	53	6.0
34	54	4.0
34	55	2.0
34	56	3.0
34	57	2.0
34	58	2.0
34	59	2.0
34	60	3.0
34	61	8.0
34	62	4.0
34	63	4.0
34	64	1.0
34	65	3.0
34	66	1.0
34	67	4.0
34	68	6.0
34	69	1.0
34	70	1.0
34	72	1.0
34	73	2.0
34	74	4.0
34	75	3.0
34	76	2.0
34	77	2.0
34	78	1.0
34	80	3.0
34	81	3.0
34	82	1.0
34	83	2.0
34	84	1.0
34	85	4.0
34	87	3.0
34	88	4.0
34	89	3.0
34	91	5.0
34	93	1.0
34	95	2.0
34	98	3.0
34	99	3.0
34	100	1.0
34	101	3.0
34	102	4.0
34	103	3.0
34	104	2.0
34	106	3.0
34	107	3.0
34	108	4.0
34	109	4.0
34	111	1.0
34	113	2.0
34	114	4.0
34	115	2.0
34	116	3.0
34	117	4.0
34	118	1.0
34	119	5.0
34	120	3.0
34	121	1.0
34	122	4.0
35	36	169.0
35	37	28.0
35	38	13.0
35	39	10.0
35	40	8.0
35	41	6.0
35	42	3.0
35	43	6.0
35	44	6.0
35	45	6.0
35	46	3.0
35	47	4.0
35	48	6.0
35	49	5.0
35	50	4.0
35	51	9.0
35	52	3.0
35	53	3.0
35	54	4.0
35	55	2.0
35	56	2.0
35	57	3.0
35	58	7.0
35	59	4.0
35	60	4.0
35	61	2.0
35	62	9.0
35	63	4.0
35	64	3.0
35	65	1.0
35	66	1.0
35	67	2.0
35	68	2.0
35	69	4.0
35	70	2.0
35	71	5.0
35	72	3.0
35	73	2.0
35	74	4.0
35	75	3.0
35	76	2.0
35	77	1.0
35	78	1.0
35	79	1.0
35	80	3.0
35	81	2.0
35	83	4.0
35	84	3.0
35	85	2.0
35	86	1.0
35	87	2.0
35	88	1.0
35	89	3.0
35	90	3.0
35	91	1.0
35	92	2.0
35	93	1.0
35	94	1.0
35	95	2.0
35	96	1.0
35	97	1.0
35	98	4.0
35	99	5.0
35	100	3.0
35	101	2.0
35	102	2.0
35	103	2.0
35	104	2.0
35	105	3.0
35	106	3.0
35	107	2.0
35	108	2.0
35	109	1.0
35	110	4.0
35	111	1.0
35	112	3.0
35	113	1.0
35	114	2.0
35	115	5.0
35	116	2.0
35	117	4.0
35	118	2.0
35	119	3.0
35	120	1.0
35	121	4.0
35	122	1.0
36	37	24.0
36	38	13.0
36	39	7.0
36	40	6.0
36	41	8.0
36	42	6.0
36	43	5.0
36	44	2.0
36	45	3.0
36	46	1.0
36	48	3.0
36	49	4.0
36	50	3.0
36	51	5.0
36	52	5.0
36	53	2.0
36	54	4.0
36	55	3.0
36	56	4.0
36	57	4.0
36	58	2.0
36	59	2.0
36	60	3.0
36	61	4.0
36	62	5.0
36	63	4.0
36	64	3.0
36	65	2.0
36	66	4.0
36	67	5.0
36	68	4.0
36	69	2.0
36	70	3.0
36	72	2.0
36	74	2.0
36	75	6.0
36	76	3.0
36	77	2.0
36	78	3.0
36	80	6.0
36	82	5.0
36	83	1.0
36	84	1.0
36	86	5.0
36	87	1.0
36	88	2.0
36	89	2.0
36	91	1.0
36	92	3.0
36	93	4.0
36	94	1.0
36	95	2.0
36	96	2.0
36	97	1.0
36	99	2.0
36	100	2.0
36	101	4.0
36	103	3.0
36	104	4.0
36	106	4.0
36	107	3.0
36	109	1.0
36	110	2.0
36	111	2.0
36	112	3.0
36	113	3.0
36	114	2.0
36	115	4.0
36	116	1.0
36	117	3.0
36	118	3.0
36	119	2.0
36	120	1.0
36	121	2.0
36	122	3.0
37	38	31.0
37	39	18.0
37	40	19.0
37	41	11.0
37	42	9.0
37	43	8.0
37	44	4.0
37	45	1.0
37	46	4.0
37	47	7.0
37	48	2.0
37	49	6.0
37	50	5.0
37	51	4.0
37	52	5.0
37	53	2.0
37	54	5.0
37	55	4.0
37	56	1.0
37	57	3.0
37	58	6.0
37	59	1.0
37	60	6.0
37	61	2.0
37	62	2.0
37	63	2.0
37	64	1.0
37	65	2.0
37	66	2.0
37	67	3.0
37	68	5.0
37	69	4.0
37	70	3.0
37	71	3.0
37	73	2.0
37	74	4.0
37	75	5.0
37	76	2.0
37	77	4.0
37	78	3.0
37	79	2.0
37	80	2.0
37	82	2.0
37	84	1.0
37	85	3.0
37	86	2.0
37	87	1.0
37	88	3.0
37	89	2.0
37	90	4.0
37	91	2.0
37	92	5.0
37	93	2.0
37	94	2.0
37	95	2.0
37	96	4.0
37	97	3.0
37	99	2.0
37	100	2.0
37	101	2.0
37	102	3.0
37	103	2.0
37	104	4.0
37	105	5.0
37	106	6.0
37	107	3.0
37	108	1.0
37	109	1.0
37	110	1.0
37	111	1.0
37	112	3.0
37	113	2.0
37	114	1.0
37	115	3.0
37	116	1.0
37	117	4.0
37	119	5.0
37	120	3.0
37	121	4.0
37	122	5.0
38	39	30.0
38	40	13.0
38	41	16.0
38	42	11.0
38	43	8.0
38	44	4.0
38	45	5.0
38	46	4.0
38	47	6.0
38	48	7.0
38	49	3.0
38	50	4.0
38	51	5.0
38	52	6.0
38	53	3.0
38	54	5.0
38	55	6.0
38	56	4.0
38	57	5.0
38	59	2.0
38	60	5.0
38	61	2.0
38	62	2.0
38	63	2.0
38	64	11.0
38	65	7.0
38	67	5.0
38	68	3.0
38	69	1.0
38	71	3.0
38	72	1.0
38	73	3.0
38	74	2.0
38	75	5.0
38	76	4.0
38	77	6.0
38	78	3.0
38	79	2.0
38	80	1.0
38	81	2.0
38	82	4.0
38	83	5.0
38	84	5.0
38	85	2.0
38	87	2.0
38	88	2.0
38	89	3.0
38	90	4.0
38	91	3.0
38	92	2.0
38	93	6.0
38	94	3.0
38	95	5.0
38	96	5.0
38	97	3.0
38	98	4.0
38	100	1.0
38	101	7.0
38	102	2.0
38	104	3.0
38	105	2.0
38	106	1.0
38	107	1.0
38	108	4.0
38	109	5.0
38	111	2.0
38	112	3.0
38	113	2.0
38	114	3.0
38	115	5.0
38	116	3.0
38	117	2.0
38	118	3.0
38	119	6.0
38	120	2.0
38	121	5.0
38	122	3.0
39	40	32.0
39	41	16.0
39	42	9.0
39	43	9.0
39	44	6.0
39	45	8.0
39	46	4.0
39	47	7.0
39	48	6.0
39	49	5.0
39	50	6.0
39	51	8.0
39	52	5.0
39	53	3.0
39	54	5.0
39	55	4.0
39	57	6.0
39	58	2.0
39	59	3.0
39	60	3.0
39	61	4.0
39	62	3.0
39	63	3.0
39	64	2.0
39	65	2.0
39	66	2.0
39	67	4.0
39	68	4.0
39	69	3.0
39	70	3.0
39	71	3.0
39	72	8.0
39	73	5.0
39	74	2.0
39	75	3.0
39	76	7.0
39	77	4.0
39	78	3.0
39	79	2.0
39	80	2.0
39	81	3.0
39	82	5.0
39	83	2.0
39	84	3.0
39	85	2.0
39	86	4.0
39	87	7.0
39	88	5.0
39	89	1.0
39	91	1.0
39	92	2.0
39	93	3.0
39	94	2.0
39	95	3.0
39	96	4.0
39	97	2.0
39	98	2.0
39	99	3.0
39	100	3.0
39	101	4.0
39	102	2.0
39	104	3.0
39	105	5.0
39	106	4.0
39	107	1.0
39	108	1.0
39	109	4.0
39	110	4.0
39	111	4.0
39	112	4.0
39	113	4.0
39	114	5.0
39	115	6.0
39	116	6.0
39	117	4.0
39	118	4.0
39	119	6.0
39	120	2.0
39	121	3.0
39	122	4.0
40	41	16.0
40	42	24.0
40	43	9.0
40	44	9.0
40	45	7.0
40	46	2.0
40	47	13.0
40	48	5.0
40	49	4.0
40	50	8.0
40	51	9.0
40	52	15.0
40	53	4.0
40	54	3.0
40	55	8.0
40	56	2.0
40	57	5.0
40	58	5.0
40	59	5.0
40	60	4.0
40	61	3.0
40	62	8.0
40	63	5.0
40	64	3.0
40	65	5.0
40	66	3.0
40	67	2.0
40	68	3.0
40	69	3.0
40	70	5.0
40	71	5.0
40	72	3.0
40	73	3.0
40	74	3.0
40	75	4.0
40	76	1.0
40	77	1.0
40	78	4.0
40	79	1.0
40	80	3.0
40	81	2.0
40	82	5.0
40	83	3.0
40	84	2.0
40	85	3.0
40	86	3.0
40	87	3.0
40	88	1.0
40	89	3.0
40	90	2.0
40	91	5.0
40	92	2.0
40	93	4.0
40	94	2.0
40	95	3.0
40	96	3.0
40	97	3.0
40	98	4.0
40	99	4.0
40	100	1.0
40	101	3.0
40	102	5.0
40	103	3.0
40	104	4.0
40	105	3.0
40	106	3.0
40	107	4.0
40	108	4.0
40	109	2.0
40	111	3.0
40	112	1.0
40	113	6.0
40	115	3.0
40	117	5.0
40	118	2.0
40	119	3.0
40	120	7.0
40	121	5.0
40	122	3.0
41	42	23.0
41	43	12.0
41	44	13.0
41	45	13.0
41	46	7.0
41	47	6.0
41	48	11.0
41	49	9.0
41	50	13.0
41	51	5.0
41	52	4.0
41	53	5.0
41	54	9.0
41	55	4.0
41	56	6.0
41	57	4.0
41	58	5.0
41	59	4.0
41	60	6.0
41	61	3.0
41	62	5.0
41	63	2.0
41	64	4.0
41	65	3.0
41	66	9.0
41	67	4.0
41	68	3.0
41	69	6.0
41	70	5.0
41	71	4.0
41	72	9.0
41	73	7.0
41	74	7.0
41	75	2.0
41	76	6.0
41	77	2.0
41	78	5.0
41	79	2.0
41	80	5.0
41	81	4.0
41	82	3.0
41	83	3.0
41	84	2.0
41	85	3.0
41	86	5.0
41	87	3.0
41	88	6.0
41	89	4.0
41	90	5.0
41	91	4.0
41	92	7.0
41	93	5.0
41	94	2.0
41	95	3.0
41	96	5.0
41	97	4.0
41	98	6.0
41	99	6.0
41	100	4.0
41	101	3.0
41	102	2.0
41	103	1.0
41	104	1.0
41	105	2.0
41	106	3.0
41	107	4.0
41	108	2.0
41	109	4.0
41	110	3.0
41	111	3.0
41	112	3.0
41	113	2.0
41	114	2.0
41	115	4.0
41	116	5.0
41	117	1.0
41	118	2.0
41	119	2.0
41	120	1.0
41	121	3.0
41	122	6.0
42	43	31.0
42	44	15.0
42	45	12.0
42	46	11.0
42	47	5.0
42	48	14.0
42	49	10.0
42	50	10.0
42	51	5.0
42	52	6.0
42	53	5.0
42	54	6.0
42	55	4.0
42	56	3.0
42	57	5.0
42	58	4.0
42	59	3.0
42	60	4.0
42	61	1.0
42	62	6.0
42	63	1.0
42	64	3.0
42	65	6.0
42	66	2.0
42	67	5.0
42	68	5.0
42	69	1.0
42	70	4.0
42	71	11.0
42	72	4.0
42	73	1.0
42	74	2.0
42	75	3.0
42	76	2.0
42	77	1.0
42	78	2.0
42	79	2.0
42	80	1.0
42	81	6.0
42	82	2.0
42	83	1.0
42	84	4.0
42	85	2.0
42	86	2.0
42	87	1.0
42	88	3.0
42	89	2.0
42	90	3.0
42	91	4.0
42	92	3.0
42	93	4.0
42	94	1.0
42	95	2.0
42	96	5.0
42	97	7.0
42	98	4.0
42	99	3.0
42	100	1.0
42	101	4.0
42	102	2.0
42	103	5.0
42	104	2.0
42	105	5.0
42	106	4.0
42	107	2.0
42	108	2.0
42	109	3.0
42	110	3.0
42	111	2.0
42	112	5.0
42	113	4.0
42	114	3.0
42	115	3.0
42	116	3.0
42	117	8.0
42	118	4.0
42	119	4.0
42	120	4.0
42	121	4.0
42	122	3.0
43	44	24.0
43	45	6.0
43	46	9.0
43	47	9.0
43	48	6.0
43	49	7.0
43	50	7.0
43	51	6.0
43	52	5.0
43	53	14.0
43	54	6.0
43	55	12.0
43	56	2.0
43	57	5.0
43	58	6.0
43	59	6.0
43	60	2.0
43	61	8.0
43	62	9.0
43	63	4.0
43	64	5.0
43	66	6.0
43	67	3.0
43	68	2.0
43	69	4.0
43	70	4.0
43	71	4.0
43	72	8.0
43	73	4.0
43	74	4.0
43	75	2.0
43	76	4.0
43	77	4.0
43	78	3.0
43	79	1.0
43	80	4.0
43	81	1.0
43	82	7.0
43	83	3.0
43	84	1.0
43	85	4.0
43	86	3.0
43	87	4.0
43	88	3.0
43	89	1.0
43	90	4.0
43	91	2.0
43	92	3.0
43	94	1.0
43	95	2.0
43	96	5.0
43	97	3.0
43	99	1.0
43	100	1.0
43	102	2.0
43	103	2.0
43	104	3.0
43	105	4.0
43	106	2.0
43	107	3.0
43	110	2.0
43	111	2.0
43	112	3.0
43	113	5.0
43	114	2.0
43	115	6.0
43	116	4.0
43	117	3.0
43	118	2.0
43	119	4.0
43	120	1.0
43	121	9.0
43	122	4.0
44	45	26.0
44	46	13.0
44	47	7.0
44	48	11.0
44	49	7.0
44	50	8.0
44	51	11.0
44	52	9.0
44	53	5.0
44	54	14.0
44	55	11.0
44	56	7.0
44	57	2.0
44	58	9.0
44	59	4.0
44	60	4.0
44	61	7.0
44	62	3.0
44	63	9.0
44	64	5.0
44	65	6.0
44	66	4.0
44	67	4.0
44	68	4.0
44	69	2.0
44	70	4.0
44	71	3.0
44	72	9.0
44	73	5.0
44	74	5.0
44	75	4.0
44	76	2.0
44	77	6.0
44	78	6.0
44	79	4.0
44	80	5.0
44	81	5.0
44	82	4.0
44	83	7.0
44	84	2.0
44	85	4.0
44	86	4.0
44	87	5.0
44	88	2.0
44	89	6.0
44	90	1.0
44	91	1.0
44	92	5.0
44	93	2.0
44	94	2.0
44	95	2.0
44	96	2.0
44	97	3.0
44	98	6.0
44	99	3.0
44	100	4.0
44	101	3.0
44	102	2.0
44	103	1.0
44	104	3.0
44	105	3.0
44	106	1.0
44	107	4.0
44	108	2.0
44	109	4.0
44	110	4.0
44	111	2.0
44	112	5.0
44	113	5.0
44	114	3.0
44	115	4.0
44	116	7.0
44	117	4.0
44	118	4.0
44	119	2.0
44	120	5.0
44	121	3.0
44	122	1.0
45	46	23.0
45	47	12.0
45	48	12.0
45	49	11.0
45	50	11.0
45	51	16.0
45	52	8.0
45	53	7.0
45	54	10.0
45	55	11.0
45	56	12.0
45	57	9.0
45	58	14.0
45	59	5.0
45	60	6.0
45	61	10.0
45	62	8.0
45	63	3.0
45	64	14.0
45	65	6.0
45	66	1.0
45	67	4.0
45	68	4.0
45	69	5.0
45	70	7.0
45	71	8.0
45	72	3.0
45	73	2.0
45	74	5.0
45	75	3.0
45	76	7.0
45	77	6.0
45	78	6.0
45	79	2.0
45	80	7.0
45	81	3.0
45	82	5.0
45	83	4.0
45	84	10.0
45	85	1.0
45	86	5.0
45	87	4.0
45	88	2.0
45	89	4.0
45	90	5.0
45	91	5.0
45	92	4.0
45	93	9.0
45	94	4.0
45	95	1.0
45	96	4.0
45	97	3.0
45	98	5.0
45	99	2.0
45	100	4.0
45	101	6.0
45	102	1.0
45	103	4.0
45	104	6.0
45	105	6.0
45	106	2.0
45	107	4.0
45	108	2.0
45	109	1.0
45	110	4.0
45	111	3.0
45	112	7.0
45	113	4.0
45	114	3.0
45	115	6.0
45	116	6.0
45	117	7.0
45	118	2.0
45	119	3.0
45	120	2.0
45	121	8.0
46	47	28.0
46	48	15.0
46	49	15.0
46	50	8.0
46	51	10.0
46	52	15.0
46	53	4.0
46	54	9.0
46	55	8.0
46	56	16.0
46	57	9.0
46	58	6.0
46	59	8.0
46	60	8.0
46	61	16.0
46	62	11.0
46	63	9.0
46	64	8.0
46	65	12.0
46	66	9.0
46	67	5.0
46	68	6.0
46	69	5.0
46	70	4.0
46	71	6.0
46	72	4.0
46	73	7.0
46	74	5.0
46	75	4.0
46	76	5.0
46	77	3.0
46	78	5.0
46	79	3.0
46	80	10.0
46	81	4.0
46	82	3.0
46	83	4.0
46	84	5.0
46	85	8.0
46	86	5.0
46	87	3.0
46	88	3.0
46	89	2.0
46	90	4.0
46	91	2.0
46	92	1.0
46	93	2.0
46	94	8.0
46	95	6.0
46	96	3.0
46	97	5.0
46	98	3.0
46	99	3.0
46	100	4.0
46	101	1.0
46	102	3.0
46	103	7.0
46	104	6.0
46	105	4.0
46	106	3.0
46	107	2.0
46	108	3.0
46	109	6.0
46	110	4.0
46	111	9.0
46	112	2.0
46	113	5.0
46	114	5.0
46	115	4.0
46	116	2.0
46	117	5.0
46	118	1.0
46	119	4.0
46	120	3.0
46	121	3.0
46	122	1.0
47	48	16.0
47	49	14.0
47	50	8.0
47	51	16.0
47	52	20.0
47	53	15.0
47	54	14.0
47	55	15.0
47	56	25.0
47	57	8.0
47	58	9.0
47	59	7.0
47	60	8.0
47	61	14.0
47	62	12.0
47	63	5.0
47	64	6.0
47	65	6.0
47	66	3.0
47	67	4.0
47	68	7.0
47	69	2.0
47	70	6.0
47	71	3.0
47	72	3.0
47	73	4.0
47	74	5.0
47	75	9.0
47	76	6.0
47	77	5.0
47	78	4.0
47	79	6.0
47	80	6.0
47	81	1.0
47	82	7.0
47	83	5.0
47	84	7.0
47	85	4.0
47	86	2.0
47	87	5.0
47	88	2.0
47	89	6.0
47	90	4.0
47	91	6.0
47	92	4.0
47	93	3.0
47	94	3.0
47	95	4.0
47	96	2.0
47	97	3.0
47	98	4.0
47	99	5.0
47	100	4.0
47	101	1.0
47	102	3.0
47	103	2.0
47	104	2.0
47	105	5.0
47	106	4.0
47	107	5.0
47	108	3.0
47	109	4.0
47	110	6.0
47	112	4.0
47	113	4.0
47	114	2.0
47	115	3.0
47	116	3.0
47	117	4.0
47	118	1.0
47	119	2.0
47	120	5.0
47	121	5.0
47	122	2.0
48	49	29.0
48	50	15.0
48	51	56.0
48	52	22.0
48	53	19.0
48	54	13.0
48	55	20.0
48	56	24.0
48	57	21.0
48	58	12.0
48	59	15.0
48	60	13.0
48	61	20.0
48	62	13.0
48	63	14.0
48	64	4.0
48	65	8.0
48	66	5.0
48	67	6.0
48	68	11.0
48	69	10.0
48	70	7.0
48	71	8.0
48	72	10.0
48	73	6.0
48	74	6.0
48	75	11.0
48	76	7.0
48	77	7.0
48	78	8.0
48	79	11.0
48	80	6.0
48	81	10.0
48	82	6.0
48	83	6.0
48	84	8.0
48	85	3.0
48	86	4.0
48	87	7.0
48	88	3.0
48	89	5.0
48	90	4.0
48	91	3.0
48	92	4.0
48	93	4.0
48	94	3.0
48	95	1.0
48	96	3.0
48	97	3.0
48	98	5.0
48	99	3.0
48	100	3.0
48	101	4.0
48	102	3.0
48	103	4.0
48	104	3.0
48	105	5.0
48	106	3.0
48	107	5.0
48	108	8.0
48	109	5.0
48	110	5.0
48	111	4.0
48	112	4.0
48	113	4.0
48	114	6.0
48	115	5.0
48	116	5.0
48	117	1.0
48	118	6.0
48	119	6.0
48	120	8.0
48	121	2.0
48	122	6.0
49	50	75.0
49	51	85.0
49	52	20.0
49	53	18.0
49	54	6.0
49	55	21.0
49	56	11.0
49	57	17.0
49	58	17.0
49	59	15.0
49	60	11.0
49	61	13.0
49	62	12.0
49	63	5.0
49	64	7.0
49	65	17.0
49	66	6.0
49	67	8.0
49	68	10.0
49	69	8.0
49	70	12.0
49	71	10.0
49	72	3.0
49	73	9.0
49	74	6.0
49	75	7.0
49	76	15.0
49	77	12.0
49	78	2.0
49	79	4.0
49	80	4.0
49	81	8.0
49	82	7.0
49	83	5.0
49	84	6.0
49	85	6.0
49	86	4.0
49	87	4.0
49	88	1.0
49	89	8.0
49	90	4.0
49	91	4.0
49	92	5.0
49	93	1.0
49	94	5.0
49	95	2.0
49	96	2.0
49	97	2.0
49	98	4.0
49	99	6.0
49	100	4.0
49	101	5.0
49	102	5.0
49	103	11.0
49	104	3.0
49	105	4.0
49	106	6.0
49	107	2.0
49	108	6.0
49	109	3.0
49	110	7.0
49	111	4.0
49	112	8.0
49	113	3.0
49	114	3.0
49	115	4.0
49	116	8.0
49	117	5.0
49	118	6.0
49	119	3.0
49	120	4.0
49	121	9.0
49	122	4.0
50	51	29.0
50	52	21.0
50	53	14.0
50	54	10.0
50	55	11.0
50	56	14.0
50	57	20.0
50	58	8.0
50	59	11.0
50	60	13.0
50	61	12.0
50	62	8.0
50	63	11.0
50	64	12.0
50	65	15.0
50	66	4.0
50	67	4.0
50	68	3.0
50	69	3.0
50	70	5.0
50	71	10.0
50	72	6.0
50	73	11.0
50	74	5.0
50	75	8.0
50	76	10.0
50	77	3.0
50	78	8.0
50	79	3.0
50	80	5.0
50	81	13.0
50	82	5.0
50	83	5.0
50	84	8.0
50	85	6.0
50	86	10.0
50	87	1.0
50	88	5.0
50	89	6.0
50	90	5.0
50	91	7.0
50	92	3.0
50	93	2.0
50	94	6.0
50	95	6.0
50	96	4.0
50	97	9.0
50	98	4.0
50	99	2.0
50	100	4.0
50	101	5.0
50	102	6.0
50	103	2.0
50	104	5.0
50	105	7.0
50	106	7.0
50	107	6.0
50	108	2.0
50	109	8.0
50	110	6.0
50	111	3.0
50	112	9.0
50	113	4.0
50	114	3.0
50	115	4.0
50	116	9.0
50	117	6.0
50	118	9.0
50	119	6.0
50	120	4.0
50	121	4.0
50	122	5.0
51	52	24.0
51	53	23.0
51	54	20.0
51	55	10.0
51	56	19.0
51	57	18.0
51	58	12.0
51	59	11.0
51	60	19.0
51	61	15.0
51	62	9.0
51	63	10.0
51	64	13.0
51	65	6.0
51	66	8.0
51	67	11.0
51	68	8.0
51	69	7.0
51	70	13.0
51	71	10.0
51	72	10.0
51	73	10.0
51	74	10.0
51	75	7.0
51	76	12.0
51	77	5.0
51	78	12.0
51	79	5.0
51	80	6.0
51	81	6.0
51	82	9.0
51	83	6.0
51	84	5.0
51	85	3.0
51	86	8.0
51	87	2.0
51	88	6.0
51	89	5.0
51	90	4.0
51	91	5.0
51	92	1.0
51	93	2.0
51	94	3.0
51	95	9.0
51	96	4.0
51	97	3.0
51	98	7.0
51	99	2.0
51	100	1.0
51	101	3.0
51	102	4.0
51	103	6.0
51	104	5.0
51	105	5.0
51	106	2.0
51	107	4.0
51	108	8.0
51	109	4.0
51	110	6.0
51	111	6.0
51	112	3.0
51	113	8.0
51	114	6.0
51	115	5.0
51	116	6.0
51	117	4.0
51	118	6.0
51	119	6.0
51	120	5.0
51	121	9.0
51	122	5.0
52	53	36.0
52	54	29.0
52	55	16.0
52	56	27.0
52	57	25.0
52	58	20.0
52	59	10.0
52	60	24.0
52	61	15.0
52	62	12.0
52	63	13.0
52	64	13.0
52	65	6.0
52	66	3.0
52	67	7.0
52	68	8.0
52	69	7.0
52	70	11.0
52	71	8.0
52	72	10.0
52	73	8.0
52	74	7.0
52	75	7.0
52	76	10.0
52	77	9.0
52	78	7.0
52	79	5.0
52	80	12.0
52	81	8.0
52	82	8.0
52	83	6.0
52	84	5.0
52	85	3.0
52	86	3.0
52	87	6.0
52	88	7.0
52	89	1.0
52	90	5.0
52	92	2.0
52	93	5.0
52	94	6.0
52	95	5.0
52	96	9.0
52	97	5.0
52	98	2.0
52	99	2.0
52	100	5.0
52	102	5.0
52	103	6.0
52	104	4.0
52	105	7.0
52	106	4.0
52	107	6.0
52	108	5.0
52	109	4.0
52	110	4.0
52	111	4.0
52	112	5.0
52	113	3.0
52	114	5.0
52	115	3.0
52	116	8.0
52	117	4.0
52	118	4.0
52	119	3.0
52	120	6.0
52	121	5.0
52	122	6.0
53	54	46.0
53	55	18.0
53	56	28.0
53	57	19.0
53	58	16.0
53	59	14.0
53	60	17.0
53	61	15.0
53	62	13.0
53	63	19.0
53	64	10.0
53	65	6.0
53	66	8.0
53	67	8.0
53	68	8.0
53	69	16.0
53	70	8.0
53	71	6.0
53	72	8.0
53	73	9.0
53	74	8.0
53	75	8.0
53	76	7.0
53	77	13.0
53	78	7.0
53	79	7.0
53	80	8.0
53	81	6.0
53	82	8.0
53	83	4.0
53	84	6.0
53	85	5.0
53	86	3.0
53	87	2.0
53	88	4.0
53	89	3.0
53	90	3.0
53	91	6.0
53	92	2.0
53	93	3.0
53	94	5.0
53	95	6.0
53	96	4.0
53	97	8.0
53	98	12.0
53	99	5.0
53	100	6.0
53	101	4.0
53	102	1.0
53	103	3.0
53	104	5.0
53	105	6.0
53	106	5.0
53	107	2.0
53	108	8.0
53	109	3.0
53	110	5.0
53	111	5.0
53	112	2.0
53	113	6.0
53	114	7.0
53	115	5.0
53	116	3.0
53	117	1.0
53	118	8.0
53	119	7.0
53	120	5.0
53	121	4.0
53	122	5.0
54	55	37.0
54	56	34.0
54	57	48.0
54	58	32.0
54	59	15.0
54	60	21.0
54	61	31.0
54	62	12.0
54	63	13.0
54	64	10.0
54	65	8.0
54	66	15.0
54	67	8.0
54	68	13.0
54	69	14.0
54	70	6.0
54	71	13.0
54	72	10.0
54	73	12.0
54	74	15.0
54	75	13.0
54	76	9.0
54	77	10.0
54	78	8.0
54	79	6.0
54	80	10.0
54	81	10.0
54	82	2.0
54	83	5.0
54	84	5.0
54	85	11.0
54	86	7.0
54	87	1.0
54	88	7.0
54	89	7.0
54	90	5.0
54	91	6.0
54	92	5.0
54	93	4.0
54	94	8.0
54	95	3.0
54	96	6.0
54	97	5.0
54	98	4.0
54	99	8.0
54	100	8.0
54	101	6.0
54	102	4.0
54	103	3.0
54	104	2.0
54	105	4.0
54	106	6.0
54	107	7.0
54	108	3.0
54	109	2.0
54	110	6.0
54	111	3.0
54	112	9.0
54	113	12.0
54	114	4.0
54	115	6.0
54	116	9.0
54	117	9.0
54	118	5.0
54	119	3.0
54	120	5.0
54	121	4.0
54	122	6.0
55	56	155.0
55	57	14.0
55	58	12.0
55	59	8.0
55	60	19.0
55	61	22.0
55	62	21.0
55	63	18.0
55	64	14.0
55	65	12.0
55	66	16.0
55	67	18.0
55	68	13.0
55	69	11.0
55	70	6.0
55	71	11.0
55	72	8.0
55	73	8.0
55	74	10.0
55	75	6.0
55	76	7.0
55	77	8.0
55	78	10.0
55	79	7.0
55	80	11.0
55	81	8.0
55	82	9.0
55	83	5.0
55	84	5.0
55	85	4.0
55	86	5.0
55	87	6.0
55	88	4.0
55	89	4.0
55	90	9.0
55	91	4.0
55	92	3.0
55	93	4.0
55	94	8.0
55	95	5.0
55	96	4.0
55	97	6.0
55	98	5.0
55	99	5.0
55	100	4.0
55	101	1.0
55	102	4.0
55	103	8.0
55	104	1.0
55	105	5.0
55	106	8.0
55	107	8.0
55	108	3.0
55	109	6.0
55	110	4.0
55	111	4.0
55	113	3.0
55	114	3.0
55	115	1.0
55	116	4.0
55	117	6.0
55	118	4.0
55	119	5.0
55	120	5.0
55	121	13.0
55	122	6.0
56	57	32.0
56	58	23.0
56	59	9.0
56	60	22.0
56	61	28.0
56	62	15.0
56	63	14.0
56	64	16.0
56	65	11.0
56	66	13.0
56	67	13.0
56	68	4.0
56	69	14.0
56	70	5.0
56	71	12.0
56	72	11.0
56	73	7.0
56	74	6.0
56	75	10.0
56	76	9.0
56	77	5.0
56	78	4.0
56	79	9.0
56	80	9.0
56	81	9.0
56	82	9.0
56	83	7.0
56	84	9.0
56	85	13.0
56	86	6.0
56	87	8.0
56	88	4.0
56	89	6.0
56	90	7.0
56	91	5.0
56	92	3.0
56	93	3.0
56	94	5.0
56	95	1.0
56	96	10.0
56	97	3.0
56	98	3.0
56	99	2.0
56	100	7.0
56	101	4.0
56	102	4.0
56	103	2.0
56	104	3.0
56	105	6.0
56	106	6.0
56	107	9.0
56	108	8.0
56	109	3.0
56	110	6.0
56	111	9.0
56	112	8.0
56	113	1.0
56	114	4.0
56	115	8.0
56	116	9.0
56	117	4.0
56	118	5.0
56	119	5.0
56	120	10.0
56	121	5.0
56	122	5.0
57	58	49.0
57	59	29.0
57	60	34.0
57	61	33.0
57	62	22.0
57	63	18.0
57	64	20.0
57	65	13.0
57	66	15.0
57	67	15.0
57	68	13.0
57	69	12.0
57	70	14.0
57	71	5.0
57	72	14.0
57	73	9.0
57	74	7.0
57	75	5.0
57	76	7.0
57	77	10.0
57	78	11.0
57	79	5.0
57	80	9.0
57	81	5.0
57	82	10.0
57	83	7.0
57	84	13.0
57	85	6.0
57	86	3.0
57	87	9.0
57	88	3.0
57	89	9.0
57	90	3.0
57	91	3.0
57	92	6.0
57	93	6.0
57	94	3.0
57	95	5.0
57	96	5.0
57	97	5.0
57	98	3.0
57	99	4.0
57	100	4.0
57	101	6.0
57	102	9.0
57	103	5.0
57	104	6.0
57	105	8.0
57	106	7.0
57	107	5.0
57	108	16.0
57	109	6.0
57	110	9.0
57	111	4.0
57	112	5.0
57	113	3.0
57	114	2.0
57	115	5.0
57	116	6.0
57	117	6.0
57	118	4.0
57	119	9.0
57	120	5.0
57	121	1.0
57	122	7.0
58	59	30.0
58	60	34.0
58	61	107.0
58	62	20.0
58	63	25.0
58	64	27.0
58	65	14.0
58	66	17.0
58	67	22.0
58	68	23.0
58	69	25.0
58	70	18.0
58	71	18.0
58	72	11.0
58	73	20.0
58	74	12.0
58	75	5.0
58	76	10.0
58	77	10.0
58	78	8.0
58	79	13.0
58	80	8.0
58	81	13.0
58	82	8.0
58	83	8.0
58	84	9.0
58	85	11.0
58	86	9.0
58	87	7.0
58	88	3.0
58	89	5.0
58	90	7.0
58	91	9.0
58	92	4.0
58	93	4.0
58	94	14.0
58	95	9.0
58	96	7.0
58	97	8.0
58	98	6.0
58	99	4.0
58	100	8.0
58	101	4.0
58	102	5.0
58	103	3.0
58	104	8.0
58	105	9.0
58	106	4.0
58	107	10.0
58	108	7.0
58	109	8.0
58	110	5.0
58	111	8.0
58	112	6.0
58	113	9.0
58	114	3.0
58	115	9.0
58	116	12.0
58	117	7.0
58	118	10.0
58	119	3.0
58	120	9.0
58	121	7.0
58	122	11.0
59	60	125.0
59	61	25.0
59	62	15.0
59	63	12.0
59	64	17.0
59	65	17.0
59	66	11.0
59	67	19.0
59	68	21.0
59	69	25.0
59	70	24.0
59	71	30.0
59	72	19.0
59	73	18.0
59	74	17.0
59	75	10.0
59	76	18.0
59	77	11.0
59	78	10.0
59	79	15.0
59	80	9.0
59	81	15.0
59	82	12.0
59	83	12.0
59	84	11.0
59	85	9.0
59	86	10.0
59	87	8.0
59	88	5.0
59	89	11.0
59	90	12.0
59	91	10.0
59	92	5.0
59	93	11.0
59	94	10.0
59	95	13.0
59	96	8.0
59	97	5.0
59	98	1.0
59	99	4.0
59	100	7.0
59	101	4.0
59	102	7.0
59	103	3.0
59	104	7.0
59	105	7.0
59	106	8.0
59	107	11.0
59	108	7.0
59	109	2.0
59	110	6.0
59	111	5.0
59	112	9.0
59	113	5.0
59	114	5.0
59	115	7.0
59	116	9.0
59	117	9.0
59	118	5.0
59	119	6.0
59	120	7.0
59	121	9.0
59	122	9.0
60	61	15.0
60	62	16.0
60	63	18.0
60	64	21.0
60	65	14.0
60	66	11.0
60	67	16.0
60	68	11.0
60	69	14.0
60	70	14.0
60	71	26.0
60	72	13.0
60	73	16.0
60	74	20.0
60	75	11.0
60	76	17.0
60	77	19.0
60	78	10.0
60	79	7.0
60	80	13.0
60	81	6.0
60	82	8.0
60	83	9.0
60	84	11.0
60	85	9.0
60	86	10.0
60	87	9.0
60	88	9.0
60	89	9.0
60	90	8.0
60	91	13.0
60	92	4.0
60	93	4.0
60	94	2.0
60	95	7.0
60	96	4.0
60	97	4.0
60	98	10.0
60	99	9.0
60	100	6.0
60	101	8.0
60	102	5.0
60	103	6.0
60	104	5.0
60	105	9.0
60	106	6.0
60	107	4.0
60	108	6.0
60	109	5.0
60	110	8.0
60	111	3.0
60	112	6.0
60	113	5.0
60	114	4.0
60	115	5.0
60	116	8.0
60	117	13.0
60	118	11.0
60	119	13.0
60	120	9.0
60	121	6.0
60	122	4.0
61	62	41.0
61	63	23.0
61	64	22.0
61	65	21.0
61	66	25.0
61	67	33.0
61	68	23.0
61	69	18.0
61	70	17.0
61	71	16.0
61	72	14.0
61	73	14.0
61	74	9.0
61	75	17.0
61	76	6.0
61	77	18.0
61	78	19.0
61	79	13.0
61	80	10.0
61	81	12.0
61	82	8.0
61	83	2.0
61	84	13.0
61	85	10.0
61	86	10.0
61	87	11.0
61	88	6.0
61	89	9.0
61	90	9.0
61	91	6.0
61	92	4.0
61	93	10.0
61	94	3.0
61	95	8.0
61	96	7.0
61	97	7.0
61	98	4.0
61	99	9.0
61	100	5.0
61	101	5.0
61	102	11.0
61	103	1.0
61	104	5.0
61	105	9.0
61	106	10.0
61	107	4.0
61	108	8.0
61	109	6.0
61	110	5.0
61	111	5.0
61	112	11.0
61	113	8.0
61	114	7.0
61	115	7.0
61	116	12.0
61	117	5.0
61	118	8.0
61	119	5.0
61	120	5.0
61	121	8.0
61	122	5.0
62	63	35.0
62	64	38.0
62	65	32.0
62	66	38.0
62	67	34.0
62	68	27.0
62	69	19.0
62	70	20.0
62	71	9.0
62	72	14.0
62	73	12.0
62	74	14.0
62	75	11.0
62	76	14.0
62	77	8.0
62	78	13.0
62	79	12.0
62	80	7.0
62	81	7.0
62	82	12.0
62	83	5.0
62	84	6.0
62	85	11.0
62	86	8.0
62	87	12.0
62	88	7.0
62	89	4.0
62	90	6.0
62	91	4.0
62	92	5.0
62	93	10.0
62	94	9.0
62	95	8.0
62	96	8.0
62	97	5.0
62	98	6.0
62	99	3.0
62	100	5.0
62	101	7.0
62	102	8.0
62	103	2.0
62	104	3.0
62	105	3.0
62	106	4.0
62	107	6.0
62	108	2.0
62	109	4.0
62	110	10.0
62	111	7.0
62	112	7.0
62	113	8.0
62	114	10.0
62	115	8.0
62	116	8.0
62	117	6.0
62	118	5.0
62	119	9.0
62	120	3.0
62	121	3.0
62	122	12.0
63	64	108.0
63	65	88.0
63	66	31.0
63	67	29.0
63	68	25.0
63	69	18.0
63	70	16.0
63	71	9.0
63	72	17.0
63	73	19.0
63	74	8.0
63	75	6.0
63	76	10.0
63	77	14.0
63	78	8.0
63	79	11.0
63	80	9.0
63	81	10.0
63	82	12.0
63	83	7.0
63	84	8.0
63	85	8.0
63	86	12.0
63	87	8.0
63	88	9.0
63	89	7.0
63	90	6.0
63	91	8.0
63	92	7.0
63	93	4.0
63	94	2.0
63	95	5.0
63	96	5.0
63	97	3.0
63	98	2.0
63	99	10.0
63	100	7.0
63	101	4.0
63	102	5.0
63	103	1.0
63	104	3.0
63	105	11.0
63	106	5.0
63	107	8.0
63	108	1.0
63	109	5.0
63	110	4.0
63	111	3.0
63	112	5.0
63	113	4.0
63	114	2.0
63	115	3.0
63	116	7.0
63	117	4.0
63	118	6.0
63	119	7.0
63	120	3.0
63	121	8.0
63	122	3.0
64	65	50.0
64	66	35.0
64	67	22.0
64	68	18.0
64	69	18.0
64	70	21.0
64	71	9.0
64	72	5.0
64	73	13.0
64	74	11.0
64	75	13.0
64	76	17.0
64	77	8.0
64	78	7.0
64	79	5.0
64	80	5.0
64	81	5.0
64	82	11.0
64	83	5.0
64	84	8.0
64	85	2.0
64	86	5.0
64	87	5.0
64	88	4.0
64	89	11.0
64	90	5.0
64	91	3.0
64	92	7.0
64	93	7.0
64	94	5.0
64	95	4.0
64	96	6.0
64	97	15.0
64	98	6.0
64	99	6.0
64	100	2.0
64	101	3.0
64	102	4.0
64	103	3.0
64	104	3.0
64	105	4.0
64	106	7.0
64	107	6.0
64	108	5.0
64	109	7.0
64	110	6.0
64	111	7.0
64	112	2.0
64	113	8.0
64	114	6.0
64	115	7.0
64	116	7.0
64	117	4.0
64	118	4.0
64	119	4.0
64	120	5.0
64	121	6.0
64	122	5.0
65	66	45.0
65	67	21.0
65	68	21.0
65	69	15.0
65	70	17.0
65	71	12.0
65	72	10.0
65	73	12.0
65	74	11.0
65	75	17.0
65	76	13.0
65	77	8.0
65	78	13.0
65	79	5.0
65	80	11.0
65	81	5.0
65	82	11.0
65	83	10.0
65	84	8.0
65	85	6.0
65	86	9.0
65	87	10.0
65	88	5.0
65	89	6.0
65	90	3.0
65	91	7.0
65	92	4.0
65	93	7.0
65	94	5.0
65	95	4.0
65	96	3.0
65	97	8.0
65	98	3.0
65	99	5.0
65	100	9.0
65	101	2.0
65	102	1.0
65	103	6.0
65	104	5.0
65	105	7.0
65	106	10.0
65	107	5.0
65	108	2.0
65	109	9.0
65	110	5.0
65	111	4.0
65	112	4.0
65	113	4.0
65	114	3.0
65	115	4.0
65	116	1.0
65	117	3.0
65	118	7.0
65	119	8.0
65	120	9.0
65	121	5.0
65	122	5.0
66	67	29.0
66	68	33.0
66	69	16.0
66	70	9.0
66	71	6.0
66	72	14.0
66	73	8.0
66	74	15.0
66	75	9.0
66	76	13.0
66	77	4.0
66	78	11.0
66	79	16.0
66	80	6.0
66	81	8.0
66	82	10.0
66	83	8.0
66	84	7.0
66	85	7.0
66	86	6.0
66	87	7.0
66	88	7.0
66	89	4.0
66	90	11.0
66	91	5.0
66	92	7.0
66	93	12.0
66	94	9.0
66	95	5.0
66	96	6.0
66	97	7.0
66	98	4.0
66	99	4.0
66	100	5.0
66	101	4.0
66	102	6.0
66	103	6.0
66	104	8.0
66	105	3.0
66	106	4.0
66	107	7.0
66	108	5.0
66	109	5.0
66	110	5.0
66	111	7.0
66	112	6.0
66	113	5.0
66	114	5.0
66	115	6.0
66	116	6.0
66	117	7.0
66	118	3.0
66	119	9.0
66	120	3.0
66	121	8.0
66	122	2.0
67	68	123.0
67	69	45.0
67	70	30.0
67	71	14.0
67	72	16.0
67	73	16.0
67	74	17.0
67	75	18.0
67	76	22.0
67	77	22.0
67	78	14.0
67	79	16.0
67	80	12.0
67	81	10.0
67	82	13.0
67	83	15.0
67	84	12.0
67	85	13.0
67	86	9.0
67	87	9.0
67	88	12.0
67	89	9.0
67	90	6.0
67	91	5.0
67	92	4.0
67	93	15.0
67	94	13.0
67	95	11.0
67	96	11.0
67	97	6.0
67	98	4.0
67	99	5.0
67	100	8.0
67	101	5.0
67	102	4.0
67	103	3.0
67	104	6.0
67	105	6.0
67	106	7.0
67	107	7.0
67	108	9.0
67	109	8.0
67	110	6.0
67	111	5.0
67	112	4.0
67	113	7.0
67	114	9.0
67	115	8.0
67	116	3.0
67	117	7.0
67	118	6.0
67	119	7.0
67	120	4.0
67	121	7.0
67	122	8.0
68	69	59.0
68	70	22.0
68	71	9.0
68	72	18.0
68	73	18.0
68	74	9.0
68	75	16.0
68	76	15.0
68	77	20.0
68	78	17.0
68	79	25.0
68	80	17.0
68	81	14.0
68	82	15.0
68	83	13.0
68	84	14.0
68	85	12.0
68	86	7.0
68	87	9.0
68	88	6.0
68	89	10.0
68	90	14.0
68	91	11.0
68	92	6.0
68	93	11.0
68	94	12.0
68	95	11.0
68	96	5.0
68	97	7.0
68	98	3.0
68	99	8.0
68	100	5.0
68	101	7.0
68	102	2.0
68	103	9.0
68	104	4.0
68	105	10.0
68	106	8.0
68	107	5.0
68	108	7.0
68	109	3.0
68	110	5.0
68	111	8.0
68	112	5.0
68	113	7.0
68	114	7.0
68	115	11.0
68	116	13.0
68	117	11.0
68	118	6.0
68	119	10.0
68	120	5.0
68	121	11.0
68	122	8.0
69	70	32.0
69	71	15.0
69	72	18.0
69	73	24.0
69	74	20.0
69	75	24.0
69	76	25.0
69	77	18.0
69	78	18.0
69	79	22.0
69	80	13.0
69	81	16.0
69	82	14.0
69	83	16.0
69	84	10.0
69	85	16.0
69	86	14.0
69	87	8.0
69	88	13.0
69	89	7.0
69	90	9.0
69	91	3.0
69	92	12.0
69	93	4.0
69	94	6.0
69	95	11.0
69	96	10.0
69	97	6.0
69	98	10.0
69	99	5.0
69	100	12.0
69	101	10.0
69	102	6.0
69	103	4.0
69	104	8.0
69	105	4.0
69	106	6.0
69	107	11.0
69	108	5.0
69	109	7.0
69	110	7.0
69	111	7.0
69	112	7.0
69	113	6.0
69	114	6.0
69	115	11.0
69	116	3.0
69	117	6.0
69	118	9.0
69	119	4.0
69	120	6.0
69	121	6.0
69	122	11.0
70	71	27.0
70	72	38.0
70	73	61.0
70	74	45.0
70	75	42.0
70	76	48.0
70	77	27.0
70	78	40.0
70	79	24.0
70	80	28.0
70	81	22.0
70	82	25.0
70	83	21.0
70	84	17.0
70	85	20.0
70	86	12.0
70	87	13.0
70	88	15.0
70	89	15.0
70	90	14.0
70	91	13.0
70	92	6.0
70	93	6.0
70	94	12.0
70	95	12.0
70	96	9.0
70	97	9.0
70	98	9.0
70	99	6.0
70	100	9.0
70	101	6.0
70	102	4.0
70	103	6.0
70	104	8.0
70	105	9.0
70	106	17.0
70	107	8.0
70	108	16.0
70	109	8.0
70	110	6.0
70	111	8.0
70	112	4.0
70	113	6.0
70	114	6.0
70	115	10.0
70	116	12.0
70	117	5.0
70	118	8.0
70	119	4.0
70	120	10.0
70	121	7.0
70	122	2.0
71	72	130.0
71	73	34.0
71	74	41.0
71	75	17.0
71	76	30.0
71	77	47.0
71	78	17.0
71	79	19.0
71	80	19.0
71	81	19.0
71	82	24.0
71	83	9.0
71	84	16.0
71	85	20.0
71	86	18.0
71	87	5.0
71	88	11.0
71	89	11.0
71	90	12.0
71	91	11.0
71	92	7.0
71	93	15.0
71	94	13.0
71	95	11.0
71	96	9.0
71	97	12.0
71	98	10.0
71	99	7.0
71	100	10.0
71	101	6.0
71	102	3.0
71	103	6.0
71	104	9.0
71	105	17.0
71	106	8.0
71	107	8.0
71	108	11.0
71	109	14.0
71	110	9.0
71	111	7.0
71	112	8.0
71	113	9.0
71	114	8.0
71	115	12.0
71	116	12.0
71	117	11.0
71	118	12.0
71	119	7.0
71	120	7.0
71	121	10.0
71	122	13.0
72	73	48.0
72	74	34.0
72	75	20.0
72	76	34.0
72	77	58.0
72	78	21.0
72	79	15.0
72	80	16.0
72	81	30.0
72	82	19.0
72	83	14.0
72	84	23.0
72	85	17.0
72	86	17.0
72	87	12.0
72	88	11.0
72	89	15.0
72	90	15.0
72	91	9.0
72	92	14.0
72	93	17.0
72	94	7.0
72	95	10.0
72	96	7.0
72	97	9.0
72	98	4.0
72	99	5.0
72	100	11.0
72	101	14.0
72	102	8.0
72	103	12.0
72	104	9.0
72	105	6.0
72	106	10.0
72	107	8.0
72	108	9.0
72	109	12.0
72	110	10.0
72	111	11.0
72	112	3.0
72	113	8.0
72	114	5.0
72	115	10.0
72	116	11.0
72	117	11.0
72	118	18.0
72	119	9.0
72	120	6.0
72	121	12.0
72	122	4.0
73	74	62.0
73	75	42.0
73	76	96.0
73	77	74.0
73	78	45.0
73	79	19.0
73	80	19.0
73	81	47.0
73	82	33.0
73	83	18.0
73	84	32.0
73	85	23.0
73	86	21.0
73	87	13.0
73	88	12.0
73	89	15.0
73	90	23.0
73	91	20.0
73	92	17.0
73	93	6.0
73	94	14.0
73	95	22.0
73	96	6.0
73	97	8.0
73	98	10.0
73	99	9.0
73	100	10.0
73	101	5.0
73	102	7.0
73	103	11.0
73	104	6.0
73	105	12.0
73	106	16.0
73	107	12.0
73	108	7.0
73	109	10.0
73	110	9.0
73	111	8.0
73	112	16.0
73	113	10.0
73	114	10.0
73	115	16.0
73	116	13.0
73	117	10.0
73	118	8.0
73	119	9.0
73	120	12.0
73	121	9.0
73	122	4.0
74	75	39.0
74	76	60.0
74	77	90.0
74	78	47.0
74	79	23.0
74	80	28.0
74	81	69.0
74	82	34.0
74	83	15.0
74	84	35.0
74	85	33.0
74	86	12.0
74	87	6.0
74	88	11.0
74	89	16.0
74	90	16.0
74	91	25.0
74	92	15.0
74	93	7.0
74	94	13.0
74	95	10.0
74	96	12.0
74	97	6.0
74	98	10.0
74	99	14.0
74	100	18.0
74	101	5.0
74	102	11.0
74	103	2.0
74	104	14.0
74	105	7.0
74	106	14.0
74	107	14.0
74	108	11.0
74	109	10.0
74	110	9.0
74	111	11.0
74	112	14.0
74	113	12.0
74	114	16.0
74	115	12.0
74	116	11.0
74	117	18.0
74	118	11.0
74	119	9.0
74	120	8.0
74	121	17.0
74	122	3.0
75	76	62.0
75	77	34.0
75	78	65.0
75	79	31.0
75	80	47.0
75	81	54.0
75	82	27.0
75	83	22.0
75	84	28.0
75	85	31.0
75	86	22.0
75	87	13.0
75	88	18.0
75	89	18.0
75	90	12.0
75	91	15.0
75	92	5.0
75	93	9.0
75	94	18.0
75	95	13.0
75	96	9.0
75	97	7.0
75	98	14.0
75	99	16.0
75	100	17.0
75	101	9.0
75	102	12.0
75	103	8.0
75	104	8.0
75	105	7.0
75	106	6.0
75	107	10.0
75	108	8.0
75	109	7.0
75	110	9.0
75	111	8.0
75	112	11.0
75	113	12.0
75	114	8.0
75	115	7.0
75	116	8.0
75	117	10.0
75	118	9.0
75	119	9.0
75	120	9.0
75	121	8.0
75	122	12.0
76	77	46.0
76	78	62.0
76	79	39.0
76	80	39.0
76	81	47.0
76	82	40.0
76	83	31.0
76	84	31.0
76	85	26.0
76	86	11.0
76	87	22.0
76	88	12.0
76	89	19.0
76	90	22.0
76	91	17.0
76	92	15.0
76	93	13.0
76	94	9.0
76	95	13.0
76	96	7.0
76	97	8.0
76	98	7.0
76	99	15.0
76	100	5.0
76	101	8.0
76	102	7.0
76	103	7.0
76	104	9.0
76	105	9.0
76	106	14.0
76	107	9.0
76	108	12.0
76	109	13.0
76	110	14.0
76	111	9.0
76	112	6.0
76	113	8.0
76	114	8.0
76	115	7.0
76	116	13.0
76	117	12.0
76	118	9.0
76	119	9.0
76	120	8.0
76	121	9.0
76	122	13.0
77	78	34.0
77	79	19.0
77	80	18.0
77	81	68.0
77	82	26.0
77	83	23.0
77	84	36.0
77	85	31.0
77	86	22.0
77	87	7.0
77	88	10.0
77	89	10.0
77	90	18.0
77	91	14.0
77	92	14.0
77	93	17.0
77	94	9.0
77	95	11.0
77	96	6.0
77	97	8.0
77	98	5.0
77	99	13.0
77	100	10.0
77	101	7.0
77	102	3.0
77	103	8.0
77	104	6.0
77	105	4.0
77	106	6.0
77	107	11.0
77	108	11.0
77	109	11.0
77	110	15.0
77	111	7.0
77	112	7.0
77	113	12.0
77	114	8.0
77	115	10.0
77	116	11.0
77	117	14.0
77	118	18.0
77	119	8.0
77	120	17.0
77	121	7.0
77	122	8.0
78	79	35.0
78	80	56.0
78	81	64.0
78	82	48.0
78	83	46.0
78	84	61.0
78	85	44.0
78	86	21.0
78	87	13.0
78	88	17.0
78	89	27.0
78	90	20.0
78	91	17.0
78	92	16.0
78	93	11.0
78	94	17.0
78	95	16.0
78	96	9.0
78	97	11.0
78	98	6.0
78	99	14.0
78	100	13.0
78	101	11.0
78	102	13.0
78	103	15.0
78	104	10.0
78	105	13.0
78	106	15.0
78	107	12.0
78	108	6.0
78	109	20.0
78	110	12.0
78	111	8.0
78	112	9.0
78	113	7.0
78	114	6.0
78	115	9.0
78	116	9.0
78	117	12.0
78	118	18.0
78	119	8.0
78	120	9.0
78	121	10.0
78	122	10.0
79	80	60.0
79	81	21.0
79	82	24.0
79	83	30.0
79	84	29.0
79	85	37.0
79	86	24.0
79	87	20.0
79	88	9.0
79	89	16.0
79	90	14.0
79	91	17.0
79	92	13.0
79	93	9.0
79	94	19.0
79	95	14.0
79	96	6.0
79	97	16.0
79	98	7.0
79	99	14.0
79	100	8.0
79	101	9.0
79	102	7.0
79	103	7.0
79	104	7.0
79	105	7.0
79	106	8.0
79	107	10.0
79	108	9.0
79	109	6.0
79	110	4.0
79	111	8.0
79	112	6.0
79	113	7.0
79	114	14.0
79	115	5.0
79	116	12.0
79	117	4.0
79	118	10.0
79	119	9.0
79	120	8.0
79	121	8.0
79	122	8.0
80	81	37.0
80	82	55.0
80	83	39.0
80	84	41.0
80	85	63.0
80	86	31.0
80	87	21.0
80	88	16.0
80	89	26.0
80	90	18.0
80	91	18.0
80	92	17.0
80	93	16.0
80	94	19.0
80	95	10.0
80	96	13.0
80	97	7.0
80	98	12.0
80	99	8.0
80	100	8.0
80	101	11.0
80	102	4.0
80	103	6.0
80	104	5.0
80	105	7.0
80	106	15.0
80	107	13.0
80	108	3.0
80	109	10.0
80	110	5.0
80	111	13.0
80	112	8.0
80	113	9.0
80	114	7.0
80	115	13.0
80	116	13.0
80	117	11.0
80	118	9.0
80	119	5.0
80	120	13.0
80	121	7.0
80	122	6.0
81	82	62.0
81	83	34.0
81	84	58.0
81	85	31.0
81	86	22.0
81	87	12.0
81	88	11.0
81	89	21.0
81	90	31.0
81	91	22.0
81	92	22.0
81	93	10.0
81	94	24.0
81	95	23.0
81	96	13.0
81	97	11.0
81	98	11.0
81	99	7.0
81	100	14.0
81	101	13.0
81	102	5.0
81	103	6.0
81	104	12.0
81	105	7.0
81	106	13.0
81	107	10.0
81	108	16.0
81	109	16.0
81	110	8.0
81	111	7.0
81	112	14.0
81	113	12.0
81	114	15.0
81	115	14.0
81	116	22.0
81	117	10.0
81	118	10.0
81	119	7.0
81	120	13.0
81	121	9.0
81	122	4.0
82	83	98.0
82	84	108.0
82	85	70.0
82	86	41.0
82	87	18.0
82	88	16.0
82	89	21.0
82	90	31.0
82	91	26.0
82	92	26.0
82	93	18.0
82	94	13.0
82	95	17.0
82	96	17.0
82	97	10.0
82	98	7.0
82	99	10.0
82	100	12.0
82	101	6.0
82	102	7.0
82	103	5.0
82	104	12.0
82	105	11.0
82	106	16.0
82	107	11.0
82	108	15.0
82	109	9.0
82	110	12.0
82	111	9.0
82	112	13.0
82	113	9.0
82	114	14.0
82	115	11.0
82	116	18.0
82	117	13.0
82	118	15.0
82	119	16.0
82	120	18.0
82	121	3.0
82	122	8.0
83	84	74.0
83	85	101.0
83	86	66.0
83	87	23.0
83	88	21.0
83	89	38.0
83	90	36.0
83	91	31.0
83	92	25.0
83	93	20.0
83	94	15.0
83	95	20.0
83	96	24.0
83	97	13.0
83	98	12.0
83	99	10.0
83	100	9.0
83	101	9.0
83	102	9.0
83	103	5.0
83	104	13.0
83	105	10.0
83	106	10.0
83	107	12.0
83	108	14.0
83	109	7.0
83	110	14.0
83	111	11.0
83	112	13.0
83	113	9.0
83	114	11.0
83	115	8.0
83	116	11.0
83	117	15.0
83	118	9.0
83	119	10.0
83	120	7.0
83	121	10.0
83	122	8.0
84	85	55.0
84	86	40.0
84	87	16.0
84	88	13.0
84	89	27.0
84	90	35.0
84	91	22.0
84	92	17.0
84	93	22.0
84	94	26.0
84	95	23.0
84	96	22.0
84	97	13.0
84	98	23.0
84	99	8.0
84	100	12.0
84	101	11.0
84	102	6.0
84	103	8.0
84	104	9.0
84	105	14.0
84	106	10.0
84	107	18.0
84	108	11.0
84	109	13.0
84	110	10.0
84	111	11.0
84	112	13.0
84	113	4.0
84	114	19.0
84	115	11.0
84	116	18.0
84	117	17.0
84	118	16.0
84	119	7.0
84	120	11.0
84	121	13.0
84	122	15.0
85	86	39.0
85	87	20.0
85	88	18.0
85	89	23.0
85	90	37.0
85	91	16.0
85	92	21.0
85	93	19.0
85	94	21.0
85	95	27.0
85	96	25.0
85	97	10.0
85	98	12.0
85	99	18.0
85	100	11.0
85	101	11.0
85	102	4.0
85	103	4.0
85	104	5.0
85	105	14.0
85	106	7.0
85	107	9.0
85	108	9.0
85	109	7.0
85	110	13.0
85	111	6.0
85	112	7.0
85	113	12.0
85	114	2.0
85	115	11.0
85	116	15.0
85	117	13.0
85	118	8.0
85	119	3.0
85	120	9.0
85	121	13.0
85	122	6.0
86	87	27.0
86	88	19.0
86	89	82.0
86	90	29.0
86	91	20.0
86	92	31.0
86	93	27.0
86	94	25.0
86	95	31.0
86	96	21.0
86	97	10.0
86	98	12.0
86	99	14.0
86	100	16.0
86	101	11.0
86	102	8.0
86	103	9.0
86	104	6.0
86	105	8.0
86	106	7.0
86	107	7.0
86	108	8.0
86	109	10.0
86	110	15.0
86	111	9.0
86	112	8.0
86	113	11.0
86	114	9.0
86	115	9.0
86	116	10.0
86	117	12.0
86	118	8.0
86	119	11.0
86	120	10.0
86	121	6.0
86	122	12.0
87	88	179.0
87	89	31.0
87	90	18.0
87	91	10.0
87	92	25.0
87	93	11.0
87	94	15.0
87	95	16.0
87	96	17.0
87	97	11.0
87	98	6.0
87	99	14.0
87	100	10.0
87	101	11.0
87	102	7.0
87	103	11.0
87	104	4.0
87	105	9.0
87	106	10.0
87	107	10.0
87	108	8.0
87	109	8.0
87	110	6.0
87	111	10.0
87	112	4.0
87	113	6.0
87	114	4.0
87	115	9.0
87	116	7.0
87	117	7.0
87	118	8.0
87	119	4.0
87	120	5.0
87	121	11.0
87	122	3.0
88	89	37.0
88	90	16.0
88	91	17.0
88	92	16.0
88	93	23.0
88	94	16.0
88	95	14.0
88	96	12.0
88	97	14.0
88	98	15.0
88	99	8.0
88	100	10.0
88	101	11.0
88	102	6.0
88	103	6.0
88	104	6.0
88	105	5.0
88	106	12.0
88	107	9.0
88	108	7.0
88	109	7.0
88	110	4.0
88	111	10.0
88	112	6.0
88	113	7.0
88	114	6.0
88	115	4.0
88	116	8.0
88	117	7.0
88	118	11.0
88	119	2.0
88	120	7.0
88	121	4.0
88	122	9.0
89	90	40.0
89	91	18.0
89	92	17.0
89	93	23.0
89	94	25.0
89	95	15.0
89	96	20.0
89	97	13.0
89	98	18.0
89	99	15.0
89	100	13.0
89	101	17.0
89	102	5.0
89	103	10.0
89	104	10.0
89	105	9.0
89	106	10.0
89	107	14.0
89	108	12.0
89	109	9.0
89	110	11.0
89	111	10.0
89	112	7.0
89	113	7.0
89	114	6.0
89	115	11.0
89	116	11.0
89	117	14.0
89	118	13.0
89	119	7.0
89	120	9.0
89	121	5.0
89	122	6.0
90	91	76.0
90	92	28.0
90	93	32.0
90	94	50.0
90	95	30.0
90	96	17.0
90	97	12.0
90	98	21.0
90	99	24.0
90	100	24.0
90	101	18.0
90	102	10.0
90	103	3.0
90	104	8.0
90	105	10.0
90	106	16.0
90	107	16.0
90	108	19.0
90	109	12.0
90	110	12.0
90	111	10.0
90	112	8.0
90	113	12.0
90	114	15.0
90	115	18.0
90	116	15.0
90	117	13.0
90	118	12.0
90	119	6.0
90	120	8.0
90	121	14.0
90	122	11.0
91	92	35.0
91	93	39.0
91	94	43.0
91	95	22.0
91	96	29.0
91	97	12.0
91	98	30.0
91	99	37.0
91	100	29.0
91	101	12.0
91	102	13.0
91	103	7.0
91	104	12.0
91	105	21.0
91	106	23.0
91	107	18.0
91	108	16.0
91	109	13.0
91	110	16.0
91	111	13.0
91	112	14.0
91	113	6.0
91	114	7.0
91	115	13.0
91	116	22.0
91	117	12.0
91	118	14.0
91	119	9.0
91	120	6.0
91	121	12.0
91	122	13.0
92	93	89.0
92	94	34.0
92	95	57.0
92	96	59.0
92	97	29.0
92	98	20.0
92	99	26.0
92	100	17.0
92	101	12.0
92	102	13.0
92	103	8.0
92	104	9.0
92	105	17.0
92	106	13.0
92	107	19.0
92	108	15.0
92	109	6.0
92	110	5.0
92	111	8.0
92	112	6.0
92	113	8.0
92	114	10.0
92	115	13.0
92	116	11.0
92	117	9.0
92	118	9.0
92	119	8.0
92	120	6.0
92	121	10.0
92	122	9.0
93	94	51.0
93	95	43.0
93	96	36.0
93	97	26.0
93	98	28.0
93	99	32.0
93	100	25.0
93	101	12.0
93	102	8.0
93	103	9.0
93	104	13.0
93	105	19.0
93	106	22.0
93	107	13.0
93	108	11.0
93	109	10.0
93	110	6.0
93	111	8.0
93	112	10.0
93	113	13.0
93	114	8.0
93	115	18.0
93	116	14.0
93	117	13.0
93	118	7.0
93	119	6.0
93	120	13.0
93	121	11.0
93	122	5.0
94	95	89.0
94	96	37.0
94	97	25.0
94	98	38.0
94	99	37.0
94	100	19.0
94	101	15.0
94	102	13.0
94	103	12.0
94	104	18.0
94	105	11.0
94	106	26.0
94	107	19.0
94	108	20.0
94	109	12.0
94	110	11.0
94	111	8.0
94	112	15.0
94	113	12.0
94	114	13.0
94	115	16.0
94	116	19.0
94	117	11.0
94	118	13.0
94	119	8.0
94	120	14.0
94	121	8.0
94	122	9.0
95	96	54.0
95	97	22.0
95	98	25.0
95	99	27.0
95	100	27.0
95	101	21.0
95	102	17.0
95	103	14.0
95	104	16.0
95	105	17.0
95	106	23.0
95	107	12.0
95	108	14.0
95	109	11.0
95	110	10.0
95	111	13.0
95	112	12.0
95	113	11.0
95	114	13.0
95	115	22.0
95	116	12.0
95	117	10.0
95	118	9.0
95	119	10.0
95	120	5.0
95	121	11.0
95	122	13.0
96	97	36.0
96	98	27.0
96	99	40.0
96	100	26.0
96	101	20.0
96	102	16.0
96	103	7.0
96	104	10.0
96	105	10.0
96	106	11.0
96	107	11.0
96	108	15.0
96	109	10.0
96	110	15.0
96	111	9.0
96	112	10.0
96	113	6.0
96	114	7.0
96	115	6.0
96	116	12.0
96	117	14.0
96	118	12.0
96	119	14.0
96	120	5.0
96	121	8.0
96	122	10.0
97	98	31.0
97	99	33.0
97	100	30.0
97	101	24.0
97	102	22.0
97	103	8.0
97	104	13.0
97	105	12.0
97	106	15.0
97	107	12.0
97	108	10.0
97	109	12.0
97	110	11.0
97	111	10.0
97	112	14.0
97	113	12.0
97	114	12.0
97	115	15.0
97	116	8.0
97	117	6.0
97	118	14.0
97	119	16.0
97	120	8.0
97	121	7.0
97	122	9.0
98	99	86.0
98	100	53.0
98	101	29.0
98	102	11.0
98	103	11.0
98	104	18.0
98	105	27.0
98	106	27.0
98	107	18.0
98	108	10.0
98	109	15.0
98	110	11.0
98	111	13.0
98	112	18.0
98	113	10.0
98	114	9.0
98	115	14.0
98	116	14.0
98	117	8.0
98	118	11.0
98	119	10.0
98	120	14.0
98	121	10.0
98	122	13.0
99	100	60.0
99	101	25.0
99	102	13.0
99	103	14.0
99	104	22.0
99	105	21.0
99	106	23.0
99	107	21.0
99	108	18.0
99	109	15.0
99	110	18.0
99	111	11.0
99	112	11.0
99	113	19.0
99	114	12.0
99	115	12.0
99	116	5.0
99	117	10.0
99	118	12.0
99	119	8.0
99	120	12.0
99	121	9.0
99	122	7.0
100	101	33.0
100	102	19.0
100	103	14.0
100	104	23.0
100	105	21.0
100	106	34.0
100	107	25.0
100	108	13.0
100	109	15.0
100	110	16.0
100	111	21.0
100	112	12.0
100	113	12.0
100	114	19.0
100	115	18.0
100	116	17.0
100	117	19.0
100	118	22.0
100	119	6.0
100	120	12.0
100	121	21.0
100	122	12.0
101	102	28.0
101	103	27.0
101	104	42.0
101	105	20.0
101	106	30.0
101	107	38.0
101	108	19.0
101	109	24.0
101	110	14.0
101	111	14.0
101	112	18.0
101	113	16.0
101	114	27.0
101	115	14.0
101	116	10.0
101	117	15.0
101	118	21.0
101	119	17.0
101	120	14.0
101	121	20.0
101	122	15.0
102	103	74.0
102	104	23.0
102	105	21.0
102	106	12.0
102	107	25.0
102	108	11.0
102	109	12.0
102	110	14.0
102	111	17.0
102	112	15.0
102	113	17.0
102	114	13.0
102	115	11.0
102	116	6.0
102	117	6.0
102	118	18.0
102	119	12.0
102	120	15.0
102	121	18.0
102	122	11.0
103	104	31.0
103	105	18.0
103	106	21.0
103	107	14.0
103	108	9.0
103	109	12.0
103	110	14.0
103	111	15.0
103	112	15.0
103	113	14.0
103	114	9.0
103	115	11.0
103	116	13.0
103	117	11.0
103	118	18.0
103	119	9.0
103	120	7.0
103	121	8.0
103	122	9.0
104	105	27.0
104	106	37.0
104	107	36.0
104	108	18.0
104	109	16.0
104	110	15.0
104	111	39.0
104	112	29.0
104	113	21.0
104	114	15.0
104	115	9.0
104	116	10.0
104	117	13.0
104	118	14.0
104	119	12.0
104	120	14.0
104	121	22.0
104	122	16.0
105	106	42.0
105	107	33.0
105	108	44.0
105	109	75.0
105	110	47.0
105	111	37.0
105	112	39.0
105	113	26.0
105	114	44.0
105	115	32.0
105	116	18.0
105	117	25.0
105	118	31.0
105	119	20.0
105	120	16.0
105	121	27.0
105	122	18.0
106	107	68.0
106	108	36.0
106	109	35.0
106	110	27.0
106	111	23.0
106	112	34.0
106	113	33.0
106	114	25.0
106	115	17.0
106	116	14.0
106	117	18.0
106	118	33.0
106	119	22.0
106	120	12.0
106	121	18.0
106	122	9.0
107	108	35.0
107	109	36.0
107	110	25.0
107	111	21.0
107	112	21.0
107	113	30.0
107	114	53.0
107	115	24.0
107	116	18.0
107	117	21.0
107	118	50.0
107	119	20.0
107	120	17.0
107	121	19.0
107	122	21.0
108	109	85.0
108	110	68.0
108	111	21.0
108	112	24.0
108	113	20.0
108	114	44.0
108	115	65.0
108	116	30.0
108	117	49.0
108	118	45.0
108	119	17.0
108	120	20.0
108	121	24.0
108	122	20.0
109	110	112.0
109	111	33.0
109	112	28.0
109	113	23.0
109	114	51.0
109	115	45.0
109	116	29.0
109	117	32.0
109	118	37.0
109	119	22.0
109	120	23.0
109	121	25.0
109	122	25.0
110	111	32.0
110	112	20.0
110	113	17.0
110	114	39.0
110	115	55.0
110	116	25.0
110	117	41.0
110	118	24.0
110	119	12.0
110	120	19.0
110	121	20.0
110	122	19.0
111	112	87.0
111	113	25.0
111	114	34.0
111	115	15.0
111	116	12.0
111	117	14.0
111	118	25.0
111	119	12.0
111	120	20.0
111	121	27.0
111	122	21.0
112	113	48.0
112	114	54.0
112	115	26.0
112	116	13.0
112	117	18.0
112	118	43.0
112	119	22.0
112	120	20.0
112	121	17.0
112	122	13.0
113	114	39.0
113	115	20.0
113	116	12.0
113	117	23.0
113	118	40.0
113	119	33.0
113	120	33.0
113	121	38.0
113	122	29.0
114	115	30.0
114	116	23.0
114	117	35.0
114	118	92.0
114	119	24.0
114	120	22.0
114	121	47.0
114	122	24.0
115	116	40.0
115	117	65.0
115	118	23.0
115	119	9.0
115	120	13.0
115	121	18.0
115	122	16.0
116	117	72.0
116	118	12.0
116	119	8.0
116	120	12.0
116	121	17.0
116	122	12.0
117	118	30.0
117	119	18.0
117	120	23.0
117	121	19.0
117	122	16.0
118	119	35.0
118	120	28.0
118	121	32.0
118	122	29.0
119	120	34.0
119	121	27.0
119	122	41.0
120	121	33.0
120	122	91.0
121	122	36.0
