80000000	0
80010000	1
80020000	2
80030000	3
80040000	4
80050000	5
80060000	6
80070000	7
80080000	8
80090000	9
80100000	10
80110000	11
80120000	12
80130000	13
80140000	14
80150000	15
80160000	16
80170000	17
80180000	18
80190000	19
80200000	20
80210000	21
80220000	22
80230000	23
80240000	24
80250000	25
80260000	26
80270000	27
80280000	28
80290000	29
80300000	30
80310000	31
80320000	32
80330000	33
80340000	34
80350000	35
80360000	36
80370000	37
80380000	38
80390000	39
80400000	40
80410000	41
80420000	42
80430000	43
80440000	44
80450000	45
80460000	46
80470000	47
80480000	48
80490000	49
80500000	50
80510000	51
80520000	52
80530000	53
80540000	54
80550000	55
80560000	56
80570000	57
80580000	58
80590000	59
80600000	60
80610000	61
80620000	62
80630000	63
80640000	64
80650000	65
80660000	66
80670000	67
80680000	68
80690000	69
80700000	70
80710000	71
80720000	72
80730000	73
80740000	74
80750000	75
80760000	76
80770000	77
80780000	78
80790000	79
80800000	80
80810000	81
80820000	82
80830000	83
80840000	84
80850000	85
80860000	86
80870000	87
80880000	88
80890000	89
80900000	90
80910000	91
80920000	92
80930000	93
80940000	94
80950000	95
80960000	96
80970000	97
80980000	98
80990000	99
81000000	100
81010000	101
81020000	102
81030000	103
81040000	104
81050000	105
81060000	106
81070000	107
81080000	108
81090000	109
81100000	110
81110000	111
81120000	112
81130000	113
81140000	114
81150000	115
81160000	116
81170000	117
81180000	118
81190000	119
81200000	120
81210000	121
81220000	122
81230000	123
81240000	124
81250000	125
81260000	126
81270000	127
81280000	128
81290000	129
81300000	130
81310000	131
81320000	132
81330000	133
81340000	134
81350000	135
81360000	136
81370000	137
81380000	138
81390000	139
81400000	140
81410000	141
81420000	142
81430000	143
81440000	144
81450000	145
81460000	146
81470000	147
81480000	148
81490000	149
81500000	150
81510000	151
81520000	152
81530000	153
81540000	154
81550000	155
81560000	156
81570000	157
81580000	158
81590000	159
81600000	160
81610000	161
81620000	162
81630000	163
81640000	164
81650000	165
81660000	166
81670000	167
81680000	168
81690000	169
81700000	170
81710000	171
81720000	172
81730000	173
81740000	174
81750000	175
81760000	176
81770000	177
81780000	178
81790000	179
81800000	180
81810000	181
81820000	182
81830000	183
81840000	184
81850000	185
81860000	186
81870000	187
81880000	188
81890000	189
81900000	190
81910000	191
81920000	192
81930000	193
81940000	194
81950000	195
81960000	196
81970000	197
81980000	198
81990000	199
82000000	200
82010000	201
82020000	202
82030000	203
82040000	204
82050000	205
82060000	206
82070000	207
82080000	208
82090000	209
82100000	210
82110000	211
82120000	212
82130000	213
82140000	214
82150000	215
82160000	216
82170000	217
82180000	218
82190000	219
82200000	220
82210000	221
82220000	222
82230000	223
82240000	224
82250000	225
82260000	226
82270000	227
82280000	228
82290000	229
82300000	230
82310000	231
82320000	232
82330000	233
82340000	234
82350000	235
82360000	236
82370000	237
82380000	238
82390000	239
82400000	240
82410000	241
82420000	242
82430000	243
82440000	244
82450000	245
82460000	246
82470000	247
82480000	248
82490000	249
82500000	250
82510000	251
82520000	252
82530000	253
82540000	254
82550000	255
82560000	256
82570000	257
82580000	258
82590000	259
82600000	260
82610000	261
82620000	262
82630000	263
82640000	264
82650000	265
82660000	266
82670000	267
82680000	268
82690000	269
82700000	270
82710000	271
82720000	272
82730000	273
82740000	274
82750000	275
82760000	276
82770000	277
82780000	278
82790000	279
82800000	280
82810000	281
82820000	282
82830000	283
82840000	284
82850000	285
82860000	286
82870000	287
82880000	288
82890000	289
82900000	290
82910000	291
82920000	292
82930000	293
82940000	294
82950000	295
82960000	296
82970000	297
82980000	298
82990000	299
83000000	300
83010000	301
83020000	302
83030000	303
83040000	304
83050000	305
83060000	306
83070000	307
83080000	308
83090000	309
83100000	310
83110000	311
83120000	312
83130000	313
83140000	314
83150000	315
83160000	316
83170000	317
83180000	318
83190000	319
83200000	320
83210000	321
83220000	322
83230000	323
83240000	324
83250000	325
83260000	326
83270000	327
83280000	328
83290000	329
83300000	330
83310000	331
83320000	332
83330000	333
83340000	334
83350000	335
83360000	336
83370000	337
83380000	338
83390000	339
83400000	340
83410000	341
83420000	342
83430000	343
83440000	344
83450000	345
83460000	346
83470000	347
83480000	348
83490000	349
83500000	350
83510000	351
83520000	352
83530000	353
83540000	354
83550000	355
83560000	356
83570000	357
83580000	358
83590000	359
83600000	360
83610000	361
83620000	362
83630000	363
83640000	364
83650000	365
83660000	366
83670000	367
83680000	368
83690000	369
83700000	370
83710000	371
83720000	372
83730000	373
83740000	374
83750000	375
83760000	376
83770000	377
83780000	378
83790000	379
83800000	380
83810000	381
83820000	382
83830000	383
83840000	384
83850000	385
83860000	386
83870000	387
83880000	388
83890000	389
83900000	390
83910000	391
83920000	392
83930000	393
83940000	394
83950000	395
83960000	396
83970000	397
83980000	398
83990000	399
84000000	400
84010000	401
84020000	402
84030000	403
84040000	404
84050000	405
84060000	406
84070000	407
84080000	408
84090000	409
84100000	410
84110000	411
84120000	412
84130000	413
84140000	414
84150000	415
84160000	416
84170000	417
84180000	418
84190000	419
84200000	420
84210000	421
84220000	422
84230000	423
84240000	424
84250000	425
84260000	426
84270000	427
84280000	428
84290000	429
84300000	430
84310000	431
84320000	432
84330000	433
84340000	434
84350000	435
84360000	436
84370000	437
84380000	438
84390000	439
84400000	440
84410000	441
84420000	442
84430000	443
84440000	444
84450000	445
84460000	446
84470000	447
84480000	448
84490000	449
84500000	450
84510000	451
84520000	452
84530000	453
84540000	454
84550000	455
84560000	456
84570000	457
84580000	458
84590000	459
84600000	460
84610000	461
84620000	462
84630000	463
84640000	464
84650000	465
84660000	466
84670000	467
84680000	468
84690000	469
84700000	470
84710000	471
84720000	472
84730000	473
84740000	474
84750000	475
84760000	476
84770000	477
84780000	478
84790000	479
84800000	480
84810000	481
84820000	482
84830000	483
84840000	484
84850000	485
84860000	486
84870000	487
84880000	488
84890000	489
84900000	490
84910000	491
84920000	492
84930000	493
84940000	494
84950000	495
84960000	496
84970000	497
84980000	498
84990000	499
85000000	500
85010000	501
85020000	502
85030000	503
85040000	504
85050000	505
85060000	506
85070000	507
85080000	508
85090000	509
85100000	510
85110000	511
85120000	512
85130000	513
85140000	514
85150000	515
85160000	516
85170000	517
85180000	518
85190000	519
85200000	520
85210000	521
85220000	522
85230000	523
85240000	524
85250000	525
85260000	526
85270000	527
85280000	528
85290000	529
85300000	530
85310000	531
85320000	532
85330000	533
85340000	534
85350000	535
85360000	536
85370000	537
85380000	538
85390000	539
85400000	540
85410000	541
85420000	542
85430000	543
85440000	544
85450000	545
85460000	546
85470000	547
85480000	548
85490000	549
85500000	550
85510000	551
85520000	552
85530000	553
85540000	554
85550000	555
85560000	556
85570000	557
85580000	558
85590000	559
85600000	560
85610000	561
85620000	562
85630000	563
85640000	564
85650000	565
85660000	566
85670000	567
85680000	568
85690000	569
85700000	570
85710000	571
85720000	572
85730000	573
85740000	574
85750000	575
85760000	576
85770000	577
85780000	578
85790000	579
85800000	580
85810000	581
85820000	582
85830000	583
85840000	584
85850000	585
85860000	586
85870000	587
85880000	588
85890000	589
85900000	590
85910000	591
85920000	592
85930000	593
85940000	594
85950000	595
85960000	596
85970000	597
85980000	598
85990000	599
86000000	600
86010000	601
86020000	602
86030000	603
86040000	604
86050000	605
86060000	606
86070000	607
86080000	608
86090000	609
86100000	610
86110000	611
86120000	612
86130000	613
86140000	614
86150000	615
86160000	616
86170000	617
86180000	618
86190000	619
86200000	620
86210000	621
86220000	622
86230000	623
86240000	624
86250000	625
86260000	626
86270000	627
86280000	628
86290000	629
86300000	630
86310000	631
86320000	632
86330000	633
86340000	634
86350000	635
86360000	636
86370000	637
86380000	638
86390000	639
86400000	640
86410000	641
86420000	642
86430000	643
86440000	644
86450000	645
86460000	646
86470000	647
86480000	648
86490000	649
86500000	650
86510000	651
86520000	652
86530000	653
86540000	654
86550000	655
86560000	656
86570000	657
86580000	658
86590000	659
86600000	660
86610000	661
86620000	662
86630000	663
86640000	664
86650000	665
86660000	666
86670000	667
86680000	668
86690000	669
86700000	670
86710000	671
86720000	672
86730000	673
86740000	674
86750000	675
86760000	676
86910000	677
86920000	678
86930000	679
86940000	680
86950000	681
86960000	682
86970000	683
86980000	684
86990000	685
87000000	686
87010000	687
87020000	688
87030000	689
87040000	690
87050000	691
87060000	692
87070000	693
87080000	694
87090000	695
87100000	696
87110000	697
87120000	698
87130000	699
87140000	700
87150000	701
87160000	702
87170000	703
87180000	704
87190000	705
87200000	706
87210000	707
87220000	708
87230000	709
87240000	710
87250000	711
87260000	712
87270000	713
87280000	714
87290000	715
87300000	716
87310000	717
87320000	718
87330000	719
87340000	720
87350000	721
87360000	722
87370000	723
87380000	724
87390000	725
87400000	726
87410000	727
87420000	728
87430000	729
87440000	730
87450000	731
87460000	732
87470000	733
87480000	734
87490000	735
87500000	736
87510000	737
87520000	738
87530000	739
87540000	740
87550000	741
87560000	742
87570000	743
87580000	744
87590000	745
87600000	746
87610000	747
87620000	748
87630000	749
87640000	750
87650000	751
87660000	752
87670000	753
87680000	754
87690000	755
87700000	756
87710000	757
87720000	758
87730000	759
87740000	760
87750000	761
87760000	762
87770000	763
87780000	764
87790000	765
87800000	766
87810000	767
87820000	768
87830000	769
87840000	770
87850000	771
87860000	772
87870000	773
87880000	774
87890000	775
87900000	776
87910000	777
87920000	778
87930000	779
87940000	780
87950000	781
87960000	782
87970000	783
87980000	784
87990000	785
88000000	786
88010000	787
88020000	788
88030000	789
88040000	790
88050000	791
88060000	792
88070000	793
88080000	794
88090000	795
88100000	796
88110000	797
88120000	798
88130000	799
88140000	800
88150000	801
88160000	802
88170000	803
88180000	804
88190000	805
88200000	806
88210000	807
88220000	808
88230000	809
88240000	810
88250000	811
88260000	812
88270000	813
88280000	814
88290000	815
88300000	816
88310000	817
88320000	818
88330000	819
88340000	820
88350000	821
88360000	822
88370000	823
88380000	824
88390000	825
88400000	826
88410000	827
88420000	828
88430000	829
88440000	830
88450000	831
88460000	832
88470000	833
88480000	834
88490000	835
88500000	836
88510000	837
88520000	838
88530000	839
88540000	840
88550000	841
88560000	842
88570000	843
88580000	844
88590000	845
88600000	846
88610000	847
88620000	848
88630000	849
88640000	850
88650000	851
88660000	852
88670000	853
88680000	854
88690000	855
88700000	856
88710000	857
88720000	858
88730000	859
88740000	860
88750000	861
88760000	862
88770000	863
88780000	864
88790000	865
88800000	866
88810000	867
88820000	868
88830000	869
88840000	870
88850000	871
88860000	872
88870000	873
88880000	874
88890000	875
88900000	876
88910000	877
88920000	878
88930000	879
88940000	880
88950000	881
88960000	882
88970000	883
88980000	884
88990000	885
89000000	886
89010000	887
89020000	888
89030000	889
89040000	890
89050000	891
89060000	892
89070000	893
89080000	894
89090000	895
89100000	896
89110000	897
89120000	898
89130000	899
89140000	900
89150000	901
89160000	902
89170000	903
89180000	904
89190000	905
89200000	906
89210000	907
89220000	908
89230000	909
89240000	910
89250000	911
89260000	912
89270000	913
89280000	914
89290000	915
89300000	916
89310000	917
89320000	918
89330000	919
89340000	920
89350000	921
89360000	922
89370000	923
89380000	924
89390000	925
89400000	926
89410000	927
89420000	928
89430000	929
89440000	930
89450000	931
89460000	932
89470000	933
89480000	934
89490000	935
89500000	936
89510000	937
89520000	938
89530000	939
89540000	940
89550000	941
89560000	942
89570000	943
89580000	944
89590000	945
89600000	946
89610000	947
89620000	948
89630000	949
89640000	950
89650000	951
89660000	952
89670000	953
89680000	954
89690000	955
89700000	956
89710000	957
89720000	958
89730000	959
89740000	960
89750000	961
89760000	962
89770000	963
89780000	964
89790000	965
89800000	966
89810000	967
89820000	968
89830000	969
89840000	970
89850000	971
89860000	972
89870000	973
89880000	974
89890000	975
89900000	976
89910000	977
89920000	978
89930000	979
89940000	980
89950000	981
89960000	982
89970000	983
89980000	984
89990000	985
90000000	986
